,x_train,y_train,x_test,y_pred,y_std
0,[ 1.14758325  1.54160617 -0.27014606],[1.09451768],[-3.14159265 -9.42477796 -1.        ],[9.15287673],[0.62314768]
1,[2.01736328 2.53179579 0.64149326],[4.14403517],[-3.07812614 -9.23437841 -0.97979798],[8.88722741],[0.53516421]
2,[-1.17437258 -5.23025493  0.79168619],[1.31062643],[-3.01465962 -9.04397885 -0.95959596],[8.61612745],[0.47017063]
3,[-0.72258758 -7.70412536  0.72277719],[0.46117683],[-2.9511931  -8.8535793  -0.93939394],[8.34032822],[0.4257504]
4,[-1.62178911  4.39410845 -0.30558018],[2.67530238],[-2.88772658 -8.66317974 -0.91919192],[8.06057623],[0.39801124]
5,[ 2.22350464 -1.19457245 -0.39186447],[4.88965739],[-2.82426006 -8.47278019 -0.8989899 ],[7.77761042],[0.38211098]
6,[ 1.10386033e-01 -5.31104079e+00 -2.67131298e-03],[-0.14473623],[-2.76079354 -8.28238063 -0.87878788],[7.49215963],[0.37325436]
7,[-2.05788702  7.43001626  0.75788908],[4.20548476],[-2.69732703 -8.09198108 -0.85858586],[7.20494036],[0.36751352]
8,[-0.91227498 -3.40992102  0.59809626],[0.69756806],[-2.63386051 -7.90158152 -0.83838384],[6.91665469],[0.36213101]
9,[ 2.93686332 -4.63975694  0.85938286],[8.65231587],[-2.57039399 -7.71118197 -0.81818182],[6.62798851],[0.35542447]
10,[ 0.29871478  3.57914015 -0.56317689],[0.11798859],[-2.50692747 -7.52078241 -0.7979798 ],[6.33960992],[0.34653791]
11,[-2.13101813  0.17705312 -0.59512849],[4.53238362],[-2.44346095 -7.33038286 -0.77777778],[6.05216785],[0.33519334]
12,[2.67410097 0.36354227 0.51024133],[7.19563088],[-2.37999443 -7.1399833  -0.75757576],[5.76629096],[0.32149505]
13,[ 2.09034295  8.83219519 -0.34495217],[4.18496098],[-2.31652792 -6.94958375 -0.73737374],[5.48258658],[0.30579029]
14,[-0.97819914  8.0410156   0.69298679],[0.97966911],[-2.2530614  -6.75918419 -0.71717172],[5.20164],[0.28857356]
15,[ 0.06018528 -4.23385929  0.71745271],[0.03111478],[-2.18959488 -6.56878464 -0.6969697 ],[4.92401374],[0.27042188]
16,[-1.76592517 -0.34821715  0.18187683],[2.9677059],[-2.12612836 -6.37838508 -0.67676768],[4.65024711],[0.25194963]
17,[ 1.61073313 -4.59318808  0.2088089 ],[2.43026256],[-2.06266184 -6.18798553 -0.65656566],[4.38085574],[0.23377573]
18,[ 2.01203139 -6.25504869 -0.64029767],[4.15163317],[-1.99919533 -5.99758598 -0.63636364],[4.1163313],[0.21649567]
19,[ 0.09068474 -4.73529378 -0.91908497],[-0.00534346],[-1.93572881 -5.80718642 -0.61616162],[3.85714127],[0.20065326]
20,[ 2.83685901  6.64150407 -0.20387373],[8.03827651],[-1.87226229 -5.61678687 -0.5959596 ],[3.60372877],[0.18670815]
21,[ 0.03898767 -6.36086484 -0.17570686],[-0.09595664],[-1.80879577 -5.42638731 -0.57575758],[3.35651239],[0.17499828]
22,[ 2.66158948 -0.52209086 -0.57977757],[7.13142536],[-1.74532925 -5.23598776 -0.55555556],[3.1158861],[0.16570256]
23,[-0.40309534  5.61580822 -0.59816538],[0.14781316],[-1.68186273 -5.0455882  -0.53535354],[2.88221918],[0.15881677]
24,[ 0.56130907 -2.88332464  0.1182369 ],[0.2385637],[-1.61839622 -4.85518865 -0.51515152],[2.65585611],[0.15415713]
25,[-0.95325142 -6.48725226 -0.21575489],[0.97092957],[-1.5549297  -4.66478909 -0.49494949],[2.43711651],[0.1513979]
26,[-2.51720973 -2.59972172 -0.92211439],[6.17277595],[-1.49146318 -4.47438954 -0.47474747],[2.22629508],[0.15013396]
27,[-0.25469188  6.95139825 -0.18272175],[0.07048813],[-1.42799666 -4.28398998 -0.45454545],[2.02366153],[0.1499487]
28,[-0.01846736 -6.24478134 -0.8025037 ],[0.07917767],[-1.36453014 -4.09359043 -0.43434343],[1.82946053],[0.1504668]
29,[ 2.88922385 -2.25163154  0.37745906],[8.33811446],[-1.30106362 -3.90319087 -0.41414141],[1.64391165],[0.15138567]
30,[-1.90673002  4.88754933 -0.47764885],[3.79358801],[-1.23759711 -3.71279132 -0.39393939],[1.46720944],[0.1524845]
31,[-1.00374223  8.78328604 -0.24996837],[1.00106593],[-1.17413059 -3.52239176 -0.37373737],[1.29952337],[0.15361935]
32,[-1.14213704 -5.99437926 -0.98564075],[1.12259377],[-1.11066407 -3.33199221 -0.35353535],[1.14099801],[0.15470937]
33,[ 0.85290206 -7.82650614  0.62566675],[0.88907651],[-1.04719755 -3.14159265 -0.33333333],[0.99175317],[0.15572138]
34,[1.92769933 4.49275177 0.42867099],[3.68352034],[-0.98373103 -2.9511931  -0.31313131],[0.8518842],[0.15665237]
35,[-2.05995212  5.56215362  0.04977806],[4.14536656],[-0.92026451 -2.76079354 -0.29292929],[0.72146234],[0.1575159]
36,[0.4731109  0.94784704 0.2330395 ],[0.29002646],[-0.856798   -2.57039399 -0.27272727],[0.60053526],[0.15832981]
37,[-1.41122982 -7.38326659  0.19720641],[1.99175963],[-0.79333148 -2.37999443 -0.25252525],[0.4891277],[0.15910777]
38,[-3.08812676 -1.86302223 -0.96858171],[9.4413449],[-0.72986496 -2.18959488 -0.23232323],[0.38724229],[0.15985372]
39,[1.14636405 0.71841729 0.16586455],[1.41917768],[-0.66639844 -1.99919533 -0.21212121],[0.29486055],[0.1605601]
40,[-2.35094575 -8.95015265 -0.89407651],[5.38616535],[-0.60293192 -1.80879577 -0.19191919],[0.21194407],[0.16120767]
41,[2.32436662 5.97344883 0.26686969],[5.28855878],[-0.53946541 -1.61839622 -0.17171717],[0.13843584],[0.16176826]
42,[ 0.88212428 -0.21694097 -0.9660958 ],[0.83453372],[-0.47599889 -1.42799666 -0.15151515],[0.07426183],[0.16220855]
43,[-0.37388966 -0.08741835  0.88401673],[0.17918835],[-0.41253237 -1.23759711 -0.13131313],[0.01933272],[0.16249428]
44,[-0.37981285 -6.59581364  0.83578601],[0.16381331],[-0.34906585 -1.04719755 -0.11111111],[-0.02645416],[0.1625946]
45,[ 3.06064269  7.7123316  -0.03986516],[9.38663516],[-0.28559933 -0.856798   -0.09090909],[-0.06321276],[0.16248596]
46,[1.2469618  3.18868091 0.02763022],[1.51564503],[-0.22213281 -0.66639844 -0.07070707],[-0.09106605],[0.16215485]
47,[ 1.76381047  5.57002273 -0.83308588],[3.10370847],[-0.1586663  -0.47599889 -0.05050505],[-0.11014366],[0.16160011]
48,[ 2.52756746 -3.64074584 -0.40637502],[6.51240799],[-0.09519978 -0.28559933 -0.03030303],[-0.12057938],[0.16083371]
49,[-1.56225343  6.85749318 -0.47547635],[2.57464518],[-0.03173326 -0.09519978 -0.01010101],[-0.1225086],[0.15988071]
50,[ 1.88605147 -6.98616448  0.79796296],[3.53291393],[0.03173326 0.09519978 0.01010101],[-0.11606577],[0.158778]
51,[ 2.1749766  -4.3104479  -0.00784289],[4.66055174],[0.09519978 0.28559933 0.03030303],[-0.10138174],[0.15757246]
52,[1.05315755 5.2650249  0.63761862],[0.98911934],[0.1586663  0.47599889 0.05050505],[-0.0785813],[0.15631781]
53,[ 0.52375404  4.79747392 -0.91634516],[0.23535921],[0.22213281 0.66639844 0.07070707],[-0.04778068],[0.15507111]
54,[-0.99117343 -7.26394721 -0.2241639 ],[0.98585951],[0.28559933 0.856798   0.09090909],[-0.00908523],[0.15388901]
55,[ 1.07030529 -0.69338561  0.92819995],[1.1083759],[0.34906585 1.04719755 0.11111111],[0.03741262],[0.15282245]
56,[-3.05302988 -3.88426928 -0.69808451],[9.33205081],[0.41253237 1.23759711 0.13131313],[0.09163537],[0.15191377]
57,[0.49192621 8.51125938 0.47315966],[0.2620114],[0.47599889 1.42799666 0.15151515],[0.15352193],[0.15119125]
58,[-1.81477776  1.78918636  0.86447486],[3.2116374],[0.53946541 1.61839622 0.17171717],[0.22302901],[0.1506671]
59,[ 2.40787136 -5.58867475  0.09132006],[5.75686069],[0.60293192 1.80879577 0.19191919],[0.30013195],[0.15033499]
60,[ 0.14605132  6.3058474  -0.70092192],[-0.01916065],[0.66639844 1.99919533 0.21212121],[0.3848253],[0.1501698]
61,[2.15033496 5.95189735 0.49566696],[4.62874126],[0.72986496 2.18959488 0.23232323],[0.47712285],[0.15012825]
62,[ 0.74807768  1.70256377 -0.95075431],[0.50474969],[0.79333148 2.37999443 0.25252525],[0.57705725],[0.15015181]
63,[ 2.1940524   1.06896296 -0.51523593],[4.88250593],[0.856798   2.57039399 0.27272727],[0.68467913],[0.15016986]
64,[-2.02920017  1.75855874  0.04138543],[4.02883964],[0.92026451 2.76079354 0.29292929],[0.80005579],[0.15010487]
65,[-2.18597306 -4.28080972 -0.50731712],[4.80559547],[0.98373103 2.9511931  0.31313131],[0.92326925],[0.14987795]
66,[2.48827798 6.84140548 0.23314364],[6.20446353],[1.04719755 3.14159265 0.33333333],[1.05441395],[0.14941539]
67,[ 2.18057707 -8.9082355   0.01659632],[4.76322662],[1.11066407 3.33199221 0.35353535],[1.19359388],[0.14865549]
68,[-2.19449239 -0.97316847 -0.54467699],[4.69798102],[1.17413059 3.52239176 0.37373737],[1.3409193],[0.14755676]
69,[ 0.11076045 -9.12089059  0.11138346],[-0.0614597],[1.23759711 3.71279132 0.39393939],[1.49650295],[0.14610647]
70,[-1.33777285  8.42746544  0.48726153],[1.68218068],[1.30106362 3.90319087 0.41414141],[1.66045599],[0.14433175]
71,[ 0.94165494 -1.8236535   0.75282687],[0.73791075],[1.36453014 4.09359043 0.43434343],[1.83288347],[0.14231093]
72,[-1.87348317 -3.10688683  0.14035662],[3.30289576],[1.42799666 4.28398998 0.45454545],[2.01387957],[0.14018767]
73,[-1.05734912 -3.94464976 -0.72226759],[1.08448802],[1.49146318 4.47438954 0.47474747],[2.20352261],[0.13818583]
74,[0.67323867 6.10743575 0.86917616],[0.4473974],[1.5549297  4.66478909 0.49494949],[2.40186991],[0.13662235]
75,[-2.9299472   9.09469086  0.12785796],[8.46029833],[1.61839622 4.85518865 0.51515152],[2.60895247],[0.13591446]
76,[-2.87261028 -8.50261891 -0.1412142 ],[8.1317923],[1.68186273 5.0455882  0.53535354],[2.8247698],[0.13657221]
77,[ 1.51850408  4.7443887  -0.87849576],[2.3263153],[1.74532925 5.23598776 0.55555556],[3.04928462],[0.13916847]
78,[-2.5255376   4.58907389  0.86230217],[6.38267835],[1.80879577 5.42638731 0.57575758],[3.28241789],[0.14428461]
79,[2.48484629 3.07455434 0.60828863],[6.12547791],[1.87226229 5.61678687 0.5959596 ],[3.52404397],[0.15244422]
80,[-0.9432965  -6.97125647  0.61691391],[0.64295681],[1.93572881 5.80718642 0.61616162],[3.7739861],[0.16406228]
81,[ 2.2089621   3.06486409 -0.56054808],[4.83590655],[1.99919533 5.99758598 0.63636364],[4.03201231],[0.17943357]
82,[ 0.30466649 -2.84237217 -0.9221533 ],[0.23285485],[2.06266184 6.18798553 0.65656566],[4.29783175],[0.19876466]
83,[ 1.29405099  6.64789964 -0.54100038],[1.67143306],[2.12612836 6.37838508 0.67676768],[4.57109165],[0.2222311]
84,[-0.0697684  -5.45944252 -0.37688136],[-0.0574959],[2.18959488 6.56878464 0.6969697 ],[4.85137475],[0.25003587]
85,[-0.88349405 -1.28371252 -0.08386353],[0.6764446],[2.2530614  6.75918419 0.71717172],[5.13819753],[0.28245485]
86,[ 0.51737231 -6.68490821 -0.60929919],[0.31953592],[2.31652792 6.94958375 0.73737374],[5.43100904],[0.31986567]
87,[-1.99413926  4.21768708 -0.80208762],[4.2240602],[2.37999443 7.1399833  0.75757576],[5.72919056],[0.36276138]
88,[ 2.44114867 -9.07478495  0.6860508 ],[5.99037741],[2.44346095 7.33038286 0.77777778],[6.03205606],[0.41175334]
89,[-1.24446085  3.61646382 -0.95183737],[1.49541008],[2.50692747 7.52078241 0.7979798 ],[6.33885333],[0.46756555]
90,[0.36249154 6.31604443 0.1117566 ],[0.04511326],[2.57039399 7.71118197 0.81818182],[6.64876612],[0.53102304]
91,[-2.03866678 -6.2307362   0.27768819],[4.23911407],[2.63386051 7.90158152 0.83838384],[6.96091694],[0.60303664]
92,[1.2387961  1.85683308 0.86823197],[1.65393104],[2.69732703 8.09198108 0.85858586],[7.27437073],[0.6845846]
93,[ 1.87737386  9.34513745 -0.81566275],[3.41651496],[2.76079354 8.28238063 0.87878788],[7.58813931],[0.7766935]
94,[-0.13923706 -8.30532229  0.10746827],[0.02320226],[2.82426006 8.47278019 0.8989899 ],[7.9011865],[0.88041916]
95,[-1.71832451  3.89080096 -0.789194  ],[2.85956325],[2.88772658 8.66317974 0.91919192],[8.21243408],[0.99682819]
96,[0.77187336 7.72206995 0.59599336],[0.57266649],[2.9511931  8.8535793  0.93939394],[8.52076823],[1.12698131]
97,[-0.18013764 -9.25319642  0.09258117],[0.04356898],[3.01465962 9.04397885 0.95959596],[8.82504664],[1.27191793]
98,[-0.94573701  3.31335479 -0.63727933],[0.79758448],[3.07812614 9.23437841 0.97979798],[9.1241061],[1.43264256]
99,[ 1.04541665 -5.93179522 -0.78456128],[0.97547091],[3.14159265 9.42477796 1.        ],[9.41677054],[1.61011254]
