,x_train,y_train,x_test,y_pred,y_std,score
0,[4.64710217 4.31663163 0.04020397],[23.19704249],[-9.42477796 -9.42477796 -1.        ],[78.72893457],[0.84429742],0.979480684621348
1,[-0.82885192 -0.43017173 -0.89175945],[2.58919015],[-9.23437841 -9.23437841 -0.97979798],[76.19809185],[0.80188648],
2,[-1.95168962 -7.25421865 -0.83368525],[3.6365347],[-9.04397885 -9.04397885 -0.95959596],[73.67390083],[0.76092545],
3,[ 6.20852111 -5.79875695  0.94645418],[39.26950312],[-8.8535793  -8.8535793  -0.93939394],[71.15865984],[0.72142172],
4,[ 5.31503577  3.51159958 -0.46694316],[29.68100057],[-8.66317974 -8.66317974 -0.91919192],[68.65466905],[0.68338222],
5,[-7.51042491 -0.6689076   0.60192554],[55.95575182],[-8.47278019 -8.47278019 -0.8989899 ],[66.16422776],[0.64681345],
6,[-3.60784385  4.68259882  0.21675183],[13.36782836],[-8.28238063 -8.28238063 -0.87878788],[63.68963188],[0.61172158],
7,[ 6.70591138 -6.40644506  0.11701883],[45.23380871],[-8.09198108 -8.09198108 -0.85858586],[61.23317122],[0.57811249],
8,[-8.68675734 -3.28471723  0.32750168],[74.67409394],[-7.90158152 -7.90158152 -0.83838384],[58.79712686],[0.54599182],
9,[5.09575741 4.85416249 0.05172042],[27.31002311],[-7.71118197 -7.71118197 -0.81818182],[56.38376849],[0.51536499],
10,[ 0.83261474  5.19949823 -0.46646471],[2.08098457],[-7.52078241 -7.52078241 -0.7979798 ],[53.99535178],[0.48623719],
11,[7.94588065 5.25896622 0.85729598],[64.21306644],[-7.33038286 -7.33038286 -0.77777778],[51.6341157],[0.4586133],
12,[ 7.23888916 -7.22224695  0.71288307],[51.07039724],[-7.1399833  -7.1399833  -0.75757576],[49.30227989],[0.43249773],
13,[ 1.85766643  8.37477434 -0.03995675],[4.55488581],[-6.94958375 -6.94958375 -0.73737374],[47.00204203],[0.4078942],
14,[ 8.181195    6.44025621 -0.72700118],[67.21474875],[-6.75918419 -6.75918419 -0.71717172],[44.7355752],[0.38480534],
15,[ 1.1092715  -3.24692827 -0.62977444],[0.2939892],[-6.56878464 -6.56878464 -0.6969697 ],[42.5050253],[0.36323215],
16,[-3.64007919 -5.56684117 -0.32447852],[10.97688265],[-6.37838508 -6.37838508 -0.67676768],[40.31250846],[0.34317333],
17,[2.41762422 7.52549915 0.40492909],[4.61246914],[-6.18798553 -6.18798553 -0.65656566],[38.16010853],[0.32462429],
18,[0.71281315 7.26945866 0.33773189],[0.07788261],[-5.99758598 -5.99758598 -0.63636364],[36.04987448],[0.30757608],
19,[-1.38931899  2.82609602 -0.30849985],[2.47929885],[-5.80718642 -5.80718642 -0.61616162],[33.98381797],[0.29201404],
20,[2.97090351 7.78082869 0.10340366],[7.5238887],[-5.61678687 -5.61678687 -0.5959596 ],[31.9639109],[0.27791644],
21,[-2.79411521  7.74965007 -0.34381823],[9.05877245],[-5.42638731 -5.42638731 -0.57575758],[29.99208299],[0.26525297],
22,[ 8.77221278 -7.18915534 -0.0622291 ],[76.10056736],[-5.23598776 -5.23598776 -0.55555556],[28.07021939],[0.25398355],
23,[-1.75706455 -6.60493175 -0.42579875],[1.36798786],[-5.0455882  -5.0455882  -0.53535354],[26.20015843],[0.24405727],
24,[4.25775484 8.08532179 0.68614412],[18.1278972],[-4.85518865 -4.85518865 -0.51515152],[24.3836893],[0.23541201],
25,[-3.85206775  4.37060142 -0.36809746],[15.14003969],[-4.66478909 -4.66478909 -0.49494949],[22.62254986],[0.22797465],
26,[-3.68596557  2.26402688 -0.99155071],[14.70561342],[-4.47438954 -4.47438954 -0.47474747],[20.91842452],[0.22166202],
27,[-1.68715074 -6.72025841 -0.46723549],[2.8649165],[-4.28398998 -4.28398998 -0.45454545],[19.27294212],[0.21638263],
28,[-7.49118055 -5.54669835  0.79717267],[55.92086592],[-4.09359043 -4.09359043 -0.43434343],[17.68767394],[0.21203899],
29,[-0.63057831 -5.9999623  -0.00810708],[0.69678417],[-3.90319087 -3.90319087 -0.41414141],[16.16413171],[0.20853027],
30,[-1.20713888 -3.34685591 -0.95860614],[0.95530826],[-3.71279132 -3.71279132 -0.39393939],[14.7037658],[0.20575515],
31,[-0.97455069  1.74253867  0.31346261],[-0.73983541],[-3.52239176 -3.52239176 -0.37373737],[13.30796335],[0.20361449],
32,[-8.46236139 -0.54357168 -0.21863084],[73.73745348],[-3.33199221 -3.33199221 -0.35353535],[11.97804659],[0.2020136],
33,[-3.27298218 -1.28631312 -0.09516878],[10.88342773],[-3.14159265 -3.14159265 -0.33333333],[10.71527116],[0.2008641],
34,[-0.21431397  6.32404559 -0.50406162],[0.24672799],[-2.9511931  -2.9511931  -0.31313131],[9.5208246],[0.20008516],
35,[-0.89486351 -2.67412156 -0.31763263],[1.34887954],[-2.76079354 -2.76079354 -0.29292929],[8.39582482],[0.19960421],
36,[5.0216536  3.61731383 0.44569605],[25.8713344],[-2.57039399 -2.57039399 -0.27272727],[7.34131874],[0.1993572],
37,[2.00060577 3.399698   0.07431817],[5.30194536],[-2.37999443 -2.37999443 -0.25252525],[6.35828099],[0.19928845],
38,[6.91729238 2.06862477 0.149188  ],[46.61068865],[-2.18959488 -2.18959488 -0.23232323],[5.4476127],[0.19935022],
39,[-9.03450669  2.85740541 -0.67381401],[82.7044137],[-1.99919533 -1.99919533 -0.21212121],[4.61014039],[0.19950209],
40,[-3.9561263   0.67847998 -0.41213444],[16.02363409],[-1.80879577 -1.80879577 -0.19191919],[3.84661494],[0.1997102],
41,[-2.12384771  6.48736884  0.99036525],[3.08046279],[-1.61839622 -1.61839622 -0.17171717],[3.15771071],[0.19994647],
42,[0.13814277 2.89566835 0.46110751],[-0.42134586],[-1.42799666 -1.42799666 -0.15151515],[2.54402467],[0.20018783],
43,[-1.0437193  -6.40672553  0.01247807],[1.01301322],[-1.23759711 -1.23759711 -0.13131313],[2.00607572],[0.2004154],
44,[-4.91780373 -3.53130479  0.84532676],[24.41299388],[-1.04719755 -1.04719755 -0.11111111],[1.54430403],[0.20061383],
45,[-8.49661008  3.00356059  0.9139934 ],[71.73305336],[-0.856798   -0.856798   -0.09090909],[1.15907056],[0.20077069],
46,[ 6.91224375 -7.11607879  0.48719049],[46.90487578],[-0.66639844 -0.66639844 -0.07070707],[0.85065664],[0.20087588],
47,[ 8.10863893 -2.05974298  0.52726805],[66.83231312],[-0.47599889 -0.47599889 -0.05050505],[0.61926361],[0.20092122],
48,[ 4.4123936   0.34255572 -0.2603319 ],[19.06087794],[-0.28559933 -0.28559933 -0.03030303],[0.46501269],[0.20090009],
49,[-0.10251462 -5.44866156  0.34828136],[-1.07428384],[-0.09519978 -0.09519978 -0.01010101],[0.38794481],[0.20080717],
50,[-5.91076788 -5.69054867  0.68686364],[35.20197356],[0.09519978 0.09519978 0.01010101],[0.38802066],[0.20063831],
51,[ 7.78604401 -2.09815422  0.96865556],[60.56645308],[0.28559933 0.28559933 0.03030303],[0.46512075],[0.20039045],
52,[ 4.59275827  9.17427047 -0.52928189],[19.35039332],[0.47599889 0.47599889 0.05050505],[0.61904566],[0.20006171],
53,[ 9.12582975 -5.4848395  -0.99929472],[83.79938171],[0.66639844 0.66639844 0.07070707],[0.84951632],[0.19965154],
54,[-0.27048327  1.11642731 -0.10865252],[1.47223919],[0.856798   0.856798   0.09090909],[1.15617444],[0.19916096],
55,[-4.6765641  -3.35227848 -0.65070412],[21.31664464],[1.04719755 1.04719755 0.11111111],[1.53858303],[0.19859297],
56,[-1.59306213  0.18366786  0.26170736],[1.46912559],[1.23759711 1.23759711 0.13131313],[1.99622702],[0.197953],
57,[-4.3989486  -5.20510184 -0.65185376],[18.50420505],[1.42799666 1.42799666 0.15151515],[2.52851398],[0.19724955],
58,[-5.56818238  5.59076534  0.23008939],[30.44312382],[1.61839622 1.61839622 0.17171717],[3.13477491],[0.19649486],
59,[ 8.80457931 -4.13225266 -0.19127573],[75.23739008],[1.80879577 1.80879577 0.19191919],[3.81426522],[0.19570576],
60,[-3.17118448  3.28190432  0.689728  ],[9.11628901],[1.99919533 1.99919533 0.21212121],[4.56616567],[0.19490461],
61,[-0.17218628  8.035102    0.89137763],[-1.01086864],[2.18959488 2.18959488 0.23232323],[5.38958354],[0.19412028],
62,[-2.46054975 -0.33775173  0.30952194],[4.07241951],[2.37999443 2.37999443 0.25252525],[6.28355378],[0.19338931],
63,[3.51168701 6.83380402 0.81008858],[12.72325159],[2.57039399 2.57039399 0.27272727],[7.24704034],[0.19275695],
64,[-2.60223439  3.53253995 -0.27307592],[5.60356565],[2.76079354 2.76079354 0.29292929],[8.27893755],[0.19227827],
65,[-9.00458605 -4.06384028  0.95315302],[82.42975485],[2.9511931  2.9511931  0.31313131],[9.37807154],[0.19201913],
66,[ 4.97210706 -0.4812229   0.50511603],[25.17888837],[3.14159265 3.14159265 0.33333333],[10.54320184],[0.19205678],
67,[ 2.97980262 -1.35437176  0.98170554],[8.31311163],[3.33199221 3.33199221 0.35353535],[11.77302301],[0.19248018],
68,[-0.3606714   2.92417578  0.14098092],[0.18710544],[3.52239176 3.52239176 0.37373737],[13.06616632],[0.19338959],
69,[-8.4573497   8.53532815  0.84073139],[71.07850579],[3.71279132 3.71279132 0.39393939],[14.42120156],[0.1948955],
70,[2.13353587 6.49332785 0.71346923],[5.44539196],[3.90319087 3.90319087 0.41414141],[15.8366389],[0.19711659],
71,[8.98336186 0.96528826 0.56396148],[79.86268719],[4.09359043 4.09359043 0.43434343],[17.31093084],[0.20017674],
72,[-6.58679729  7.34563102  0.67713406],[43.27751645],[4.28398998 4.28398998 0.45454545],[18.84247415],[0.20420127],
73,[-6.50061    -5.35064492  0.15649879],[44.42095478],[4.47438954 4.47438954 0.47474747],[20.42961201],[0.20931263],
74,[ 2.12459989  4.01447355 -0.70969753],[5.92418536],[4.66478909 4.66478909 0.49494949],[22.07063607],[0.21562595],
75,[-0.8888123  -4.62439629  0.18514847],[0.14583764],[4.85518865 4.85518865 0.51515152],[23.76378868],[0.22324511],
76,[-9.29170273 -7.21104797  0.23978391],[85.36753486],[5.0455882  5.0455882  0.53535354],[25.5072651],[0.23225966],
77,[-1.11425359  8.75482373 -0.1597511 ],[0.42696549],[5.23598776 5.23598776 0.55555556],[27.29921579],[0.24274304],
78,[ 6.69022566 -3.59846071 -0.27849785],[45.5697733],[5.42638731 5.42638731 0.57575758],[29.13774873],[0.25475213],
79,[ 0.94103115 -3.69927489 -0.40244193],[-0.4368007],[5.61678687 5.61678687 0.5959596 ],[31.02093186],[0.26832812],
80,[-8.68613715  6.97665181 -0.60511981],[74.00158667],[5.80718642 5.80718642 0.61616162],[32.94679541],[0.28349821],
81,[-4.01121547  6.11601363  0.9609232 ],[17.03171658],[5.99758598 5.99758598 0.63636364],[34.91333441],[0.30027792],
82,[-8.00837554 -3.23838284 -0.79080305],[64.58477488],[6.18798553 6.18798553 0.65656566],[36.91851116],[0.31867359],
83,[4.1381684  3.47896616 0.03217898],[16.76589955],[6.37838508 6.37838508 0.67676768],[38.96025775],[0.33868473],
84,[1.6093032  2.47125174 0.06578817],[2.16064805],[6.56878464 6.56878464 0.6969697 ],[41.0364786],[0.3603061],
85,[-0.71425889  5.4352387   0.39736127],[1.54852467],[6.75918419 6.75918419 0.71717172],[43.145053],[0.38352942],
86,[ 2.91824391  5.54220528 -0.93447991],[6.76100216],[6.94958375 6.94958375 0.73737374],[45.2838377],[0.40834467],
87,[ 7.82312061 -7.75223416  0.07569716],[60.14339089],[7.1399833  7.1399833  0.75757576],[47.45066954],[0.43474102],
88,[ 2.88190782  3.00278846 -0.10794287],[8.6127699],[7.33038286 7.33038286 0.77777778],[49.64336796],[0.46270748],
89,[ 7.87532852 -5.12597588  0.99701547],[62.25408532],[7.52078241 7.52078241 0.7979798 ],[51.85973771],[0.49223328],
90,[-6.2558579  -4.3269923  -0.77820992],[39.43924645],[7.71118197 7.71118197 0.81818182],[54.09757138],[0.52330807],
91,[-8.51799456 -4.5853694  -0.02726029],[72.14003846],[7.90158152 7.90158152 0.83838384],[56.35465203],[0.55592199],
92,[-4.62936036 -9.11633054  0.66839405],[22.64243759],[8.09198108 8.09198108 0.85858586],[58.6287558],[0.59006568],
93,[ 6.87207211 -1.40037646  0.56823405],[48.27313347],[8.28238063 8.28238063 0.87878788],[60.9176545],[0.62573018],
94,[-3.56051725  6.07546246  0.69728935],[11.36987539],[8.47278019 8.47278019 0.8989899 ],[63.21911816],[0.66290681],
95,[3.61727533 5.34416792 0.70174657],[12.3726999],[8.66317974 8.66317974 0.91919192],[65.53091764],[0.70158707],
96,[ 5.34828859 -7.90973772 -0.04864309],[29.37232403],[8.8535793  8.8535793  0.93939394],[67.85082711],[0.74176248],
97,[-8.69437901  1.59031203 -0.21484475],[76.33861201],[9.04397885 9.04397885 0.95959596],[70.17662663],[0.78342446],
98,[ 7.5133169  -7.17831839  0.43226759],[56.05455853],[9.23437841 9.23437841 0.97979798],[72.50610457],[0.82656419],
99,[7.55457826 2.98650608 0.40928375],[58.37904102],[9.42477796 9.42477796 1.        ],[74.83706013],[0.87117251],
