,x_train,y_train,x_test,y_pred,y_std
0,[-1.85026161 -8.88257734 -0.32930159],[-18.35915597],[-3.14159265 -9.42477796 -1.        ],[-2.46059388],[1.30765572]
1,[-2.14000935  4.51671706  0.64793014],[-16.53862433],[-3.07812614 -9.23437841 -0.97979798],[-3.13687763],[1.15057183]
2,[-0.96805728  1.01727736  0.10794845],[-15.89905462],[-3.01465962 -9.04397885 -0.95959596],[-3.86133144],[1.00697102]
3,[-0.61023764 -3.95889715 -0.03682322],[-11.42066535],[-2.9511931  -8.8535793  -0.93939394],[-4.63039313],[0.87638658]
4,[-0.98872871 -7.25817708  0.13510975],[-16.54361661],[-2.88772658 -8.66317974 -0.91919192],[-5.43964192],[0.75835191]
5,[ 1.97926752 -3.75365857  0.6724006 ],[17.91382084],[-2.82426006 -8.47278019 -0.8989899 ],[-6.28383386],[0.65247938]
6,[-1.41899514  6.32100778  0.89683587],[-19.03663932],[-2.76079354 -8.28238063 -0.87878788],[-7.15695912],[0.55851149]
7,[-2.15575591 -6.76969133  0.34498969],[-15.76005743],[-2.69732703 -8.09198108 -0.85858586],[-8.05232024],[0.47632994]
8,[1.38350998 0.49457359 0.93516475],[19.03125864],[-2.63386051 -7.90158152 -0.83838384],[-8.96262957],[0.40590625]
9,[ 2.82546037  3.27333565 -0.80638966],[5.71909747],[-2.57039399 -7.71118197 -0.81818182],[-9.88012319],[0.3471743]
10,[ 1.56017564 -5.74405898 -0.05201129],[19.3460743],[-2.50692747 -7.52078241 -0.7979798 ],[-10.79668788],[0.29981498]
11,[-0.99151599  4.98612674 -0.04115351],[-15.92359495],[-2.44346095 -7.33038286 -0.77777778],[-11.70399718],[0.26298996]
12,[1.99301306 2.33498094 0.87472038],[17.56045473],[-2.37999443 -7.1399833  -0.75757576],[-12.59365197],[0.23515256]
13,[1.77279682 5.28239873 0.40414229],[18.85357466],[-2.31652792 -6.94958375 -0.73737374],[-13.45732103],[0.21411453]
14,[-0.05281172 -8.41437681  0.70016882],[-1.84620381],[-2.2530614  -6.75918419 -0.71717172],[-14.28687691],[0.19742222]
15,[-3.13908886  9.30355843  0.36085677],[-0.94804525],[-2.18959488 -6.56878464 -0.6969697 ],[-15.07452266],[0.18285983]
16,[ 1.24591025 -2.25686011  0.45862934],[18.28003466],[-2.12612836 -6.37838508 -0.67676768],[-15.8129057],[0.16882494]
17,[ 1.73720648 -4.05191045 -0.6417625 ],[19.15902569],[-2.06266184 -6.18798553 -0.65656566],[-16.49521566],[0.15447277]
18,[-2.61957526  4.55780393 -0.537528  ],[-10.03792148],[-1.99919533 -5.99758598 -0.63636364],[-17.11526373],[0.13968468]
19,[1.16559253 4.21265617 0.34447549],[17.94221589],[-1.93572881 -5.80718642 -0.61616162],[-17.66754251],[0.12495294]
20,[-2.40063614  1.35828554 -0.1955081 ],[-13.15246113],[-1.87226229 -5.61678687 -0.5959596 ],[-18.14726571],[0.11122765]
21,[-1.57463839  6.79624177 -0.23280296],[-19.34475936],[-1.80879577 -5.42638731 -0.57575758],[-18.55038872],[0.09970078]
22,[-1.97095106 -1.70825494  0.12971506],[-17.75609581],[-1.74532925 -5.23598776 -0.55555556],[-18.87361138],[0.09145038]
23,[1.90175079 0.4343228  0.87256436],[18.28904013],[-1.68186273 -5.0455882  -0.53535354],[-19.11436551],[0.08694743]
24,[-0.71308033  7.7552761  -0.29093719],[-12.08206514],[-1.61839622 -4.85518865 -0.51515152],[-19.2707899],[0.08571671]
25,[-3.09130651  7.73737814 -0.31071411],[-1.69435877],[-1.5549297  -4.66478909 -0.49494949],[-19.34169616],[0.08653124]
26,[-1.48097545  0.80410724  0.91965559],[-19.27479756],[-1.49146318 -4.47438954 -0.47474747],[-19.3265286],[0.0880045]
27,[ 2.31537124 -5.01222581 -0.12144475],[14.5446314],[-1.42799666 -4.28398998 -0.45454545],[-19.22532135],[0.08908538]
28,[ 1.19473601 -4.43359714 -0.81823923],[17.85349933],[-1.36453014 -4.09359043 -0.43434343],[-19.0386553],[0.08925407]
29,[-1.06943544 -0.30465235 -0.91115528],[-16.9930532],[-1.30106362 -3.90319087 -0.41414141],[-18.76761722],[0.08851995]
30,[-0.18276573  0.61288074 -0.48891186],[-3.47201937],[-1.23759711 -3.71279132 -0.39393939],[-18.4137622],[0.0873334]
31,[3.02318705 4.54026359 0.75597254],[1.85564059],[-1.17413059 -3.52239176 -0.37373737],[-17.97908039],[0.08643888]
32,[ 0.98237388 -4.50556647  0.14485113],[15.85045262],[-1.11066407 -3.33199221 -0.35353535],[-17.46596773],[0.08665074]
33,[ 0.49748437  6.60138379 -0.832388  ],[9.78419395],[-1.04719755 -3.14159265 -0.33333333],[-16.87720004],[0.08856696]
34,[-1.46072775  8.21688135 -0.13026399],[-19.12806386],[-0.98373103 -2.9511931  -0.31313131],[-16.21590925],[0.09233324]
35,[-2.48899286 -3.52950485  0.50544551],[-11.46748871],[-0.92026451 -2.76079354 -0.29292929],[-15.48556012],[0.09760171]
36,[ 0.55742942  2.35855017 -0.38112205],[10.42925326],[-0.856798   -2.57039399 -0.27272727],[-14.68992584],[0.10369376]
37,[-2.46422624 -5.21930073 -0.79552895],[-11.72456826],[-0.79333148 -2.37999443 -0.25252525],[-13.833061],[0.10983055]
38,[1.26374286 6.99594448 0.6495511 ],[18.66038822],[-0.72986496 -2.18959488 -0.23232323],[-12.9192707],[0.1153075]
39,[-0.73429304  1.76606981 -0.05188091],[-12.84461732],[-0.66639844 -1.99919533 -0.21212121],[-11.95307533],[0.11958319]
40,[ 1.88786421  9.07884616 -0.16833947],[18.09446839],[-0.60293192 -1.80879577 -0.19191919],[-10.93917076],[0.12230655]
41,[ 1.29689598 -5.5327162   0.66199064],[18.48678162],[-0.53946541 -1.61839622 -0.17171717],[-9.88238502],[0.12331053]
42,[ 2.21703387 -2.48553088 -0.33908533],[15.59343547],[-0.47599889 -1.42799666 -0.15151515],[-8.78763268],[0.12259035]
43,[ 1.42971595  5.48496858 -0.43266938],[19.21614289],[-0.41253237 -1.23759711 -0.13131313],[-7.65986893],[0.12027537]
44,[-2.00169552  8.54827902  0.18620434],[-17.90977268],[-0.34906585 -1.04719755 -0.11111111],[-6.50404585],[0.11660009]
45,[-0.06229595  6.2195867  -0.02718334],[-0.61337066],[-0.28559933 -0.856798   -0.09090909],[-5.32507343],[0.11187777]
46,[-1.44824250e+00  6.11471732e+00  1.24317739e-05],[-19.1300108],[-0.22213281 -0.66639844 -0.07070707],[-4.12778765],[0.10647915]
47,[-1.11588686 -3.37900751 -0.04394977],[-17.53324222],[-0.1586663  -0.47599889 -0.05050505],[-2.91692789],[0.10081693]
48,[-1.71000702  5.78162864 -0.58878463],[-19.24287457],[-0.09519978 -0.28559933 -0.03030303],[-1.69712498],[0.09533325]
49,[-1.43500439  8.7181274   0.30716845],[-19.03541667],[-0.03173326 -0.09519978 -0.01010101],[-0.47290052],[0.09048292]
50,[-2.13876581  6.81841304 -0.34550135],[-16.66262665],[0.03173326 0.09519978 0.01010101],[0.75132295],[0.08670009]
51,[-0.18370708  3.12949452 -0.23822982],[-3.2416152],[0.09519978 0.28559933 0.03030303],[1.97120235],[0.08433895]
52,[ 0.9943951  -5.63156733  0.6463336 ],[15.93390145],[0.1586663  0.47599889 0.05050505],[3.18244743],[0.08359529]
53,[ 0.83242312  7.47677959 -0.49999663],[14.78734823],[0.22213281 0.66639844 0.07070707],[4.38079055],[0.08444212]
54,[-2.08267694 -7.62768645 -0.37201193],[-16.49741907],[0.28559933 0.856798   0.09090909],[5.56195638],[0.08662065]
55,[-1.61555747 -5.3584317  -0.21982559],[-19.31233265],[0.34906585 1.04719755 0.11111111],[6.72163601],[0.08969682]
56,[-2.37443457  7.49321299  0.90704702],[-13.9433124],[0.41253237 1.23759711 0.13131313],[7.85546924],[0.09315274]
57,[-2.75711291 -8.80548731  0.71698168],[-6.48802069],[0.47599889 1.42799666 0.15151515],[8.95903864],[0.09647314]
58,[ 0.36797469 -4.94711518 -0.855847  ],[6.52128987],[0.53946541 1.61839622 0.17171717],[10.02787808],[0.09920754]
59,[-0.51905488  7.88733365  0.25986827],[-8.92962411],[0.60293192 1.80879577 0.19191919],[11.05749718],[0.10100888]
60,[ 2.9904115   3.49791359 -0.71989936],[2.56630254],[0.66639844 1.99919533 0.21212121],[12.04342179],[0.1016563]
61,[-2.97663546 -5.36176298  0.270016  ],[-2.66523278],[0.72986496 2.18959488 0.23232323],[12.98124922],[0.10106799]
62,[-0.83726259 -4.08748688 -0.51597687],[-14.65804184],[0.79333148 2.37999443 0.25252525],[13.8667152],[0.09930592]
63,[ 2.60461766 -0.44892887 -0.19527685],[9.94412432],[0.856798   2.57039399 0.27272727],[14.6957685],[0.09657128]
64,[-0.24509137  2.95487338  0.99322842],[-4.41443887],[0.92026451 2.76079354 0.29292929],[15.46464812],[0.09318683]
65,[ 1.44791667  4.84741666 -0.67915038],[19.25908229],[0.98373103 2.9511931  0.31313131],[16.16995703],[0.08956073]
66,[ 2.98847505  3.07532145 -0.81614903],[2.68659129],[1.04719755 3.14159265 0.33333333],[16.80872674],[0.08612721]
67,[ 2.36568618  9.04992189 -0.29336535],[12.90621746],[1.11066407 3.33199221 0.35353535],[17.37846701],[0.08326703]
68,[-2.88326337 -2.94921699  0.60740129],[-4.66885773],[1.17413059 3.52239176 0.37373737],[17.87719609],[0.08122635]
69,[ 2.78081563  3.3548213  -0.33481581],[6.52601991],[1.23759711 3.71279132 0.39393939],[18.30344809],[0.08006979]
70,[-0.15679878  2.16762191  0.88698642],[-2.80126934],[1.30106362 3.90319087 0.41414141],[18.65625609],[0.07970038]
71,[ 0.39396423  4.14057726 -0.91622428],[7.78234177],[1.36453014 4.09359043 0.43434343],[18.9351111],[0.07994679]
72,[ 3.01575281  5.85124377 -0.54890479],[1.88227113],[1.42799666 4.28398998 0.45454545],[19.13989958],[0.08067942]
73,[ 0.2678701  -3.58559875 -0.77033069],[4.81026072],[1.49146318 4.47438954 0.47474747],[19.27082375],[0.08190257]
74,[ 2.69013605  4.98662438 -0.43477309],[8.01185767],[1.5549297  4.66478909 0.49494949],[19.32831081],[0.08378055]
75,[ 0.31073205 -0.60503432 -0.17989103],[5.85729938],[1.61839622 4.85518865 0.51515152],[19.31291867],[0.08657619]
76,[ 1.26843159 -3.29220871 -0.82763337],[18.39402637],[1.68186273 5.0455882  0.53535354],[19.22524604],[0.09051152]
77,[-8.82102080e-01  1.27240588e-04 -8.92161236e-01],[-14.95313825],[1.74532925 5.23598776 0.55555556],[19.06585558],[0.09560428]
78,[ 2.91868751 -5.16595392  0.67555398],[4.7561458],[1.80879577 5.42638731 0.57575758],[18.83521757],[0.10156114]
79,[-1.24330213 -5.28172579  0.27618014],[-18.48250281],[1.87226229 5.61678687 0.5959596 ],[18.53368094],[0.10778058]
80,[-0.97381996 -4.55065361  0.93797895],[-16.25514729],[1.93572881 5.80718642 0.61616162],[18.16147642],[0.11345728]
81,[-0.01127601  4.76872862  0.44331068],[0.23857401],[1.99919533 5.99758598 0.63636364],[17.7187546],[0.11775071]
82,[-2.45740671 -3.32512398  0.76924377],[-11.99986241],[2.06266184 6.18798553 0.65656566],[17.20565892],[0.12000318]
83,[2.8245734  7.05075665 0.5385722 ],[5.38199529],[2.12612836 6.37838508 0.67676768],[16.62243115],[0.12004154]
84,[-2.85746039 -0.37000844 -0.56725691],[-5.40678798],[2.18959488 6.56878464 0.6969697 ],[15.96954434],[0.11864169]
85,[-0.38134541 -2.89134598  0.68081497],[-7.45763653],[2.2530614  6.75918419 0.71717172],[15.24785581],[0.11820062]
86,[ 1.56455419  8.25315894 -0.26532481],[19.36245105],[2.31652792 6.94958375 0.73737374],[14.45877078],[0.12323791]
87,[-2.16235106  3.4591688   0.18270203],[-16.26233763],[2.37999443 7.1399833  0.75757576],[13.60440638],[0.13939491]
88,[-0.47306835  9.28844684 -0.87970434],[-8.03539561],[2.44346095 7.33038286 0.77777778],[12.68774447],[0.17050974]
89,[ 1.09876048  3.46924926 -0.31624876],[17.4096359],[2.50692747 7.52078241 0.7979798 ],[11.71276247],[0.21713405]
90,[-0.77671015  6.26904423 -0.30017835],[-13.13057916],[2.57039399 7.71118197 0.81818182],[10.68453185],[0.27799941]
91,[ 1.04804362 -5.36182238 -0.22087799],[16.50079817],[2.63386051 7.90158152 0.83838384],[9.60927564],[0.35159174]
92,[-1.76632566 -0.38493269  0.71811603],[-18.9735488],[2.69732703 8.09198108 0.85858586],[8.49437837],[0.43665793]
93,[-1.47855918 -8.82767533 -0.38532848],[-19.3369617],[2.76079354 8.28238063 0.87878788],[7.3483444],[0.53222477]
94,[ 1.50140487 -8.6533315   0.446052  ],[19.22110051],[2.82426006 8.47278019 0.8989899 ],[6.18070365],[0.63754623]
95,[ 1.05329595  4.02655905 -0.35497433],[17.01834596],[2.88772658 8.66317974 0.91919192],[5.00186623],[0.75207842]
96,[-2.13652644  8.23338572  0.1219946 ],[-16.75863354],[2.9511931  8.8535793  0.93939394],[3.82293081],[0.87547975]
97,[-2.4524283  -2.9982272   0.68787375],[-12.09022057],[3.01465962 9.04397885 0.95959596],[2.6554538],[1.00761755]
98,[ 0.14676616 -7.90467428  0.1717999 ],[2.07114386],[3.07812614 9.23437841 0.97979798],[1.51118855],[1.1485652]
99,[ 0.7943989   0.20671139 -0.13256254],[13.81670157],[3.14159265 9.42477796 1.        ],[0.40180561],[1.29857948]
