,x_train,y_train,x_test,y_pred,y_std,score
0,[ 4.91426838 -0.87814058 -0.30881392],[-7.05794198],[-9.42477796 -9.42477796 -1.        ],[3.57597059],[3.3455414],0.6530244516982926
1,[5.81194276 0.46554241 0.73508098],[-2.35108424],[-9.23437841 -9.23437841 -0.97979798],[3.93721623],[3.14760417],
2,[ 6.48161689 -9.42043195  0.98906404],[0.94599438],[-9.04397885 -9.04397885 -0.95959596],[4.30656983],[2.93256039],
3,[ 5.49890174  2.32632922 -0.73470586],[-2.78424978],[-8.8535793  -8.8535793  -0.93939394],[4.67925354],[2.7023584],
4,[ 2.90889825 -8.25702923 -0.11465165],[-8.8968417],[-8.66317974 -8.66317974 -0.91919192],[5.05009029],[2.45960919],
5,[ 3.0192516  -1.2287848   0.82572323],[-12.56852078],[-8.47278019 -8.47278019 -0.8989899 ],[5.41374407],[2.20758135],
6,[-5.1764929   1.96845438  0.10639807],[4.93225879],[-8.28238063 -8.28238063 -0.87878788],[5.76501332],[1.95019968],
7,[ 2.83154833  3.99987407 -0.37697856],[-11.39653872],[-8.09198108 -8.09198108 -0.85858586],[6.09916318],[1.69207853],
8,[-2.86846543  6.94665601  0.04020504],[9.13780003],[-7.90158152 -7.90158152 -0.83838384],[6.41227467],[1.43865006],
9,[ 6.52380014e-03 -7.47605482e+00 -6.12192877e-01],[2.80702661],[-7.71118197 -7.71118197 -0.81818182],[6.70158363],[1.19650566],
10,[ 5.55767897 -7.4197548  -0.70602251],[0.16347273],[-7.52078241 -7.52078241 -0.7979798 ],[6.96577742],[0.97416819],
11,[-8.84999732  0.12270976 -0.29206598],[32.28173523],[-7.33038286 -7.33038286 -0.77777778],[7.20521612],[0.78356636],
12,[ 3.34267683 -1.82591197  0.07733509],[-12.60323626],[-7.1399833  -7.1399833  -0.75757576],[7.42204595],[0.64170288],
13,[-2.1712507  -1.1377503  -0.27623068],[7.33440836],[-6.94958375 -6.94958375 -0.73737374],[7.62017812],[0.56781172],
14,[7.95123735 3.52220982 0.35770755],[-18.52596342],[-6.75918419 -6.75918419 -0.71717172],[7.80511473],[0.567924],
15,[-0.97186896 -3.68539659 -0.97964534],[3.11906875],[-6.56878464 -6.56878464 -0.6969697 ],[7.98361531],[0.62253496],
16,[ 5.56322355 -8.37717956  0.02233851],[-0.51201279],[-6.37838508 -6.37838508 -0.67676768],[8.16321198],[0.70242786],
17,[-7.37212158  7.45710301 -0.38280199],[6.27360442],[-6.18798553 -6.18798553 -0.65656566],[8.3515966],[0.78624744],
18,[ 4.7161242  -0.91926148  0.17807023],[-9.21940692],[-5.99758598 -5.99758598 -0.63636364],[8.55591821],[0.86210301],
19,[-1.49578318 -3.43869862  0.87245543],[2.46827226],[-5.80718642 -5.80718642 -0.61616162],[8.7820423],[0.92399377],
20,[ 7.40638509 -6.71487549 -0.08776424],[-6.32987764],[-5.61678687 -5.61678687 -0.5959596 ],[9.03383216],[0.96913634],
21,[ 4.8737216  -8.51166993 -0.94032265],[-4.52150694],[-5.42638731 -5.42638731 -0.57575758],[9.31251679],[0.99652958],
22,[-8.75894701  8.9572878  -0.09551999],[28.42443597],[-5.23598776 -5.23598776 -0.55555556],[9.61620787],[1.00621492],
23,[-0.20759534  4.62900258  0.37635493],[-1.71310843],[-5.0455882  -5.0455882  -0.53535354],[9.93961927],[0.99888437],
24,[-3.33996205 -2.7989503   0.16742506],[13.50439225],[-4.85518865 -4.85518865 -0.51515152],[10.27402875],[0.97566681],
25,[-1.1692701  -4.50199153  0.60328294],[1.79025156],[-4.66478909 -4.66478909 -0.49494949],[10.60750172],[0.93801158],
26,[-1.5509739   2.23966194 -0.13504433],[2.58073344],[-4.47438954 -4.47438954 -0.47474747],[10.92537496],[0.887627],
27,[ 0.457839    8.78946909 -0.9795973 ],[-1.12122175],[-4.28398998 -4.28398998 -0.45454545],[11.21097493],[0.82644901],
28,[-2.49945894  3.52375897 -0.52197389],[8.58202296],[-4.09359043 -4.09359043 -0.43434343],[11.44652401],[0.75662378],
29,[ 1.38790053 -5.13729214  0.14551583],[-1.05928081],[-3.90319087 -3.90319087 -0.41414141],[11.61417073],[0.68049425],
30,[-5.98832793 -2.78590102  0.17943516],[1.02228235],[-3.71279132 -3.71279132 -0.39393939],[11.69706818],[0.60058678],
31,[ 0.4396862  -3.2461666   0.18361709],[0.54607025],[-3.52239176 -3.52239176 -0.37373737],[11.68042105],[0.51960163],
32,[ 3.05978255 -2.03715701  0.41156743],[-12.00633914],[-3.33199221 -3.33199221 -0.35353535],[11.55242442],[0.4404206],
33,[7.85088845 8.58789279 0.80716772],[-18.73184163],[-3.14159265 -3.14159265 -0.33333333],[11.30502851],[0.36615562],
34,[4.39046118 9.14970536 0.92136724],[-15.00025389],[-2.9511931  -2.9511931  -0.31313131],[10.93447917],[0.30025902],
35,[-8.77666573 -0.14475677  0.06404342],[30.91115622],[-2.76079354 -2.76079354 -0.29292929],[10.44160431],[0.24663148],
36,[ 6.10375982 -2.88104545  0.16075577],[0.35767259],[-2.57039399 -2.57039399 -0.27272727],[9.83183753],[0.20931481],
37,[-1.92106236 -6.3912445   0.99321005],[5.43269935],[-2.37999443 -2.37999443 -0.25252525],[9.11499056],[0.19086493],
38,[7.14829924 0.23883251 0.64585971],[-5.85765031],[-2.18959488 -2.18959488 -0.23232323],[8.30480308],[0.18982418],
39,[-3.20107186  1.73251809  0.42572412],[11.53307757],[-1.99919533 -1.99919533 -0.21212121],[7.41831013],[0.20096079],
40,[-3.88198271 -7.52484236 -0.35977718],[15.70627969],[-1.80879577 -1.80879577 -0.19191919],[6.47507422],[0.21881516],
41,[ 1.30915486 -1.88381593 -0.24781047],[-1.07922753],[-1.61839622 -1.61839622 -0.17171717],[5.49632927],[0.24001482],
42,[6.40891383 0.29117937 0.18675222],[-0.44276688],[-1.42799666 -1.42799666 -0.15151515],[4.50407984],[0.26314895],
43,[ 8.39795573  9.22621027 -0.73242193],[-26.49985654],[-1.23759711 -1.23759711 -0.13131313],[3.52019174],[0.28781702],
44,[ 9.19963769 -7.45779599 -0.34559242],[-33.18736572],[-1.04719755 -1.04719755 -0.11111111],[2.56550178],[0.31379396],
45,[-4.82029492  1.96277754 -0.7609239 ],[8.91883188],[-0.856798   -0.856798   -0.09090909],[1.65896688],[0.34052115],
46,[-5.32499167  8.30283531 -0.62585371],[3.06822846],[-0.66639844 -0.66639844 -0.07070707],[0.81686787],[0.36691428],
47,[-4.95124835  1.81789008 -0.8261023 ],[8.04300635],[-0.47599889 -0.47599889 -0.05050505],[0.05208202],[0.39141122],
48,[4.06225242 5.88594582 0.16132816],[-14.5676115],[-0.28559933 -0.28559933 -0.03030303],[-0.62655924],[0.41215975],
49,[-1.64586441  8.24230446  0.03093543],[1.24885432],[-0.09519978 -0.09519978 -0.01010101],[-1.21480488],[0.42725954],
50,[ 5.67919935 -8.35543823  0.45389759],[-0.25453658],[0.09519978 0.09519978 0.01010101],[-1.71338108],[0.43500792],
51,[ 0.88749961  3.61864311 -0.1416548 ],[-1.51161961],[0.28559933 0.28559933 0.03030303],[-2.12821269],[0.43413164],
52,[ 6.37057725 -0.53919489 -0.9624667 ],[1.47851511],[0.47599889 0.47599889 0.05050505],[-2.47042707],[0.42400992],
53,[-5.66503957 -1.86115034  0.75348934],[1.57232608],[0.66639844 0.66639844 0.07070707],[-2.75609774],[0.40491271],
54,[-7.75979612 -5.69366985 -0.83383671],[16.47571458],[0.856798   0.856798   0.09090909],[-3.00569195],[0.37829956],
55,[-9.16464313  8.09005698  0.28896794],[32.64377371],[1.04719755 1.04719755 0.11111111],[-3.24320023],[0.34724373],
56,[-0.94285369  3.15511499  0.93596527],[-1.37141639],[1.23759711 1.23759711 0.13131313],[-3.49494697],[0.31699413],
57,[ 8.56156311 -0.82172171  0.22226626],[-27.7586882],[1.42799666 1.42799666 0.15151515],[-3.78810868],[0.29529009],
58,[1.07839263 2.25849784 0.28476498],[-2.1597882],[1.61839622 1.61839622 0.17171717],[-4.14899736],[0.29097888],
59,[-3.96547996  1.17763049  0.21087009],[12.61903383],[1.80879577 1.80879577 0.19191919],[-4.60119767],[0.3095943],
60,[ 7.55921113 -5.03793659  0.49391231],[-9.82002353],[1.99919533 1.99919533 0.21212121],[-5.16367496],[0.34958607],
61,[-8.92165706 -5.06375886  0.06560221],[34.2704295],[2.18959488 2.18959488 0.23232323],[-5.84899227],[0.40437386],
62,[-8.88709328 -4.31810879  0.09348852],[33.50532421],[2.37999443 2.37999443 0.25252525],[-6.66178535],[0.46673363],
63,[-8.07119756 -1.78754051  0.52292031],[18.99615849],[2.57039399 2.57039399 0.27272727],[-7.59764285],[0.53085065],
64,[-2.41921179  0.96920888  0.88996493],[7.02537864],[2.76079354 2.76079354 0.29292929],[-8.6425228],[0.59247724],
65,[5.54854331 8.34432184 0.48705964],[-5.67359667],[2.9511931  2.9511931  0.31313131],[-9.77280685],[0.64861371],
66,[1.13532272 7.61645054 0.20461652],[-3.57255505],[3.14159265 3.14159265 0.33333333],[-10.95605143],[0.6972353],
67,[-5.54544873  2.90041827 -0.23976887],[2.40059817],[3.33199221 3.33199221 0.35353535],[-12.15244369],[0.73713036],
68,[-9.15913044  4.04356624  0.74419773],[33.27804572],[3.52239176 3.52239176 0.37373737],[-13.31691345],[0.767818],
69,[ 1.3845234  -5.50556108 -0.51947478],[-0.06579404],[3.71279132 3.71279132 0.39393939],[-14.40179577],[0.78951076],
70,[-4.75531774 -7.62352839 -0.42127513],[11.46825083],[3.90319087 3.90319087 0.41414141],[-15.35988674],[0.80309503],
71,[-4.92062724  2.98086962  0.71828405],[5.93469389],[4.09359043 4.09359043 0.43434343],[-16.14769323],[0.81010311],
72,[ 2.02572647  9.08369762 -0.19316682],[-7.89514355],[4.28398998 4.28398998 0.45454545],[-16.72864945],[0.81264512],
73,[ 3.52171597 -7.91043668  0.13762063],[-11.44557773],[4.47438954 4.47438954 0.47474747],[-17.07606241],[0.81326409],
74,[ 5.40547278  2.40002404 -0.66088772],[-3.72307376],[4.66478909 4.66478909 0.49494949],[-17.17555676],[0.81468091],
75,[-3.25304061  0.97993261  0.96688372],[11.24289142],[4.85518865 4.85518865 0.51515152],[-17.02681631],[0.819423],
76,[-2.11242072  7.22507546  0.79993355],[3.44425721],[5.0455882  5.0455882  0.53535354],[-16.64446404],[0.82938747],
77,[ 8.86774597 -6.66621069 -0.87950908],[-29.19730791],[5.23598776 5.23598776 0.55555556],[-16.05798054],[0.84545413],
78,[-4.29199256  8.1099537  -0.32744141],[10.24109018],[5.42638731 5.42638731 0.57575758],[-15.31062891],[0.86728429],
79,[-5.13091174  2.45857208  0.48664914],[4.56955839],[5.61678687 5.61678687 0.5959596 ],[-14.45742599],[0.89337673],
80,[-0.44775751  4.4771524   0.68503574],[-1.99759622],[5.80718642 5.80718642 0.61616162],[-13.56227079],[0.92133987],
81,[-1.882402   -2.53518983  0.12111632],[5.23078321],[5.99758598 5.99758598 0.63636364],[-12.69440394],[0.94826026],
82,[ 1.5520513  -8.42142633  0.87827461],[-1.94395531],[6.18798553 6.18798553 0.65656566],[-11.92442324],[0.97105056],
83,[7.77798896 1.37171099 0.71226686],[-15.29458112],[6.37838508 6.37838508 0.67676768],[-11.32011477],[0.98671454],
84,[-3.89093413  6.03156495 -0.0534434 ],[11.61194576],[6.56878464 6.56878464 0.6969697 ],[-10.94237427],[0.99252461],
85,[0.12905742 5.2116835  0.21518681],[-1.60610233],[6.75918419 6.75918419 0.71717172],[-10.84148844],[0.98614215],
86,[-5.31354867  0.36906152  0.98846976],[3.12468096],[6.94958375 6.94958375 0.73737374],[-11.05402043],[0.96572709],
87,[ 6.3954831  -7.61363102 -0.60172732],[2.86190699],[7.1399833  7.1399833  0.75757576],[-11.60050125],[0.93009284],
88,[-5.51546964 -7.84768388 -0.63191462],[5.91572334],[7.33038286 7.33038286 0.77777778],[-12.48407149],[0.87898306],
89,[9.01641385 0.66631558 0.34182966],[-34.4675392],[7.52078241 7.52078241 0.7979798 ],[-13.69015108],[0.81359823],
90,[ 6.33252527 -0.86851085  0.54485836],[-0.50458635],[7.71118197 7.71118197 0.81818182],[-15.18714378],[0.73761848],
91,[ 1.05979885 -5.25893968  0.92331451],[-0.90103888],[7.90158152 7.90158152 0.83838384],[-16.92811341],[0.65916043],
92,[-6.64173127  8.90893179  0.98580717],[-3.04443362],[8.09198108 8.09198108 0.85858586],[-18.8533057],[0.59397491],
93,[-5.98995981  2.53619     0.43962487],[-0.71383363],[8.28238063 8.28238063 0.87878788],[-20.89333721],[0.56747216],
94,[ 4.35657647 -3.25272466  0.71176777],[-11.46676179],[8.47278019 8.47278019 0.8989899 ],[-22.97283579],[0.60595879],
95,[-2.6579151  -1.85996877 -0.76733111],[11.06388468],[8.66317974 8.66317974 0.91919192],[-25.01429586],[0.71661312],
96,[-1.10803481  8.36563182 -0.58022058],[-0.23275607],[8.8535793  8.8535793  0.93939394],[-26.94190924],[0.88563179],
97,[2.54528844 0.14734143 0.08841781],[-9.29877035],[9.04397885 9.04397885 0.95959596],[-28.68514558],[1.09481891],
98,[-1.54484101  0.89489643 -0.54221614],[3.41167172],[9.23437841 9.23437841 0.97979798],[-30.18188549],[1.33004608],
99,[-1.08672206 -0.11096502 -0.7823185 ],[2.24998471],[9.42477796 9.42477796 1.        ],[-31.38094982],[1.58117514],
