,x_train,y_train,x_test,y_pred,y_std
0,[ 2.83186751 -5.34357165 -0.6838615 ],[8.06354484],[-3.14159265 -9.42477796 -1.        ],[8.34490903],[2.03022847]
1,[-0.04350993  4.3655704  -0.14601706],[-0.0240241],[-3.07812614 -9.23437841 -0.97979798],[8.12889183],[1.82488679]
2,[ 0.99542872  4.06069059 -0.33489766],[0.80653836],[-3.01465962 -9.04397885 -0.95959596],[7.90622254],[1.63547643]
3,[0.46112053 8.40883941 0.28427131],[0.36516123],[-2.9511931  -8.8535793  -0.93939394],[7.67759397],[1.4612716]
4,[0.34382194 0.34525885 0.71598964],[0.01322686],[-2.88772658 -8.66317974 -0.91919192],[7.44370937],[1.30152724]
5,[-0.36696427 -0.38414647  0.68522542],[-0.020987],[-2.82426006 -8.47278019 -0.8989899 ],[7.20527855],[1.15548999]
6,[-1.76612376 -5.78649863 -0.35204097],[3.20322235],[-2.76079354 -8.28238063 -0.87878788],[6.96301398],[1.02240891]
7,[ 2.96060024 -8.05657708 -0.55243951],[8.83089657],[-2.69732703 -8.09198108 -0.85858586],[6.71762699],[0.90154599]
8,[ 1.49170841 -3.49657151 -0.8730512 ],[2.00009664],[-2.63386051 -7.90158152 -0.83838384],[6.46982399],[0.79218639]
9,[-0.20153825 -1.17048256  0.37583956],[0.05962103],[-2.57039399 -7.71118197 -0.81818182],[6.2203029],[0.69364805]
10,[2.79232691 7.37122029 0.01473931],[7.66525301],[-2.50692747 -7.52078241 -0.7979798 ],[5.96974964],[0.60529067]
11,[1.83858092 0.22645377 0.98084907],[3.35485627],[-2.44346095 -7.33038286 -0.77777778],[5.71883485],[0.52652381]
12,[-2.17120447  0.33438144 -0.59255165],[4.5338795],[-2.37999443 -7.1399833  -0.75757576],[5.46821086],[0.4568135]
13,[1.40194476 3.09373181 0.63847687],[2.09726374],[-2.31652792 -6.94958375 -0.73737374],[5.2185088],[0.39568606]
14,[0.15333396 4.1503317  0.10725495],[-0.0061401],[-2.2530614  -6.75918419 -0.71717172],[4.97033611],[0.34272662]
15,[-0.53067207 -2.83573576 -0.03195125],[0.27842758],[-2.18959488 -6.56878464 -0.6969697 ],[4.72427422],[0.29756842]
16,[-1.60248492  7.75055461 -0.41820097],[2.56188394],[-2.12612836 -6.37838508 -0.67676768],[4.48087663],[0.25986634]
17,[-1.36138137  3.64239955 -0.16629568],[1.82735071],[-2.06266184 -6.18798553 -0.65656566],[4.24066725],[0.22924874]
18,[-2.21402928 -5.50205971  0.82748676],[4.86249769],[-1.99919533 -5.99758598 -0.63636364],[4.00413912],[0.2052484]
19,[-2.89841985  1.14775409 -0.2703025 ],[8.43464481],[-1.93572881 -5.80718642 -0.61616162],[3.77175347],[0.18723075]
20,[-0.80519126 -1.75019283 -0.4724563 ],[0.68674542],[-1.87226229 -5.61678687 -0.5959596 ],[3.5439391],[0.17435612]
21,[-2.35960152 -3.60162591  0.30326098],[5.57608106],[-1.80879577 -5.42638731 -0.57575758],[3.32109215],[0.16561459]
22,[-0.42570293  1.77961927 -0.44602234],[0.05413246],[-1.74532925 -5.23598776 -0.55555556],[3.10357618],[0.15993074]
23,[ 0.63702268 -6.37836248 -0.1444311 ],[0.48879828],[-1.68186273 -5.0455882  -0.53535354],[2.89172261],[0.15629241]
24,[ 1.41122385 -1.33753163  0.73832112],[1.92725183],[-1.61839622 -4.85518865 -0.51515152],[2.68583145],[0.15384863]
25,[ 1.05471083 -1.8016728   0.82714343],[1.05776154],[-1.5549297  -4.66478909 -0.49494949],[2.48617239],[0.15195131]
26,[3.0793635  6.50216359 0.36824403],[9.41662258],[-1.49146318 -4.47438954 -0.47474747],[2.29298611],[0.15015183]
27,[ 1.76585849 -7.62416023  0.93437857],[3.10981289],[-1.42799666 -4.28398998 -0.45454545],[2.10648586],[0.14817151]
28,[-2.88509084  4.49190325  0.27418985],[8.30828108],[-1.36453014 -4.09359043 -0.43434343],[1.92685936],[0.14586638]
29,[-1.60388083  2.41721093 -0.34942403],[2.60499184],[-1.30106362 -3.90319087 -0.41414141],[1.75427074],[0.14319304]
30,[ 2.91993852 -1.98931349 -0.59496991],[8.62130049],[-1.23759711 -3.71279132 -0.39393939],[1.5888628],[0.1401797]
31,[ 3.02327957 -7.30126847  0.54303594],[9.17171654],[-1.17413059 -3.52239176 -0.37373737],[1.43075932],[0.13690398]
32,[-1.35413044  9.28189503 -0.16465163],[1.81587616],[-1.11066407 -3.33199221 -0.35353535],[1.28006746],[0.13347419]
33,[-1.35891278  9.1075658  -0.36642464],[1.86565888],[-1.04719755 -3.14159265 -0.33333333],[1.13688026],[0.13001422]
34,[-1.46234454 -6.71514279  0.03078825],[2.19922563],[-0.98373103 -2.9511931  -0.31313131],[1.0012791],[0.12665055]
35,[-0.98905444 -8.85150207 -0.50646304],[0.89345708],[-0.92026451 -2.76079354 -0.29292929],[0.87333621],[0.12350153]
36,[2.36041736 0.77849113 0.21727896],[5.47018599],[-0.856798   -2.57039399 -0.27272727],[0.75311707],[0.12066801]
37,[ 2.73356521 -2.69005715  0.98628507],[7.42779788],[-0.79333148 -2.37999443 -0.25252525],[0.64068268],[0.11822655]
38,[ 0.3385451  -2.00985756 -0.14372941],[0.03838152],[-0.72986496 -2.18959488 -0.23232323],[0.5360918],[0.11622439]
39,[-1.56429477 -4.92892872  0.703489  ],[2.40067425],[-0.66639844 -1.99919533 -0.21212121],[0.43940291],[0.11467927]
40,[-1.78898356  1.54979456 -0.43096886],[3.21991704],[-0.60293192 -1.80879577 -0.19191919],[0.35067605],[0.11358085]
41,[ 1.30668194 -3.41377834 -0.06035251],[1.86427896],[-0.53946541 -1.61839622 -0.17171717],[0.26997438],[0.11289586]
42,[-2.57833996 -2.78896924  0.97803386],[6.74985843],[-0.47599889 -1.42799666 -0.15151515],[0.19736555],[0.11257533]
43,[-1.17734593 -1.42414448 -0.26831599],[1.38424383],[-0.41253237 -1.23759711 -0.13131313],[0.1329227],[0.11256128]
44,[-0.21639485 -4.06325184  0.04610817],[0.11301063],[-0.34906585 -1.04719755 -0.11111111],[0.0767253],[0.11279464]
45,[ 1.87429977  7.97961894 -0.09438537],[3.63058921],[-0.28559933 -0.856798   -0.09090909],[0.02885956],[0.11321935]
46,[ 1.81590774  4.01929911 -0.26557376],[3.28538051],[-0.22213281 -0.66639844 -0.07070707],[-0.01058137],[0.11378667]
47,[ 1.39105275 -1.97453564  0.02102525],[1.96282707],[-0.1586663  -0.47599889 -0.05050505],[-0.0414976],[0.1144557]
48,[ 0.76744915 -8.80294611  0.32993039],[0.56938827],[-0.09519978 -0.28559933 -0.03030303],[-0.06378294],[0.11519393]
49,[-1.34155594  6.39168024  0.27989063],[1.74542587],[-0.03173326 -0.09519978 -0.01010101],[-0.07732567],[0.11597423]
50,[ 1.26556635  0.45642335 -0.15174518],[1.52961828],[0.03173326 0.09519978 0.01010101],[-0.08200965],[0.11677409]
51,[-0.03426036  8.39139956  0.7174849 ],[0.07443121],[0.09519978 0.28559933 0.03030303],[-0.07771567],[0.11757287]
52,[ 1.79842142 -9.12943983  0.89046789],[3.33175903],[0.1586663  0.47599889 0.05050505],[-0.06432306],[0.11834971]
53,[ 3.02117611 -3.2470359   0.9269201 ],[9.13167112],[0.22213281 0.66639844 0.07070707],[-0.04171157],[0.11908426]
54,[-2.09037556  2.69236597  0.62789972],[4.2319792],[0.28559933 0.856798   0.09090909],[-0.00976347],[0.11975668]
55,[-3.029786   -5.38633893  0.75015582],[9.15743294],[0.34906585 1.04719755 0.11111111],[0.03163419],[0.12035182]
56,[0.75656138 2.31532678 0.46135602],[0.58269385],[0.41253237 1.23759711 0.13131313],[0.08258714],[0.12086348]
57,[ 1.40940311 -6.14448038 -0.90758255],[1.95525456],[0.47599889 1.42799666 0.15151515],[0.14319133],[0.12130197]
58,[ 1.04799262 -4.6699251   0.03098214],[1.0376787],[0.53946541 1.61839622 0.17171717],[0.21353027],[0.1217028]
59,[-0.49550782 -4.22473792 -0.59189835],[0.36676284],[0.60293192 1.80879577 0.19191919],[0.29367235],[0.12213645]
60,[-0.10783547  5.1206334  -0.32102682],[0.08947816],[0.66639844 1.99919533 0.21212121],[0.38366809],[0.12271807]
61,[0.65342485 8.21868367 0.86190828],[0.45157481],[0.72986496 2.18959488 0.23232323],[0.48354746],[0.12361583]
62,[ 2.6313716  -4.83644312 -0.18891964],[7.01419041],[0.79333148 2.37999443 0.25252525],[0.59331725],[0.1250533]
63,[-0.07910073 -0.02490361  0.74867802],[0.01131652],[0.856798   2.57039399 0.27272727],[0.7129585],[0.12730388]
64,[-2.22855689 -2.17263812 -0.30215365],[4.84974987],[0.92026451 2.76079354 0.29292929],[0.8424241],[0.13067227]
65,[ 2.92484461 -2.27004797 -0.31662384],[8.54304982],[0.98373103 2.9511931  0.31313131],[0.98163652],[0.13546347]
66,[-0.02413036  8.19736405 -0.09776774],[-0.01018538],[1.04719755 3.14159265 0.33333333],[1.13048575],[0.1419426]
67,[-2.23978697  4.63863596  0.8920911 ],[5.12850908],[1.11066407 3.33199221 0.35353535],[1.28882749],[0.15029422]
68,[ 1.4758361   6.34712572 -0.9021599 ],[2.02200943],[1.17413059 3.52239176 0.37373737],[1.45648149],[0.16059404]
69,[-1.92275686 -6.422126   -0.62925626],[3.66484766],[1.23759711 3.71279132 0.39393939],[1.63323028],[0.17279697]
70,[-1.31221128 -8.41014716  0.94256459],[1.65054575],[1.30106362 3.90319087 0.41414141],[1.81881811],[0.18674274]
71,[-2.89640147 -3.84365498  0.95509952],[8.34444309],[1.36453014 4.09359043 0.43434343],[2.01295023],[0.2021708]
72,[ 2.46241541 -0.3906074   0.13313908],[6.2064755],[1.42799666 4.28398998 0.45454545],[2.21529244],[0.2187384]
73,[ 0.85632883 -8.55058816 -0.91418211],[0.52063011],[1.49146318 4.47438954 0.47474747],[2.42547104],[0.23603698]
74,[-1.14720159  7.45210471  0.98632788],[1.31092173],[1.5549297  4.66478909 0.49494949],[2.64307304],[0.25360478]
75,[ 3.00350187  0.39417041 -0.26634653],[8.985126],[1.61839622 4.85518865 0.51515152],[2.86764674],[0.27093679]
76,[ 0.53492665  0.18113734 -0.18071632],[0.26566313],[1.68186273 5.0455882  0.53535354],[3.0987026],[0.2874932]
77,[-2.23783897 -3.99638498 -0.95545622],[4.93599807],[1.74532925 5.23598776 0.55555556],[3.33571449],[0.30270895]
78,[ 2.24817239  0.31328088 -0.11863858],[5.10556688],[1.80879577 5.42638731 0.57575758],[3.5781212],[0.31600596]
79,[2.80344169 3.56649189 0.51692681],[7.91887667],[1.87226229 5.61678687 0.5959596 ],[3.82532827],[0.32681071]
80,[-0.35340712 -1.9734537  -0.80672654],[0.19393159],[1.93572881 5.80718642 0.61616162],[4.07671009],[0.33458186]
81,[ 1.36673675 -6.17868899  0.96526771],[1.92420723],[1.99919533 5.99758598 0.63636364],[4.33161232],[0.33885294]
82,[-2.57667792  4.68371984  0.19334461],[6.62429558],[2.06266184 6.18798553 0.65656566],[4.58935447],[0.33930088]
83,[2.81406602 7.19982896 0.61769726],[7.94183552],[2.12612836 6.37838508 0.67676768],[4.84923277],[0.33585879]
84,[ 1.12130369 -3.01775853  0.20696993],[1.26511554],[2.18959488 6.56878464 0.6969697 ],[5.11052322],[0.32890182]
85,[ 1.29369103 -7.00501574 -0.36671091],[1.64612464],[2.2530614  6.75918419 0.71717172],[5.37248483],[0.31955161]
86,[-2.06943314 -0.11825113 -0.92191764],[4.31607381],[2.31652792 6.94958375 0.73737374],[5.63436295],[0.31013971]
87,[2.83914803 0.24724464 0.05758706],[8.10116819],[2.37999443 7.1399833  0.75757576],[5.89539281],[0.30477119]
88,[2.5321677  2.27291221 0.53788188],[6.5280698],[2.44346095 7.33038286 0.77777778],[6.15480311],[0.30957223]
89,[-0.47815736 -0.38777561 -0.23132745],[0.19158287],[2.50692747 7.52078241 0.7979798 ],[6.41181962],[0.3317196]
90,[0.02148494 8.14948174 0.57765035],[0.02031639],[2.57039399 7.71118197 0.81818182],[6.66566894],[0.37700176]
91,[ 2.80984361 -2.73357764 -0.84338165],[7.83561013],[2.63386051 7.90158152 0.83838384],[6.91558215],[0.44793575]
92,[ 1.73723403  1.16251425 -0.03501715],[2.94520972],[2.69732703 8.09198108 0.85858586],[7.16079853],[0.54432178]
93,[-1.76208386 -5.36909543  0.90473785],[3.11574475],[2.76079354 8.28238063 0.87878788],[7.40056918],[0.66496532]
94,[-0.9892961   2.80726199 -0.87583514],[0.94673988],[2.82426006 8.47278019 0.8989899 ],[7.63416062],[0.80878545]
95,[-0.3186913  -9.01861161 -0.58168178],[0.15693284],[2.88772658 8.66317974 0.91919192],[7.86085825],[0.97512583]
96,[-3.07654868  0.42450382  0.81356198],[9.44839389],[2.9511931  8.8535793  0.93939394],[8.07996973],[1.163708]
97,[-0.02767301  2.86880762  0.24440882],[0.15841478],[3.01465962 9.04397885 0.95959596],[8.29082821],[1.37450638]
98,[-1.89544453  4.10045295  0.80556044],[3.5654939],[3.07812614 9.23437841 0.97979798],[8.49279542],[1.60763782]
99,[-2.97152229 -0.93482481  0.11126882],[8.89492972],[3.14159265 9.42477796 1.        ],[8.68526458],[1.86328106]
