,x_train,y_train,x_test,y_pred,y_std
0,[-1.83128867  8.89255263 -0.40171154],[-16.79429832],[-3.14159265 -9.42477796 -1.        ],[10.11719762],[0.67156568]
1,[ 2.29708167 -8.109116    0.94412758],[15.60622822],[-3.07812614 -9.23437841 -0.97979798],[8.61837314],[0.60245601]
2,[ 0.22331799  0.95819501 -0.77534601],[4.13034512],[-3.01465962 -9.04397885 -0.95959596],[7.08586889],[0.5462247]
3,[-0.25656334  3.32845576 -0.70389738],[-2.28721674],[-2.9511931  -8.8535793  -0.93939394],[5.537144],[0.50097397]
4,[ 0.36077543 -8.75094361  0.71644642],[-0.39217098],[-2.88772658 -8.66317974 -0.91919192],[3.98884329],[0.46423267]
5,[ 0.88027457 -1.13861102  0.04143494],[12.95658936],[-2.82426006 -8.47278019 -0.8989899 ],[2.45639538],[0.43335812]
6,[-0.65802494  9.06119163  0.47974143],[-3.54813783],[-2.76079354 -8.28238063 -0.87878788],[0.95367234],[0.4059479]
7,[ 0.10121588  4.60751779 -0.43621347],[5.20581316],[-2.69732703 -8.09198108 -0.85858586],[-0.50727575],[0.38013289]
8,[ 3.1358498  -1.15388333 -0.83532425],[1.65530101],[-2.63386051 -7.90158152 -0.83838384],[-1.91640156],[0.35470482]
9,[ 0.7988179  -4.31736209  0.67936923],[10.25850306],[-2.57039399 -7.71118197 -0.81818182],[-3.26575108],[0.32910655]
10,[0.53962012 3.50840981 0.59958741],[11.660029],[-2.50692747 -7.52078241 -0.7979798 ],[-4.54946262],[0.30334064]
11,[-2.13362186  5.92414942 -0.8698394 ],[-16.09155434],[-2.44346095 -7.33038286 -0.77777778],[-5.76367756],[0.27784197]
12,[ 2.07429884 -2.71896903 -0.04392508],[15.844008],[-2.37999443 -7.1399833  -0.75757576],[-6.90637049],[0.25333846]
13,[ 2.17798693 -0.5431787  -0.91626476],[14.50011501],[-2.31652792 -6.94958375 -0.73737374],[-7.97710996],[0.23070487]
14,[-0.63421575 -3.16835399  0.31918461],[-12.20704726],[-2.2530614  -6.75918419 -0.71717172],[-8.97676474],[0.21080349]
15,[ 1.54738519 -7.67064731 -0.82897778],[15.58124043],[-2.18959488 -6.56878464 -0.6969697 ],[-9.9071724],[0.19430834]
16,[ 0.69799775 -1.18348862  0.90614142],[11.11150286],[-2.12612836 -6.37838508 -0.67676768],[-10.77078888],[0.1815342]
17,[-2.10899923 -5.97333352 -0.16637254],[-11.13488982],[-2.06266184 -6.18798553 -0.65656566],[-11.57033802],[0.17232854]
18,[-1.57453231  6.73228735 -0.86995458],[-16.53607702],[-1.99919533 -5.99758598 -0.63636364],[-12.30847918],[0.16609321]
19,[-0.52337329  3.8712514  -0.39176498],[-6.18249148],[-1.93572881 -5.80718642 -0.61616162],[-12.98750996],[0.16194458]
20,[2.9291619  8.5505238  0.92559883],[-3.92627568],[-1.87226229 -5.61678687 -0.5959596 ],[-13.60911805],[0.15893578]
21,[-2.70988554 -5.90701284 -0.48775068],[-2.02345751],[-1.80879577 -5.42638731 -0.57575758],[-14.17419345],[0.1562411]
22,[1.45945236 3.19060265 0.2167833 ],[17.05717389],[-1.74532925 -5.23598776 -0.55555556],[-14.68270845],[0.15325167]
23,[1.41922514 7.075764   0.48385067],[16.3255227],[-1.68186273 -5.0455882  -0.53535354],[-15.13366855],[0.14959041]
24,[-0.76571293  4.96955298 -0.96751739],[-9.50953915],[-1.61839622 -4.85518865 -0.51515152],[-15.5251341],[0.14507847]
25,[-2.57426317  4.67950434 -0.39735898],[-11.71517592],[-1.5549297  -4.66478909 -0.49494949],[-15.85430773],[0.1396828]
26,[1.52781791 9.30413222 0.58321483],[14.84064053],[-1.49146318 -4.47438954 -0.47474747],[-16.11768005],[0.13346354]
27,[ 1.56034    -7.81206952 -0.76907104],[15.62576255],[-1.42799666 -4.28398998 -0.45454545],[-16.31122268],[0.12653109]
28,[0.7399306  3.14429664 0.9836854 ],[13.93218416],[-1.36453014 -4.09359043 -0.43434343],[-16.43061584],[0.11901752]
29,[-1.81524369 -2.81978537  0.56836004],[-15.90787888],[-1.30106362 -3.90319087 -0.41414141],[-16.47149641],[0.11106355]
30,[-0.93960817 -1.22242096  0.70528781],[-14.4210776],[-1.23759711 -3.71279132 -0.39393939],[-16.42971194],[0.10282043]
31,[-1.73065257 -4.67705817 -0.17631634],[-15.52989564],[-1.17413059 -3.52239176 -0.37373737],[-16.3015665],[0.09446418]
32,[-1.34121139  5.45978928 -0.35771089],[-15.43555668],[-1.11066407 -3.33199221 -0.35353535],[-16.08404563],[0.08621829]
33,[1.96364876 0.63508342 0.1570353 ],[15.41210714],[-1.04719755 -3.14159265 -0.33333333],[-15.77500926],[0.07837884]
34,[-1.15214762  7.42276517  0.87403807],[-11.90744293],[-0.98373103 -2.9511931  -0.31313131],[-15.37334423],[0.07133186]
35,[-2.77211867 -8.87949274 -0.33406001],[1.23104138],[-0.92026451 -2.76079354 -0.29292929],[-14.87907042],[0.0655423]
36,[-1.56967512 -2.49777467  0.21881121],[-16.9936863],[-0.856798   -2.57039399 -0.27272727],[-14.29339763],[0.06148352]
37,[-0.25307421  9.30194276  0.40499757],[3.48813484],[-0.79333148 -2.37999443 -0.25252525],[-13.61873319],[0.05948931]
38,[-0.17599478 -0.06867165  0.69088304],[-2.65710125],[-0.72986496 -2.18959488 -0.23232323],[-12.85864285],[0.05958581]
39,[-2.59540685  7.58588996 -0.32482379],[-13.01243552],[-0.66639844 -1.99919533 -0.21212121],[-12.01777002],[0.0614373]
40,[ 0.831167   -0.82191809  0.89231682],[12.97941724],[-0.60293192 -1.80879577 -0.19191919],[-11.10172009],[0.06446696]
41,[ 2.27421563 -5.7614089  -0.70999118],[15.53304983],[-0.53946541 -1.61839622 -0.17171717],[-10.11691811],[0.06804974]
42,[-2.83918263  5.31268638 -0.29547342],[-8.63583287],[-0.47599889 -1.42799666 -0.15151515],[-9.07044876],[0.07165183]
43,[-0.19216044 -0.89473812 -0.68993614],[-4.63333452],[-0.41253237 -1.23759711 -0.13131313],[-7.9698877],[0.07488859]
44,[ 0.98574762  2.24555194 -0.24206249],[15.38959842],[-0.34906585 -1.04719755 -0.11111111],[-6.82313311],[0.07753235]
45,[ 0.37886618 -4.3745988   0.03054134],[3.03560494],[-0.28559933 -0.856798   -0.09090909],[-5.63824536],[0.0795001]
46,[-0.18076704 -7.65016222  0.59669802],[-8.58804621],[-0.22213281 -0.66639844 -0.07070707],[-4.42330141],[0.08083422]
47,[-2.75997294  6.08021093 -0.6962799 ],[-9.98278772],[-0.1586663  -0.47599889 -0.05050505],[-3.18626925],[0.08167855]
48,[-2.75953454  8.81999977  0.64076556],[-12.21442076],[-0.09519978 -0.28559933 -0.03030303],[-1.93490575],[0.08224704]
49,[ 2.94532631 -1.73008012 -0.86784275],[5.22558904],[-0.03173326 -0.09519978 -0.01010101],[-0.6766797],[0.08278293]
50,[2.27851445 9.38391039 0.64079486],[5.97037739],[0.03173326 0.09519978 0.01010101],[0.58127976],[0.0835093]
51,[-0.87713024  2.72001807  0.87612934],[-11.45814219],[0.09519978 0.28559933 0.03030303],[1.83221097],[0.0845784]
52,[ 1.00556046 -7.57704661  0.30108957],[10.65605184],[0.1586663  0.47599889 0.05050505],[3.06972633],[0.08603243]
53,[-2.52075842 -1.890909    0.37496586],[-8.70045139],[0.22213281 0.66639844 0.07070707],[4.28780145],[0.08778833]
54,[ 0.56561748  9.36496917 -0.53526109],[14.19806185],[0.28559933 0.856798   0.09090909],[5.48075125],[0.08965055]
55,[1.45118844 2.6015941  0.67860239],[17.05944266],[0.34906585 1.04719755 0.11111111],[6.64319756],[0.09134542]
56,[-0.27247348  0.74064925 -0.84378904],[-4.81151847],[0.41253237 1.23759711 0.13131313],[7.77003302],[0.09256446]
57,[-1.76306194  8.16349574 -0.36925283],[-16.76510308],[0.47599889 1.42799666 0.15151515],[8.85638562],[0.09300562]
58,[-0.64355011 -2.2967836  -0.30834555],[-12.14532674],[0.53946541 1.61839622 0.17171717],[9.89758757],[0.09240724]
59,[-0.4147773  -2.90999933  0.30208097],[-9.05871432],[0.60293192 1.80879577 0.19191919],[10.88915165],[0.09057451]
60,[-0.73198403 -3.54924952 -0.09093045],[-13.70851025],[0.66639844 1.99919533 0.21212121],[11.82675712],[0.08740154]
61,[ 0.30818817 -6.16576997 -0.25763479],[0.09253109],[0.72986496 2.18959488 0.23232323],[12.70624622],[0.0828942]
62,[ 1.32453084 -4.01623142 -0.99074121],[15.3802407],[0.79333148 2.37999443 0.25252525],[13.52363157],[0.07720132]
63,[ 1.42154267  8.27899383 -0.30955721],[16.21110677],[0.856798   2.57039399 0.27272727],[14.27511357],[0.07066561]
64,[-1.97470867 -4.23451543  0.89434137],[-14.18658118],[0.92026451 2.76079354 0.29292929],[14.95710622],[0.06390867]
65,[-1.89986371  2.79076707  0.43876502],[-16.80699534],[0.98373103 2.9511931  0.31313131],[15.566269],[0.0579489]
66,[ 2.26216506 -0.66789627 -0.42526208],[13.54224472],[1.04719755 3.14159265 0.33333333],[16.09954216],[0.05425182]
67,[1.62274822 0.22661307 0.22027526],[17.10873105],[1.11066407 3.33199221 0.35353535],[16.55418218],[0.054391]
68,[2.34810844 4.45958846 0.02958727],[9.06628065],[1.17413059 3.52239176 0.37373737],[16.92779458],[0.05916376]
69,[ 1.70162713  2.05146732 -0.82857016],[16.76780504],[1.23759711 3.71279132 0.39393939],[17.21836082],[0.06807682]
70,[-1.59458941  5.75394621 -0.4245227 ],[-16.74506709],[1.30106362 3.90319087 0.41414141],[17.42425715],[0.07991897]
71,[ 1.82167791 -2.61190965 -0.08419456],[17.00812464],[1.36453014 4.09359043 0.43434343],[17.54426313],[0.09349723]
72,[-0.48050277  4.96544645 -0.46240935],[-4.60353574],[1.42799666 4.28398998 0.45454545],[17.57755894],[0.10788634]
73,[ 3.08950171 -4.79411302 -0.96907423],[5.31949844],[1.49146318 4.47438954 0.47474747],[17.52371095],[0.12240255]
74,[-0.95475251 -6.36178371  0.99399571],[-16.12255267],[1.5549297  4.66478909 0.49494949],[17.38264629],[0.13653273]
75,[-1.19765921  0.75741355  0.50566401],[-15.85252314],[1.61839622 4.85518865 0.51515152],[17.15461784],[0.14988337]
76,[-2.97640656  5.28178435 -0.41923126],[-6.52965903],[1.68186273 5.0455882  0.53535354],[16.84016219],[0.16215121]
77,[-1.96301196 -2.14124436 -0.53186466],[-14.6413535],[1.74532925 5.23598776 0.55555556],[16.44005357],[0.17310689]
78,[-1.40362907 -7.35226167 -0.25673297],[-16.36957404],[1.80879577 5.42638731 0.57575758],[15.95525773],[0.18258499]
79,[ 2.22793451  1.08033142 -0.74461541],[13.15346872],[1.87226229 5.61678687 0.5959596 ],[15.38688978],[0.19047625]
80,[-2.67789133  4.04816696  0.29318615],[-10.404881],[1.93572881 5.80718642 0.61616162],[14.73618031],[0.19671945]
81,[ 3.00830796  0.52890508 -0.97988564],[2.5112285],[1.99919533 5.99758598 0.63636364],[14.00445391],[0.20129142]
82,[-1.9307351   6.52644232 -0.41083381],[-16.97529784],[2.06266184 6.18798553 0.65656566],[13.19312375],[0.20419427]
83,[ 0.20050793 -0.00478036 -0.65287925],[3.05007987],[2.12612836 6.37838508 0.67676768],[12.30370507],[0.20543978]
84,[2.13794423 1.68081719 0.67887938],[13.0851009],[2.18959488 6.56878464 0.6969697 ],[11.33784947],[0.20503117]
85,[-1.01479666  6.6889796  -0.19675322],[-11.32478546],[2.2530614  6.75918419 0.71717172],[10.29740058],[0.20294376]
86,[-1.39269508  8.30864384 -0.46763062],[-14.64795655],[2.31652792 6.94958375 0.73737374],[9.18447044],[0.19910668]
87,[-2.80777    -3.92690382  0.9451552 ],[-3.0738853],[2.37999443 7.1399833  0.75757576],[8.0015341],[0.19338942]
88,[-3.08773513  8.25884847  0.34814193],[-7.42465002],[2.44346095 7.33038286 0.77777778],[6.75153895],[0.18559852]
89,[-1.12863502  5.99591578  0.04411448],[-12.9875552],[2.50692747 7.52078241 0.7979798 ],[5.4380234],[0.17549304]
90,[ 0.51886292 -2.99603662  0.05451084],[6.55763749],[2.57039399 7.71118197 0.81818182],[4.06523879],[0.16283445]
91,[ 2.31439614 -5.54015675 -0.24981548],[15.01773454],[2.63386051 7.90158152 0.83838384],[2.63826713],[0.14750674]
92,[-2.83865721  0.52381365 -0.04707912],[-5.35724934],[2.69732703 8.09198108 0.85858586],[1.16312701],[0.12979948]
93,[ 0.01984259  5.3232858  -0.20272436],[4.57664441],[2.76079354 8.28238063 0.87878788],[-0.35314025],[0.11111014]
94,[ 1.76540315  4.03477597 -0.08402968],[15.64764571],[2.82426006 8.47278019 0.8989899 ],[-1.90241187],[0.09563476]
95,[2.01305754 3.43397089 0.11695108],[13.75295104],[2.88772658 8.66317974 0.91919192],[-3.47545898],[0.09261759]
96,[-2.94157007  4.20141343  0.62407194],[-6.94816964],[2.9511931  8.8535793  0.93939394],[-5.06196182],[0.11180913]
97,[ 1.43632745  4.47615979 -0.26315891],[16.9953742],[3.01465962 9.04397885 0.95959596],[-6.65056871],[0.15294408]
98,[3.0058665  0.07772983 0.37441293],[1.91209747],[3.07812614 9.23437841 0.97979798],[-8.22900087],[0.21071717]
99,[2.82140497 0.09169551 0.15871596],[5.07570706],[3.14159265 9.42477796 1.        ],[-9.78420311],[0.28174344]
