,x_train,y_train,x_test,y_pred,y_std
0,[ 2.26745085 -4.4549001  -0.92080607],[5.07442435],[-3.14159265 -9.42477796 -1.        ],[8.71855097],[1.2394193]
1,[-1.37785644  3.2883479  -0.15125372],[2.04610124],[-3.07812614 -9.23437841 -0.97979798],[8.47569241],[1.09709154]
2,[-2.0168522  -6.84337491 -0.09670449],[4.18936523],[-3.01465962 -9.04397885 -0.95959596],[8.22643468],[0.97248226]
3,[-2.81654801 -1.02935864 -0.51515918],[7.95608172],[-2.9511931  -8.8535793  -0.93939394],[7.97167383],[0.86434072]
4,[ 0.73819338  9.01508567 -0.53880523],[0.5460436],[-2.88772658 -8.66317974 -0.91919192],[7.71230023],[0.77125411]
5,[ 1.93257326 -8.85022811 -0.27028597],[3.90004613],[-2.82426006 -8.47278019 -0.8989899 ],[7.44919296],[0.69165526]
6,[0.61600042 3.03439724 0.92535614],[0.46290308],[-2.76079354 -8.28238063 -0.87878788],[7.18321458],[0.62385209]
7,[ 1.15862551 -0.25342381  0.47491204],[1.51751442],[-2.69732703 -8.09198108 -0.85858586],[6.91520614],[0.56608266]
8,[ 2.20336081 -7.09245651 -0.54891873],[5.12202817],[-2.63386051 -7.90158152 -0.83838384],[6.64598272],[0.51659181]
9,[ 0.3192836  -8.53638224 -0.69555383],[-0.12158268],[-2.57039399 -7.71118197 -0.81818182],[6.3763294],[0.47371772]
10,[-2.45717744 -0.97778017  0.03165338],[6.13808063],[-2.50692747 -7.52078241 -0.7979798 ],[6.10699772],[0.43597175]
11,[-2.70613459 -3.18335572 -0.75095074],[7.46817902],[-2.44346095 -7.33038286 -0.77777778],[5.83870266],[0.40209676]
12,[-0.56675108 -1.26081263  0.89078094],[0.32059881],[-2.37999443 -7.1399833  -0.75757576],[5.57212018],[0.37109704]
13,[-1.63567402 -6.53769178  0.83396282],[2.68959126],[-2.31652792 -6.94958375 -0.73737374],[5.30788529],[0.34224031]
14,[ 2.29867604  7.4862239  -0.86817407],[5.22466448],[-2.2530614  -6.75918419 -0.71717172],[5.04659074],[0.31503875]
15,[-0.30867421  5.56656301  0.61925716],[0.16586884],[-2.18959488 -6.56878464 -0.6969697 ],[4.78878616],[0.28921718]
16,[-0.65685023 -2.33905801  0.98058289],[0.40195868],[-2.12612836 -6.37838508 -0.67676768],[4.53497786],[0.26467629]
17,[ 0.67534582 -4.09203748  0.98537391],[0.4438815],[-2.06266184 -6.18798553 -0.65656566],[4.28562903],[0.24145612]
18,[-3.00954522 -0.28350035 -0.99716375],[9.01451953],[-1.99919533 -5.99758598 -0.63636364],[4.04116053],[0.21970152]
19,[-2.59720011  3.15834524 -0.55412854],[6.58440831],[-1.93572881 -5.80718642 -0.61616162],[3.80195211],[0.19963107]
20,[-2.38828344 -0.39654776 -0.90421599],[5.76219533],[-1.87226229 -5.61678687 -0.5959596 ],[3.56834397],[0.18150607]
21,[-3.0221664   3.95617056 -0.99132132],[9.18861766],[-1.80879577 -5.42638731 -0.57575758],[3.34063884],[0.16559627]
22,[ 0.12504881 -8.5316901   0.6492855 ],[0.19017224],[-1.74532925 -5.23598776 -0.55555556],[3.11910423],[0.15213902]
23,[ 3.01802016 -3.37417629  0.12098226],[9.13098868],[-1.68186273 -5.0455882  -0.53535354],[2.90397505],[0.14128958]
24,[0.50877743 7.62355824 0.71678604],[0.46055403],[-1.61839622 -4.85518865 -0.51515152],[2.69545638],[0.13307142]
25,[ 1.9025486  8.1614218 -0.6340225],[3.67848501],[-1.5549297  -4.66478909 -0.49494949],[2.49372646],[0.12734242]
26,[2.30514332 0.58097696 0.59600787],[5.34084454],[-1.49146318 -4.47438954 -0.47474747],[2.29893969],[0.12379734]
27,[ 2.6626175  -3.21600915 -0.85573277],[7.05289796],[-1.42799666 -4.28398998 -0.45454545],[2.11122972],[0.12201224]
28,[-1.32287172 -5.11294785 -0.56019687],[1.6544965],[-1.36453014 -4.09359043 -0.43434343],[1.93071255],[0.12151482]
29,[-1.29695193 -3.62230877 -0.64973887],[1.64990234],[-1.30106362 -3.90319087 -0.41414141],[1.75748948],[0.12185327]
30,[-0.45829673  5.89983717  0.73381592],[0.32714136],[-1.23759711 -3.71279132 -0.39393939],[1.59164998],[0.1226429]
31,[ 1.2442172  -7.1154498   0.64789909],[1.60778213],[-1.17413059 -3.52239176 -0.37373737],[1.43327443],[0.1235868]
32,[ 0.25407073 -2.20199105 -0.23630917],[0.15849126],[-1.11066407 -3.33199221 -0.35353535],[1.28243657],[0.12447558]
33,[ 0.59582284  1.95781161 -0.69548233],[0.26610644],[-1.04719755 -3.14159265 -0.33333333],[1.13920575],[0.12517651]
34,[ 1.52813241  4.34554008 -0.11015434],[2.37167957],[-0.98373103 -2.9511931  -0.31313131],[1.00364893],[0.12561819]
35,[-0.37521094 -2.56908316  0.03454226],[0.14415067],[-0.92026451 -2.76079354 -0.29292929],[0.8758323],[0.12577457]
36,[-0.93551684  1.20608584  0.2909638 ],[0.75389959],[-0.856798   -2.57039399 -0.27272727],[0.75582266],[0.12565099]
37,[ 0.00677044 -4.60941411 -0.70636927],[0.02535898],[-0.79333148 -2.37999443 -0.25252525],[0.64368845],[0.125273]
38,[-1.22239723  7.90235248 -0.37534249],[1.41761239],[-0.72986496 -2.18959488 -0.23232323],[0.53950042],[0.1246777]
39,[ 0.37319544 -1.46118507 -0.13685585],[0.20735557],[-0.66639844 -1.99919533 -0.21212121],[0.44333205],[0.12390793]
40,[-1.30089755  5.81549227 -0.84455005],[1.48250223],[-0.60293192 -1.80879577 -0.19191919],[0.35525951],[0.12300995]
41,[-1.51855309 -1.57920442  0.4330172 ],[2.41445623],[-0.53946541 -1.61839622 -0.17171717],[0.2753615],[0.12203181]
42,[-2.24608579 -4.25646872  0.34646057],[5.16753259],[-0.47599889 -1.42799666 -0.15151515],[0.20371866],[0.12102502]
43,[-3.00370255 -4.63693105  0.66465145],[9.01247621],[-0.41253237 -1.23759711 -0.13131313],[0.14041281],[0.12004638]
44,[-1.06864938  2.67664406 -0.79366495],[0.99682724],[-0.34906585 -1.04719755 -0.11111111],[0.08552591],[0.11916127]
45,[-1.85946171  3.62134659 -0.22496917],[3.47466775],[-0.28559933 -0.856798   -0.09090909],[0.03913889],[0.11844467]
46,[ 0.65747945 -7.27018638  0.31557818],[0.72076197],[-0.22213281 -0.66639844 -0.07070707],[0.00133022],[0.11798248]
47,[ 0.44073012 -1.25200965  0.03859875],[0.17618413],[-0.1586663  -0.47599889 -0.05050505],[-0.02782549],[0.11786882]
48,[-1.20430971 -5.03754902  0.69956979],[1.57776666],[-0.09519978 -0.28559933 -0.03030303],[-0.04825911],[0.11820095]
49,[1.59926369 4.06541304 0.75676989],[2.54178881],[-0.03173326 -0.09519978 -0.01010101],[-0.05990859],[0.11907101]
50,[ 0.97037097 -0.48261824 -0.54495724],[0.85717242],[0.03173326 0.09519978 0.01010101],[-0.06272054],[0.12055494]
51,[ 1.15948221  0.81642915 -0.36290152],[1.38645179],[0.09519978 0.28559933 0.03030303],[-0.05665181],[0.12270146]
52,[ 2.77625558  2.66412824 -0.93982621],[7.64081374],[0.1586663  0.47599889 0.05050505],[-0.04167103],[0.12552156]
53,[-0.95011075 -8.86549391 -0.79023685],[0.71660686],[0.22213281 0.66639844 0.07070707],[-0.01775996],[0.12898304]
54,[-0.89640568 -3.15403895  0.25545672],[0.84425526],[0.28559933 0.856798   0.09090909],[0.01508518],[0.13300789]
55,[2.42849531 3.42828019 0.82977723],[5.61704418],[0.34906585 1.04719755 0.11111111],[0.05685263],[0.13747658]
56,[ 2.6980161 -9.1115412 -0.7309374],[7.34865509],[0.41253237 1.23759711 0.13131313],[0.10751407],[0.14223507]
57,[-1.97158701  3.93954951 -0.49014804],[4.09194742],[0.47599889 1.42799666 0.15151515],[0.16702392],[0.14710384]
58,[ 2.74101976 -2.00380501  0.89201498],[7.53784879],[0.53946541 1.61839622 0.17171717],[0.23531871],[0.15188908]
59,[ 2.90084809 -2.82262359 -0.19816534],[8.58208163],[0.60293192 1.80879577 0.19191919],[0.31231672],[0.15639245]
60,[-1.5507629  -8.95820523 -0.46937851],[2.16284507],[0.66639844 1.99919533 0.21212121],[0.39791781],[0.16042112]
61,[-2.46457266  0.41714582 -0.32579037],[6.27910878],[0.72986496 2.18959488 0.23232323],[0.49200343],[0.16379763]
62,[-2.24786931 -4.04934901 -0.80539727],[4.96618669],[0.79333148 2.37999443 0.25252525],[0.59443679],[0.1663694]
63,[ 2.62639328  5.3639507  -0.75951153],[6.87370247],[0.856798   2.57039399 0.27272727],[0.70506331],[0.16801855]
64,[-2.92222189  4.20156612 -0.74297581],[8.46718206],[0.92026451 2.76079354 0.29292929],[0.82371104],[0.16867367]
65,[ 2.09868336 -0.70378047  0.12964731],[4.24883351],[0.98373103 2.9511931  0.31313131],[0.95019143],[0.16832342]
66,[0.46056556 6.88780625 0.45641683],[0.09529275],[1.04719755 3.14159265 0.33333333],[1.08430001],[0.16703267]
67,[-2.8081215  -7.98808533  0.95415194],[7.92038588],[1.11066407 3.33199221 0.35353535],[1.22581729],[0.16496288]
68,[0.46005611 7.43707206 0.32213295],[0.03993149],[1.17413059 3.52239176 0.37373737],[1.37450968],[0.16239573]
69,[-0.53753086 -5.33572221 -0.90483898],[0.30497323],[1.23759711 3.71279132 0.39393939],[1.53013041],[0.15975784]
70,[-1.72221253  1.60185114 -0.14339961],[3.00859894],[1.30106362 3.90319087 0.41414141],[1.6924205],[0.15763883]
71,[-0.33062862 -1.79083412 -0.3173154 ],[0.02685683],[1.36453014 4.09359043 0.43434343],[1.86110969],[0.15678983]
72,[-2.41239087  8.43946195  0.77565669],[5.86968072],[1.42799666 4.28398998 0.45454545],[2.03591732],[0.15807668]
73,[-0.34478209 -2.85613131  0.38229241],[0.12015359],[1.49146318 4.47438954 0.47474747],[2.21655316],[0.16237639]
74,[ 2.52467932 -0.18882102 -0.8780728 ],[6.51674876],[1.5549297  4.66478909 0.49494949],[2.40271813],[0.17042959]
75,[-0.83853919  9.02821033  0.07749107],[0.59223345],[1.61839622 4.85518865 0.51515152],[2.59410493],[0.18270989]
76,[-2.3349358   3.03706879  0.85070381],[5.63532869],[1.68186273 5.0455882  0.53535354],[2.79039856],[0.19937959]
77,[-2.17993244  5.88666482 -0.86623132],[4.80810841],[1.74532925 5.23598776 0.55555556],[2.9912767],[0.22034686]
78,[-0.89503202  1.24328803  0.17001657],[0.93840332],[1.80879577 5.42638731 0.57575758],[3.19640997],[0.24537904]
79,[-2.87950565 -7.75311929 -0.04524963],[8.34412044],[1.87226229 5.61678687 0.5959596 ],[3.40546204],[0.27421378]
80,[2.88727649 0.01487476 0.70337904],[8.33159638],[1.93572881 5.80718642 0.61616162],[3.61808961],[0.30663952]
81,[-3.06301503  8.0469915  -0.73743024],[9.36558541],[1.99919533 5.99758598 0.63636364],[3.83394233],[0.34254433]
82,[-2.79629555  8.47446256  0.81630367],[7.84505777],[2.06266184 6.18798553 0.65656566],[4.05266249],[0.38194367]
83,[-1.99389004  8.85072365 -0.42662654],[3.9215894],[2.12612836 6.37838508 0.67676768],[4.27388475],[0.42499665]
84,[-2.69881411 -3.84726085 -0.94057582],[7.3334185],[2.18959488 6.56878464 0.6969697 ],[4.49723567],[0.47201588]
85,[-1.07787954 -4.02050296 -0.44549906],[1.13474829],[2.2530614  6.75918419 0.71717172],[4.72233328],[0.52347243]
86,[-1.77062289 -3.43386746  0.69130628],[3.21296335],[2.31652792 6.94958375 0.73737374],[4.94878657],[0.57999588]
87,[ 2.39563065 -1.2748922   0.79241702],[5.72056717],[2.37999443 7.1399833  0.75757576],[5.17619498],[0.64236788]
88,[ 0.25571859 -5.6757439   0.30887205],[0.09197269],[2.44346095 7.33038286 0.77777778],[5.40414792],[0.71150867]
89,[ 3.05244891 -6.59461414 -0.91011312],[9.32480165],[2.50692747 7.52078241 0.7979798 ],[5.63222435],[0.7884566]
90,[2.1172551  3.34137282 0.65358823],[4.33986908],[2.57039399 7.71118197 0.81818182],[5.85999242],[0.87434129]
91,[ 2.81677362 -3.70546059 -0.76339462],[7.96927194],[2.63386051 7.90158152 0.83838384],[6.08700921],[0.970353]
92,[-0.13195068 -0.1307944   0.92776331],[-0.21794001],[2.69732703 8.09198108 0.85858586],[6.31282065],[1.0777105]
93,[-1.6178282   2.30527489 -0.08230703],[2.59344658],[2.76079354 8.28238063 0.87878788],[6.53696156],[1.19763036]
94,[1.02469228 8.20675954 0.84564147],[0.97415597],[2.82426006 8.47278019 0.8989899 ],[6.75895585],[1.33129949]
95,[ 1.28523597 -2.06006807 -0.41050223],[1.6010214],[2.88772658 8.66317974 0.91919192],[6.97831701],[1.47985257]
96,[-0.44158738  5.58738216  0.03466865],[0.23010661],[2.9511931  8.8535793  0.93939394],[7.19454869],[1.64435429]
97,[-1.15539873  2.70760499 -0.94615636],[1.29215175],[3.01465962 9.04397885 0.95959596],[7.40714565],[1.82578647]
98,[-0.0807533   6.31174528  0.00841243],[-0.10494898],[3.07812614 9.23437841 0.97979798],[7.61559484],[2.0250388]
99,[-2.20636465 -2.18874087  0.62482141],[5.00850671],[3.14159265 9.42477796 1.        ],[7.81937677],[2.24290271]
