,x_train,y_train,x_test,y_pred,y_std
0,[-0.24422625  2.11137649 -0.99815919],[-3.29176699],[-3.14159265 -9.42477796 -1.        ],[6.69960255],[0.54553539]
1,[ 0.77597904 -1.10498114  0.68283968],[12.05303789],[-3.07812614 -9.23437841 -0.97979798],[6.07830659],[0.47063024]
2,[-2.77912753 -4.42748172  0.91157573],[-3.11930735],[-3.01465962 -9.04397885 -0.95959596],[5.33815763],[0.40855521]
3,[1.01421699 0.283632   0.08966234],[14.99737922],[-2.9511931  -8.8535793  -0.93939394],[4.48570431],[0.35834009]
4,[-0.20445975  7.00392638  0.70029468],[2.70815958],[-2.88772658 -8.66317974 -0.91919192],[3.52995533],[0.31829608]
5,[2.01749957 0.87352    0.39750473],[14.78007712],[-2.82426006 -8.47278019 -0.8989899 ],[2.48215813],[0.28619248]
6,[-1.8593774  -6.82803117  0.11532243],[-13.58949823],[-2.76079354 -8.28238063 -0.87878788],[1.35549765],[0.25961428]
7,[ 3.07670577 -1.62129351 -0.71959198],[2.91290368],[-2.69732703 -8.09198108 -0.85858586],[0.1647265],[0.23637071]
8,[ 1.55247123 -6.24658128 -0.51919232],[16.21444762],[-2.63386051 -7.90158152 -0.83838384],[-1.07425836],[0.21479832]
9,[-2.87236986  5.7963415  -0.46084224],[-8.40381178],[-2.57039399 -7.71118197 -0.81818182],[-2.34487422],[0.19388839]
10,[ 1.0938572  -1.889757    0.78029504],[15.04051686],[-2.50692747 -7.52078241 -0.7979798 ],[-3.63032651],[0.1732686]
11,[1.08532131 9.22884664 0.18533066],[16.61261002],[-2.44346095 -7.33038286 -0.77777778],[-4.91407659],[0.15310725]
12,[-2.14199818 -2.27573298 -0.90153914],[-12.57097443],[-2.37999443 -7.1399833  -0.75757576],[-6.1802824],[0.13399276]
13,[-2.03231848  3.19054387 -0.42724943],[-16.09146335],[-2.31652792 -6.94958375 -0.73737374],[-7.41419215],[0.11680322]
14,[-1.10284999 -5.90012762  0.7285252 ],[-16.7296471],[-2.2530614  -6.75918419 -0.71717172],[-8.60247359],[0.10253459]
15,[ 2.76870411 -4.27653992  0.20151316],[9.02271424],[-2.18959488 -6.56878464 -0.6969697 ],[-9.7334652],[0.09202134]
16,[ 1.70112899  0.61774238 -0.68922815],[16.99520525],[-2.12612836 -6.37838508 -0.67676768],[-10.79733956],[0.08554302]
17,[-3.10251858  2.39598969 -0.91587027],[-1.89009557],[-2.06266184 -6.18798553 -0.65656566],[-11.78617454],[0.08254096]
18,[-1.83976344  9.26199506  0.17898585],[-16.60983965],[-1.99919533 -5.99758598 -0.63636364],[-12.69393281],[0.0817703]
19,[-2.16529908 -0.82291123 -0.63807027],[-13.25688049],[-1.93572881 -5.80718642 -0.61616162],[-13.51635585],[0.08181024]
20,[-2.33173161  4.67082487  0.42866622],[-14.63350601],[-1.87226229 -5.61678687 -0.5959596 ],[-14.25078305],[0.08150623]
21,[-1.87745209 -4.6108213   0.14314087],[-14.53761671],[-1.80879577 -5.42638731 -0.57575758],[-14.89591112],[0.08013959]
22,[ 0.20014424 -5.2378735   0.67733519],[-0.31954864],[-1.74532925 -5.23598776 -0.55555556],[-15.45151195],[0.07741499]
23,[-1.88844591 -9.32081765 -0.92228854],[-11.15310462],[-1.68186273 -5.0455882  -0.53535354],[-15.9181294],[0.07339373]
24,[ 2.88470793 -3.52630607  0.41163684],[6.62611834],[-1.61839622 -4.85518865 -0.51515152],[-16.29677618],[0.06843518]
25,[-2.17218182  2.8054444  -0.48145193],[-14.95399777],[-1.5549297  -4.66478909 -0.49494949],[-16.58865115],[0.06315913]
26,[1.26993518 8.64471609 0.1552512 ],[16.48265326],[-1.49146318 -4.47438954 -0.47474747],[-16.79489578],[0.05840962]
27,[-0.43215191 -9.00230316  0.78709565],[-12.58338808],[-1.42799666 -4.28398998 -0.45454545],[-16.91640507],[0.0551565]
28,[ 1.75819587 -8.34474757 -0.03003617],[16.63857487],[-1.36453014 -4.09359043 -0.43434343],[-16.95370405],[0.05424499]
29,[ 0.43160563  6.66173616 -0.93347591],[11.31347782],[-1.30106362 -3.90319087 -0.41414141],[-16.90689622],[0.05603588]
30,[ 1.40585927 -2.03164798  0.53006366],[16.84981523],[-1.23759711 -3.71279132 -0.39393939],[-16.77568491],[0.06024526]
31,[-3.11003577  6.19100331  0.85413559],[-5.97491729],[-1.17413059 -3.52239176 -0.37373737],[-16.55946328],[0.06617524]
32,[-2.64796811 -5.64079281 -0.66593052],[-3.1249498],[-1.11066407 -3.33199221 -0.35353535],[-16.25746389],[0.07307086]
33,[2.40874269 1.31990658 0.13616426],[10.30481111],[-1.04719755 -3.14159265 -0.33333333],[-15.86895425],[0.08031945]
34,[2.31514404 4.93063858 0.93323044],[8.57219253],[-0.98373103 -2.9511931  -0.31313131],[-15.39346191],[0.08748684]
35,[-2.31378926 -2.03936046 -0.81526852],[-10.66305763],[-0.92026451 -2.76079354 -0.29292929],[-14.83101045],[0.09428414]
36,[-2.43767991  6.08061408  0.86941783],[-14.37952273],[-0.856798   -2.57039399 -0.27272727],[-14.18234712],[0.10052199]
37,[-1.59839611 -7.0109299  -0.81575111],[-15.2507947],[-0.79333148 -2.37999443 -0.25252525],[-13.44914362],[0.10607145]
38,[-0.69895378 -2.76740271  0.24114583],[-12.8100502],[-0.72986496 -2.18959488 -0.23232323],[-12.63415373],[0.11083534]
39,[-0.30671311  5.9978749   0.97674857],[0.31137943],[-0.66639844 -1.99919533 -0.21212121],[-11.74131454],[0.11472982]
40,[-2.17427001 -2.66212814  0.28292259],[-12.65427228],[-0.60293192 -1.80879577 -0.19191919],[-10.77578247],[0.11767516]
41,[-1.75155192 -8.92804224 -0.45253066],[-13.17356324],[-0.53946541 -1.61839622 -0.17171717],[-9.74389964],[0.11959441]
42,[-0.87933683 -4.73243924 -0.80456787],[-15.58628057],[-0.47599889 -1.42799666 -0.15151515],[-8.65309179],[0.1204184]
43,[-2.11513068  2.66953239  0.45778287],[-15.65114304],[-0.41253237 -1.23759711 -0.13131313],[-7.51170333],[0.12009521]
44,[ 1.48763072  8.5580879  -0.10064922],[15.69060445],[-0.34906585 -1.04719755 -0.11111111],[-6.32877988],[0.11860239]
45,[2.48426461 7.60905169 0.70281159],[4.12444413],[-0.28559933 -0.856798   -0.09090909],[-5.11381228],[0.11596004]
46,[0.54997916 4.63401921 0.18214298],[12.22745903],[-0.22213281 -0.66639844 -0.07070707],[-3.87645879],[0.11224348]
47,[ 0.42497054  0.74726081 -0.5637083 ],[7.48545886],[-0.1586663  -0.47599889 -0.05050505],[-2.62626341],[0.10759416]
48,[-1.40816688 -1.30621469  0.14413434],[-17.14293707],[-0.09519978 -0.28559933 -0.03030303],[-1.37238865],[0.10222746]
49,[ 1.99156721 -1.94205158 -0.40117407],[16.20615406],[-0.03173326 -0.09519978 -0.01010101],[-0.12337974],[0.09643536]
50,[ 2.49233403  2.11167221 -0.06716477],[8.73847774],[0.03173326 0.09519978 0.01010101],[1.11302501],[0.09058042]
51,[-3.13463749 -5.04076175 -0.4955859 ],[4.25501718],[0.09519978 0.28559933 0.03030303],[2.33002653],[0.08507503]
52,[-2.86332041 -7.55055192  0.08690104],[1.36269615],[0.1586663  0.47599889 0.05050505],[3.52183256],[0.08033815]
53,[-0.35845346  5.59002306  0.98135221],[-0.91287856],[0.22213281 0.66639844 0.07070707],[4.68365812],[0.07672551]
54,[ 1.36079053 -4.06196504 -0.26709054],[15.90605149],[0.28559933 0.856798   0.09090909],[5.81166083],[0.07444568]
55,[-0.29553989 -1.80552602  0.90465413],[-5.94943661],[0.34906585 1.04719755 0.11111111],[6.90281752],[0.07349804]
56,[0.98384162 1.33210712 0.92430281],[15.38477451],[0.41253237 1.23759711 0.13131313],[7.9547528],[0.07367424]
57,[ 2.74167754  3.93760013 -0.93130954],[4.1407541],[0.47599889 1.42799666 0.15151515],[8.96553295],[0.07463062]
58,[-1.51962897  6.91696138  0.78986251],[-15.68274902],[0.53946541 1.61839622 0.17171717],[9.93344111],[0.07599343]
59,[0.5415213  3.06393213 0.71401683],[11.49467639],[0.60293192 1.80879577 0.19191919],[10.85675026],[0.07744898]
60,[-1.14745326 -4.09477372  0.67298814],[-16.6934392],[0.66639844 1.99919533 0.21212121],[11.7335109],[0.07879456]
61,[1.03387863 9.00277945 0.31063107],[16.5846556],[0.72986496 2.18959488 0.23232323],[12.5613686],[0.07995039]
62,[ 0.57140378  5.18048241 -0.25086305],[12.57052056],[0.79333148 2.37999443 0.25252525],[13.33742459],[0.08094149]
63,[-1.39512641  4.07666956 -0.32876633],[-16.25094969],[0.856798   2.57039399 0.27272727],[14.05814952],[0.08185841]
64,[-2.66567556  7.15117591 -0.74398722],[-11.78878628],[0.92026451 2.76079354 0.29292929],[14.71935659],[0.082805]
65,[ 0.67346886  5.55107545 -0.97688507],[13.58441358],[0.98373103 2.9511931  0.31313131],[15.31623657],[0.08384476]
66,[-2.10862249 -8.55567763 -0.25715961],[-9.30152737],[1.04719755 3.14159265 0.33333333],[15.8434531],[0.08495995]
67,[ 2.6115663  -6.26024255 -0.66297178],[12.63518623],[1.11066407 3.33199221 0.35353535],[16.29529257],[0.08603645]
68,[ 2.38285327  7.47470263 -0.60029478],[6.75085718],[1.17413059 3.52239176 0.37373737],[16.66586021],[0.08687951]
69,[2.48454544 7.99012704 0.136974  ],[4.25463863],[1.23759711 3.71279132 0.39393939],[16.94931048],[0.08725535]
70,[ 1.3934403   9.29725204 -0.46380773],[16.07481751],[1.30106362 3.90319087 0.41414141],[17.14009881],[0.08694783]
71,[-1.30165938  1.61093232  0.0679382 ],[-16.33922473],[1.36453014 4.09359043 0.43434343],[17.23324014],[0.08581943]
72,[ 2.2943738   4.20170135 -0.26167958],[10.16849478],[1.42799666 4.28398998 0.45454545],[17.22456008],[0.0838698]
73,[-2.07804433 -4.71249168  0.34319536],[-12.58490906],[1.49146318 4.47438954 0.47474747],[17.11092505],[0.08128733]
74,[ 2.79376469 -3.74601982  0.16135915],[8.30990372],[1.5549297  4.66478909 0.49494949],[16.89043952],[0.07848483]
75,[0.98814771 1.35468639 0.25984644],[15.25644268],[1.61839622 4.85518865 0.51515152],[16.56260059],[0.07609604]
76,[-1.4906618  -9.19641627 -0.38910681],[-15.24611195],[1.68186273 5.0455882  0.53535354],[16.12840293],[0.07488718]
77,[ 2.92392396 -4.45167469 -0.06430807],[7.03131472],[1.74532925 5.23598776 0.55555556],[15.59038985],[0.0755441]
78,[ 3.05357042 -0.74764644 -0.69295093],[2.58816725],[1.80879577 5.42638731 0.57575758],[14.95264962],[0.07838748]
79,[-1.75329173 -3.80405665 -0.47131728],[-15.60319387],[1.87226229 5.61678687 0.5959596 ],[14.22075847],[0.08319819]
80,[ 0.45410574  9.36578536 -0.7211202 ],[13.02223432],[1.93572881 5.80718642 0.61616162],[13.40167509],[0.08928639]
81,[ 2.21678749 -2.40282218 -0.31966966],[14.70071668],[1.99919533 5.99758598 0.63636364],[12.50359273],[0.09571973]
82,[-2.63051241  7.40960397 -0.75998973],[-12.33858203],[2.06266184 6.18798553 0.65656566],[11.53575729],[0.10154294]
83,[-2.06995554 -7.02909723  0.15535468],[-11.12626059],[2.12612836 6.37838508 0.67676768],[10.50826064],[0.10592284]
84,[-2.55279851 -3.74858615 -0.50597599],[-6.21804677],[2.18959488 6.56878464 0.6969697 ],[9.43181866],[0.10824808]
85,[ 0.11248924  7.20173145 -0.21119982],[7.468765],[2.2530614  6.75918419 0.71717172],[8.31754367],[0.10823836]
86,[-1.63494915  0.06444877  0.67634566],[-17.17887435],[2.31652792 6.94958375 0.73737374],[7.17672026],[0.10612163]
87,[ 2.53479996 -7.62970457 -0.1614383 ],[13.84098498],[2.37999443 7.1399833  0.75757576],[6.02059217],[0.10294278]
88,[-1.03696302 -6.70881588 -0.07884215],[-16.62683998],[2.44346095 7.33038286 0.77777778],[4.86016695],[0.10100734]
89,[-2.73819893 -4.64903453 -0.12261933],[-2.82841065],[2.50692747 7.52078241 0.7979798 ],[3.7060432],[0.10409526]
90,[-0.98044794  2.53775633  0.48937659],[-13.06983906],[2.57039399 7.71118197 0.81818182],[2.56826371],[0.11644589]
91,[1.38186586 1.27361169 0.50262201],[17.10637848],[2.63386051 7.90158152 0.83838384],[1.45619619],[0.14055963]
92,[ 3.07052663  1.13353388 -0.29586274],[0.48517563],[2.69732703 8.09198108 0.85858586],[0.37844168],[0.17646574]
93,[-1.66287816 -2.20189622  0.33572437],[-16.77317218],[2.76079354 8.28238063 0.87878788],[-0.65723057],[0.22305529]
94,[-0.88775801 -3.96942552 -0.49036382],[-15.36462366],[2.82426006 8.47278019 0.8989899 ],[-1.64392387],[0.27923873]
95,[ 1.54991943  3.70790205 -0.98085418],[16.95791712],[2.88772658 8.66317974 0.91919192],[-2.5756335],[0.34424964]
96,[1.3625201  5.87746578 0.51256583],[16.7626344],[2.9511931  8.8535793  0.93939394],[-3.4472483],[0.41758997]
97,[-0.75126592  8.0050641   0.49185084],[-5.95437291],[3.01465962 9.04397885 0.95959596],[-4.25453793],[0.49892522]
98,[ 2.56081096 -1.75351192 -0.34195056],[10.55879725],[3.07812614 9.23437841 0.97979798],[-4.99412932],[0.58800202]
99,[ 2.61670415  9.21367072 -0.66802552],[1.76375797],[3.14159265 9.42477796 1.        ],[-5.6634756],[0.68458919]
