,x_train,y_train,x_test,y_pred,y_std,score
0,[-6.14977268 -1.81747398 -0.86943851],[39.34861734],[-9.42477796 -9.42477796 -1.        ],[45.65686263],[2.59215114],0.688838532397764
1,[ 8.45153968 -0.71370248 -0.70108922],[71.22321902],[-9.23437841 -9.23437841 -0.97979798],[44.49716724],[2.51257489],
2,[6.07535705 1.60780347 0.81824514],[36.5161062],[-9.04397885 -9.04397885 -0.95959596],[43.33993602],[2.43403025],
3,[ 1.90537332 -1.15169906 -0.4845579 ],[3.6528793],[-8.8535793  -8.8535793  -0.93939394],[42.18643739],[2.35656911],
4,[ 4.44994594 -7.99191997 -0.68885276],[19.80163861],[-8.66317974 -8.66317974 -0.91919192],[41.03794592],[2.2802438],
5,[ 6.02338252 -5.7428903  -0.58776654],[38.75357393],[-8.47278019 -8.47278019 -0.8989899 ],[39.89574087],[2.20510713],
6,[ 6.23667965 -8.92662017 -0.63530941],[38.78638596],[-8.28238063 -8.28238063 -0.87878788],[38.7611046],[2.13121234],
7,[ 3.25285037  2.3533601  -0.67313259],[9.24115147],[-8.09198108 -8.09198108 -0.85858586],[37.63532112],[2.05861315],
8,[-4.66874319  8.39977294  0.03623124],[20.8673493],[-7.90158152 -7.90158152 -0.83838384],[36.51967454],[1.98736377],
9,[ 8.98268912  2.25061576 -0.31807982],[80.57737875],[-7.71118197 -7.71118197 -0.81818182],[35.41544745],[1.91751889],
10,,,[-7.52078241 -7.52078241 -0.7979798 ],[34.32391942],[1.84913367],
11,,,[-7.33038286 -7.33038286 -0.77777778],[33.24636538],[1.78226374],
12,,,[-7.1399833  -7.1399833  -0.75757576],[32.18405407],[1.71696512],
13,,,[-6.94958375 -6.94958375 -0.73737374],[31.13824643],[1.6532942],
14,,,[-6.75918419 -6.75918419 -0.71717172],[30.11019399],[1.59130765],
15,,,[-6.56878464 -6.56878464 -0.6969697 ],[29.10113732],[1.53106226],
16,,,[-6.37838508 -6.37838508 -0.67676768],[28.11230445],[1.47261477],
17,,,[-6.18798553 -6.18798553 -0.65656566],[27.14490922],[1.41602165],
18,,,[-5.99758598 -5.99758598 -0.63636364],[26.20014978],[1.36133877],
19,,,[-5.80718642 -5.80718642 -0.61616162],[25.27920699],[1.30862098],
20,,,[-5.61678687 -5.61678687 -0.5959596 ],[24.38324287],[1.25792163],
21,,,[-5.42638731 -5.42638731 -0.57575758],[23.51339907],[1.20929194],
22,,,[-5.23598776 -5.23598776 -0.55555556],[22.67079536],[1.1627802],
23,,,[-5.0455882  -5.0455882  -0.53535354],[21.85652811],[1.1184309],
24,,,[-4.85518865 -4.85518865 -0.51515152],[21.07166882],[1.07628362],
25,,,[-4.66478909 -4.66478909 -0.49494949],[20.3172627],[1.03637187],
26,,,[-4.47438954 -4.47438954 -0.47474747],[19.59432718],[0.99872171],
27,,,[-4.28398998 -4.28398998 -0.45454545],[18.90385057],[0.96335031],
28,,,[-4.09359043 -4.09359043 -0.43434343],[18.24679069],[0.93026444],
29,,,[-3.90319087 -3.90319087 -0.41414141],[17.6240735],[0.89945898],
30,,,[-3.71279132 -3.71279132 -0.39393939],[17.03659185],[0.87091554],
31,,,[-3.52239176 -3.52239176 -0.37373737],[16.48520422],[0.84460123],
32,,,[-3.33199221 -3.33199221 -0.35353535],[15.97073346],[0.82046783],
33,,,[-3.14159265 -3.14159265 -0.33333333],[15.49396567],[0.79845123],
34,,,[-2.9511931  -2.9511931  -0.31313131],[15.05564903],[0.77847157],
35,,,[-2.76079354 -2.76079354 -0.29292929],[14.65649277],[0.76043374],
36,,,[-2.57039399 -2.57039399 -0.27272727],[14.29716607],[0.74422861],
37,,,[-2.37999443 -2.37999443 -0.25252525],[13.97829711],[0.7297348],
38,,,[-2.18959488 -2.18959488 -0.23232323],[13.70047215],[0.71682088],
39,,,[-1.99919533 -1.99919533 -0.21212121],[13.4642346],[0.70534807],
40,,,[-1.80879577 -1.80879577 -0.19191919],[13.27008427],[0.69517314],
41,,,[-1.61839622 -1.61839622 -0.17171717],[13.11847651],[0.68615145],
42,,,[-1.42799666 -1.42799666 -0.15151515],[13.00982158],[0.67813998],
43,,,[-1.23759711 -1.23759711 -0.13131313],[12.94448394],[0.6710002],
44,,,[-1.04719755 -1.04719755 -0.11111111],[12.92278169],[0.6646008],
45,,,[-0.856798   -0.856798   -0.09090909],[12.94498602],[0.65882003],
46,,,[-0.66639844 -0.66639844 -0.07070707],[13.01132073],[0.65354782],
47,,,[-0.47599889 -0.47599889 -0.05050505],[13.12196185],[0.64868755],
48,,,[-0.28559933 -0.28559933 -0.03030303],[13.27703728],[0.64415758],
49,,,[-0.09519978 -0.09519978 -0.01010101],[13.47662652],[0.63989246],
50,,,[0.09519978 0.09519978 0.01010101],[13.72076042],[0.63584397],
51,,,[0.28559933 0.28559933 0.03030303],[14.00942107],[0.63198202],
52,,,[0.47599889 0.47599889 0.05050505],[14.3425417],[0.62829535],
53,,,[0.66639844 0.66639844 0.07070707],[14.72000666],[0.62479212],
54,,,[0.856798   0.856798   0.09090909],[15.14165147],[0.62150043],
55,,,[1.04719755 1.04719755 0.11111111],[15.60726293],[0.61846863],
56,,,[1.23759711 1.23759711 0.13131313],[16.11657931],[0.61576552],
57,,,[1.42799666 1.42799666 0.15151515],[16.66929056],[0.61348029],
58,,,[1.61839622 1.61839622 0.17171717],[17.26503867],[0.61172209],
59,,,[1.80879577 1.80879577 0.19191919],[17.90341801],[0.61061926],
60,,,[1.99919533 1.99919533 0.21212121],[18.58397577],[0.61031792],
61,,,[2.18959488 2.18959488 0.23232323],[19.30621248],[0.61097995],
62,,,[2.37999443 2.37999443 0.25252525],[20.06958257],[0.61278021],
63,,,[2.57039399 2.57039399 0.27272727],[20.87349498],[0.61590294],
64,,,[2.76079354 2.76079354 0.29292929],[21.71731388],[0.62053739],
65,,,[2.9511931  2.9511931  0.31313131],[22.60035938],[0.62687281],
66,,,[3.14159265 3.14159265 0.33333333],[23.52190837],[0.63509305],
67,,,[3.33199221 3.33199221 0.35353535],[24.48119539],[0.64537107],
68,,,[3.52239176 3.52239176 0.37373737],[25.47741352],[0.65786375],
69,,,[3.71279132 3.71279132 0.39393939],[26.50971536],[0.6727075],
70,,,[3.90319087 3.90319087 0.41414141],[27.57721411],[0.69001486],
71,,,[4.09359043 4.09359043 0.43434343],[28.67898459],[0.70987255],
72,,,[4.28398998 4.28398998 0.45454545],[29.81406439],[0.7323408],
73,,,[4.47438954 4.47438954 0.47474747],[30.98145507],[0.75745407],
74,,,[4.66478909 4.66478909 0.49494949],[32.18012337],[0.78522293],
75,,,[4.85518865 4.85518865 0.51515152],[33.40900249],[0.81563663],
76,,,[5.0455882  5.0455882  0.53535354],[34.66699337],[0.8486663],
77,,,[5.23598776 5.23598776 0.55555556],[35.95296611],[0.88426821],
78,,,[5.42638731 5.42638731 0.57575758],[37.26576128],[0.92238701],
79,,,[5.61678687 5.61678687 0.5959596 ],[38.60419141],[0.96295875],
80,,,[5.80718642 5.80718642 0.61616162],[39.96704243],[1.00591342],
81,,,[5.99758598 5.99758598 0.63636364],[41.35307516],[1.05117716],
82,,,[6.18798553 6.18798553 0.65656566],[42.76102683],[1.09867405],
83,,,[6.37838508 6.37838508 0.67676768],[44.18961265],[1.14832741],
84,,,[6.56878464 6.56878464 0.6969697 ],[45.63752734],[1.20006092],
85,,,[6.75918419 6.75918419 0.71717172],[47.10344677],[1.25379925],
86,,,[6.94958375 6.94958375 0.73737374],[48.58602957],[1.30946866],
87,,,[7.1399833  7.1399833  0.75757576],[50.08391872],[1.36699722],
88,,,[7.33038286 7.33038286 0.77777778],[51.59574324],[1.42631505],
89,,,[7.52078241 7.52078241 0.7979798 ],[53.12011983],[1.48735432],
90,,,[7.71118197 7.71118197 0.81818182],[54.65565453],[1.5500493],
91,,,[7.90158152 7.90158152 0.83838384],[56.20094443],[1.61433626],
92,,,[8.09198108 8.09198108 0.85858586],[57.75457931],[1.68015338],
93,,,[8.28238063 8.28238063 0.87878788],[59.31514331],[1.74744065],
94,,,[8.47278019 8.47278019 0.8989899 ],[60.88121666],[1.81613969],
95,,,[8.66317974 8.66317974 0.91919192],[62.45137734],[1.88619371],
96,,,[8.8535793  8.8535793  0.93939394],[64.02420271],[1.95754728],
97,,,[9.04397885 9.04397885 0.95959596],[65.59827122],[2.0301463],
98,,,[9.23437841 9.23437841 0.97979798],[67.17216404],[2.10393781],
99,,,[9.42477796 9.42477796 1.        ],[68.74446672],[2.17886994],
