,x_train,y_train,x_test,y_pred,y_std
0,[-1.71855465 -0.67476017  0.90386628],[2.75310035],[-3.14159265 -9.42477796 -1.        ],[8.16818078],[14.62000301]
1,[ 1.28987016 -7.79610658  0.34250125],[1.441746],[-3.07812614 -9.23437841 -0.97979798],[8.12245235],[13.99608344]
2,[-0.00922394 -4.04679703  0.56814093],[-0.05969357],[-3.01465962 -9.04397885 -0.95959596],[8.06100784],[13.37303651]
3,[-1.19989289 -2.85785684  0.22635954],[1.39048764],[-2.9511931  -8.8535793  -0.93939394],[7.98400998],[12.75216333]
4,[-0.03748926 -4.68409171  0.70501171],[0.0008601],[-2.88772658 -8.66317974 -0.91919192],[7.8917091],[12.13475866]
5,[-2.19362947e+00  4.86606704e+00  3.86675724e-03],[4.60703976],[-2.82426006 -8.47278019 -0.8989899 ],[7.78444259],[11.52210422]
6,[-0.20085703  7.79479788 -0.52733008],[0.03900263],[-2.76079354 -8.28238063 -0.87878788],[7.66263352],[10.91546233]
7,[-1.63522886 -3.22860073 -0.07877163],[2.77770883],[-2.69732703 -8.09198108 -0.85858586],[7.52678857],[10.31606997]
8,[-0.3738204   5.05389383 -0.50918919],[0.11751439],[-2.63386051 -7.90158152 -0.83838384],[7.37749505],[9.72513348]
9,[ 0.04593194  1.20465852 -0.21608235],[-0.00719103],[-2.57039399 -7.71118197 -0.81818182],[7.21541732],[9.1438239]
10,,,[-2.50692747 -7.52078241 -0.7979798 ],[7.04129229],[8.57327309]
11,,,[-2.44346095 -7.33038286 -0.77777778],[6.8559243],[8.01457081]
12,,,[-2.37999443 -7.1399833  -0.75757576],[6.66017932],[7.46876284]
13,,,[-2.31652792 -6.94958375 -0.73737374],[6.45497845],[6.93685034]
14,,,[-2.2530614  -6.75918419 -0.71717172],[6.24129091],[6.41979062]
15,,,[-2.18959488 -6.56878464 -0.6969697 ],[6.0201265],[5.91849957]
16,,,[-2.12612836 -6.37838508 -0.67676768],[5.79252757],[5.43385618]
17,,,[-2.06266184 -6.18798553 -0.65656566],[5.55956074],[4.9667095]
18,,,[-1.99919533 -5.99758598 -0.63636364],[5.32230819],[4.51788891]
19,,,[-1.93572881 -5.80718642 -0.61616162],[5.08185891],[4.08821861]
20,,,[-1.87226229 -5.61678687 -0.5959596 ],[4.83929973],[3.67853799]
21,,,[-1.80879577 -5.42638731 -0.57575758],[4.59570644],[3.28973016]
22,,,[-1.74532925 -5.23598776 -0.55555556],[4.35213494],[2.92276213]
23,,,[-1.68186273 -5.0455882  -0.53535354],[4.10961262],[2.57874147]
24,,,[-1.61839622 -4.85518865 -0.51515152],[3.86913002],[2.25899626]
25,,,[-1.5549297  -4.66478909 -0.49494949],[3.63163286],[1.96518519]
26,,,[-1.49146318 -4.47438954 -0.47474747],[3.39801454],[1.69944085]
27,,,[-1.42799666 -4.28398998 -0.45454545],[3.16910927],[1.46452779]
28,,,[-1.36453014 -4.09359043 -0.43434343],[2.9456857],[1.26393489]
29,,,[-1.30106362 -3.90319087 -0.41414141],[2.72844141],[1.10168105]
30,,,[-1.23759711 -3.71279132 -0.39393939],[2.51799807],[0.9814307]
31,,,[-1.17413059 -3.52239176 -0.37373737],[2.3148975],[0.90462156]
32,,,[-1.11066407 -3.33199221 -0.35353535],[2.11959861],[0.86828987]
33,,,[-1.04719755 -3.14159265 -0.33333333],[1.93247516],[0.86451963]
34,,,[-0.98373103 -2.9511931  -0.31313131],[1.75381462],[0.88250862]
35,,,[-0.92026451 -2.76079354 -0.29292929],[1.58381784],[0.9115794]
36,,,[-0.856798   -2.57039399 -0.27272727],[1.42259978],[0.94304344]
37,,,[-0.79333148 -2.37999443 -0.25252525],[1.2701911],[0.97059381]
38,,,[-0.72986496 -2.18959488 -0.23232323],[1.12654077],[0.98994304]
39,,,[-0.66639844 -1.99919533 -0.21212121],[0.99151945],[0.99830706]
40,,,[-0.60293192 -1.80879577 -0.19191919],[0.86492383],[0.99398005]
41,,,[-0.53946541 -1.61839622 -0.17171717],[0.74648169],[0.97604794]
42,,,[-0.47599889 -1.42799666 -0.15151515],[0.6358577],[0.94422699]
43,,,[-0.41253237 -1.23759711 -0.13131313],[0.53265987],[0.89881231]
44,,,[-0.34906585 -1.04719755 -0.11111111],[0.43644657],[0.84074396]
45,,,[-0.28559933 -0.856798   -0.09090909],[0.34673398],[0.77183884]
46,,,[-0.22213281 -0.66639844 -0.07070707],[0.263004],[0.69531042]
47,,,[-0.1586663  -0.47599889 -0.05050505],[0.18471239],[0.61681746]
48,,,[-0.09519978 -0.28559933 -0.03030303],[0.11129703],[0.54633367]
49,,,[-0.03173326 -0.09519978 -0.01010101],[0.04218638],[0.50025394]
50,,,[0.03173326 0.09519978 0.01010101],[-0.02319225],[0.49929269]
51,,,[0.09519978 0.28559933 0.03030303],[-0.08540444],[0.55641669]
52,,,[0.1586663  0.47599889 0.05050505],[-0.14500075],[0.66738018]
53,,,[0.22213281 0.66639844 0.07070707],[-0.20250908],[0.81906091]
54,,,[0.28559933 0.856798   0.09090909],[-0.25842749],[0.99993232]
55,,,[0.34906585 1.04719755 0.11111111],[-0.31321759],[1.20238434]
56,,,[0.41253237 1.23759711 0.13131313],[-0.36729847],[1.42161608]
57,,,[0.47599889 1.42799666 0.15151515],[-0.42104134],[1.65445307]
58,,,[0.53946541 1.61839622 0.17171717],[-0.47476488],[1.89862935]
59,,,[0.60293192 1.80879577 0.19191919],[-0.52873142],[2.15239816]
60,,,[0.66639844 1.99919533 0.21212121],[-0.58314392],[2.41432363]
61,,,[0.72986496 2.18959488 0.23232323],[-0.63814381],[2.68316755]
62,,,[0.79333148 2.37999443 0.25252525],[-0.6938097],[2.95782689]
63,,,[0.856798   2.57039399 0.27272727],[-0.75015697],[3.23729879]
64,,,[0.92026451 2.76079354 0.29292929],[-0.80713827],[3.52066124]
65,,,[0.98373103 2.9511931  0.31313131],[-0.8646448],[3.80706272]
66,,,[1.04719755 3.14159265 0.33333333],[-0.92250851],[4.09571709]
67,,,[1.11066407 3.33199221 0.35353535],[-0.980505],[4.38590175]
68,,,[1.17413059 3.52239176 0.37373737],[-1.03835723],[4.6769577]
69,,,[1.23759711 3.71279132 0.39393939],[-1.09573987],[4.96829066]
70,,,[1.30106362 3.90319087 0.41414141],[-1.15228429],[5.25937293]
71,,,[1.36453014 4.09359043 0.43434343],[-1.20758406],[5.54974543]
72,,,[1.42799666 4.28398998 0.45454545],[-1.26120092],[5.83901996]
73,,,[1.49146318 4.47438954 0.47474747],[-1.31267119],[6.12688131]
74,,,[1.5549297  4.66478909 0.49494949],[-1.36151237],[6.41308926]
75,,,[1.61839622 4.85518865 0.51515152],[-1.40722998],[6.69748028]
76,,,[1.68186273 5.0455882  0.53535354],[-1.44932458],[6.97996896]
77,,,[1.74532925 5.23598776 0.55555556],[-1.48729866],[7.26054897]
78,,,[1.80879577 5.42638731 0.57575758],[-1.52066363],[7.53929354]
79,,,[1.87226229 5.61678687 0.5959596 ],[-1.54894647],[7.81635538]
80,,,[1.93572881 5.80718642 0.61616162],[-1.57169631],[8.09196589]
81,,,[1.99919533 5.99758598 0.63636364],[-1.58849054],[8.36643363]
82,,,[2.06266184 6.18798553 0.65656566],[-1.59894066],[8.64014191]
83,,,[2.12612836 6.37838508 0.67676768],[-1.60269754],[8.91354529]
84,,,[2.18959488 6.56878464 0.6969697 ],[-1.59945628],[9.18716514]
85,,,[2.2530614  6.75918419 0.71717172],[-1.58896039],[9.46158388]
86,,,[2.31652792 6.94958375 0.73737374],[-1.57100545],[9.73743801]
87,,,[2.37999443 7.1399833  0.75757576],[-1.54544207],[10.01540992]
88,,,[2.44346095 7.33038286 0.77777778],[-1.51217819],[10.29621831]
89,,,[2.50692747 7.52078241 0.7979798 ],[-1.47118071],[10.58060742]
90,,,[2.57039399 7.71118197 0.81818182],[-1.42247638],[10.86933515]
91,,,[2.63386051 7.90158152 0.83838384],[-1.36615207],[11.16316021]
92,,,[2.69732703 8.09198108 0.85858586],[-1.30235428],[11.46282848]
93,,,[2.76079354 8.28238063 0.87878788],[-1.23128807],[11.76905896]
94,,,[2.82426006 8.47278019 0.8989899 ],[-1.15321529],[12.08252951]
95,,,[2.88772658 8.66317974 0.91919192],[-1.06845223],[12.40386287]
96,,,[2.9511931  8.8535793  0.93939394],[-0.97736676],[12.73361316]
97,,,[3.01465962 9.04397885 0.95959596],[-0.88037486],[13.07225338]
98,,,[3.07812614 9.23437841 0.97979798],[-0.77793678],[13.4201642]
99,,,[3.14159265 9.42477796 1.        ],[-0.67055274],[13.77762428]
