,x_train,y_train,x_test,y_pred,y_std
0,[ 3.06053582  0.00669468 -0.25827736],[1.56623539],[-3.14159265 -9.42477796 -1.        ],[-5.06037092],[4.86378199]
1,[-0.54936904 -6.5728983  -0.17224626],[-10.6395815],[-3.07812614 -9.23437841 -0.97979798],[-5.16038994],[4.70778043]
2,[ 0.87920356 -4.20596725 -0.43214774],[14.64805462],[-3.01465962 -9.04397885 -0.95959596],[-5.24029456],[4.55073216]
3,[ 2.63895618  4.30912823 -0.2111281 ],[8.95914398],[-2.9511931  -8.8535793  -0.93939394],[-5.30170248],[4.39247302]
4,[-1.35684577 -2.84386763 -0.0655755 ],[-18.98957402],[-2.88772658 -8.66317974 -0.91919192],[-5.34716652],[4.23264059]
5,[-1.92409013 -0.37729924 -0.50583376],[-18.15958636],[-2.82426006 -8.47278019 -0.8989899 ],[-5.38017752],[4.07074056]
6,[-0.98091918 -8.10155737  0.32270996],[-16.49254556],[-2.76079354 -8.28238063 -0.87878788],[-5.40512956],[3.90623699]
7,[ 0.63369324 -0.54405229 -0.57163147],[11.41954811],[-2.69732703 -8.09198108 -0.85858586],[-5.4272446],[3.7386597]
8,[-2.97081802 -5.07686779  0.31254148],[-2.81108049],[-2.63386051 -7.90158152 -0.83838384],[-5.4524551],[3.56771925]
9,[3.0286633  5.35576371 0.07521734],[1.67712784],[-2.57039399 -7.71118197 -0.81818182],[-5.48724478],[3.39341975]
10,,,[-2.50692747 -7.52078241 -0.7979798 ],[-5.53844992],[3.21615897]
11,,,[-2.44346095 -7.33038286 -0.77777778],[-5.6130251],[3.0368063]
12,,,[-2.37999443 -7.1399833  -0.75757576],[-5.71777969],[2.85674898]
13,,,[-2.31652792 -6.94958375 -0.73737374],[-5.85909302],[2.67789732]
14,,,[-2.2530614  -6.75918419 -0.71717172],[-6.04261804],[2.50263824]
15,,,[-2.18959488 -6.56878464 -0.6969697 ],[-6.27298434],[2.33372453]
16,,,[-2.12612836 -6.37838508 -0.67676768],[-6.55351277],[2.17408631]
17,,,[-2.06266184 -6.18798553 -0.65656566],[-6.88595387],[2.02655464]
18,,,[-1.99919533 -5.99758598 -0.63636364],[-7.27026277],[1.89350199]
19,,,[-1.93572881 -5.80718642 -0.61616162],[-7.704422],[1.77643522]
20,,,[-1.87226229 -5.61678687 -0.5959596 ],[-8.18432286],[1.6756215]
21,,,[-1.80879577 -5.42638731 -0.57575758],[-8.7037137],[1.58986266]
22,,,[-1.74532925 -5.23598776 -0.55555556],[-9.25422165],[1.51652422]
23,,,[-1.68186273 -5.0455882  -0.53535354],[-9.82545093],[1.45185074]
24,,,[-1.61839622 -4.85518865 -0.51515152],[-10.40515841],[1.3914944]
25,,,[-1.5549297  -4.66478909 -0.49494949],[-10.97950331],[1.33111278]
26,,,[-1.49146318 -4.47438954 -0.47474747],[-11.53336506],[1.26689803]
27,,,[-1.42799666 -4.28398998 -0.45454545],[-12.05072014],[1.19596096]
28,,,[-1.36453014 -4.09359043 -0.43434343],[-12.51506563],[1.11656287]
29,,,[-1.30106362 -3.90319087 -0.41414141],[-12.90987545],[1.02823315]
30,,,[-1.23759711 -3.71279132 -0.39393939],[-13.219073],[0.93183167]
31,,,[-1.17413059 -3.52239176 -0.37373737],[-13.42750323],[0.82962621]
32,,,[-1.11066407 -3.33199221 -0.35353535],[-13.52138676],[0.72547065]
33,,,[-1.04719755 -3.14159265 -0.33333333],[-13.48873931],[0.62518223]
34,,,[-0.98373103 -2.9511931  -0.31313131],[-13.31974093],[0.53711897]
35,,,[-0.92026451 -2.76079354 -0.29292929],[-13.00704168],[0.47233321]
36,,,[-0.856798   -2.57039399 -0.27272727],[-12.54599297],[0.44206033]
37,,,[-0.79333148 -2.37999443 -0.25252525],[-11.93479709],[0.45083071]
38,,,[-0.72986496 -2.18959488 -0.23232323],[-11.17457077],[0.49198224]
39,,,[-0.66639844 -1.99919533 -0.21212121],[-10.26932249],[0.55311391]
40,,,[-0.60293192 -1.80879577 -0.19191919],[-9.22584655],[0.6236528]
41,,,[-0.53946541 -1.61839622 -0.17171717],[-8.05354066],[0.69733738]
42,,,[-0.47599889 -1.42799666 -0.15151515],[-6.76415647],[0.77165117]
43,,,[-0.41253237 -1.23759711 -0.13131313],[-5.37149507],[0.84675886]
44,,,[-0.34906585 -1.04719755 -0.11111111],[-3.89106118],[0.92458316]
45,,,[-0.28559933 -0.856798   -0.09090909],[-2.33969074],[1.00797474]
46,,,[-0.22213281 -0.66639844 -0.07070707],[-0.73516691],[1.09990731]
47,,,[-0.1586663  -0.47599889 -0.05050505],[0.90416104],[1.20274568]
48,,,[-0.09519978 -0.28559933 -0.03030303],[2.55974277],[1.31770738]
49,,,[-0.03173326 -0.09519978 -0.01010101],[4.21316455],[1.44461324]
50,,,[0.03173326 0.09519978 0.01010101],[5.84645033],[1.58192803]
51,,,[0.09519978 0.28559933 0.03030303],[7.44232013],[1.72700659]
52,,,[0.1586663  0.47599889 0.05050505],[8.98440188],[1.87643475]
53,,,[0.22213281 0.66639844 0.07070707],[10.45739628],[2.02637885]
54,,,[0.28559933 0.856798   0.09090909],[11.8471963],[2.17289828]
55,,,[0.34906585 1.04719755 0.11111111],[13.14096572],[2.31220651]
56,,,[0.41253237 1.23759711 0.13131313],[14.32718255],[2.44088201]
57,,,[0.47599889 1.42799666 0.15151515],[15.39565478],[2.55603491]
58,,,[0.53946541 1.61839622 0.17171717],[16.33751639],[2.65543478]
59,,,[0.60293192 1.80879577 0.19191919],[17.14521177],[2.73760236]
60,,,[0.66639844 1.99919533 0.21212121],[17.81247606],[2.80186573]
61,,,[0.72986496 2.18959488 0.23232323],[18.33431803],[2.84837924]
62,,,[0.79333148 2.37999443 0.25252525],[18.70701051],[2.87810227]
63,,,[0.856798   2.57039399 0.27272727],[18.92809179],[2.89273389]
64,,,[0.92026451 2.76079354 0.29292929],[18.99637924],[2.8946]
65,,,[0.98373103 2.9511931  0.31313131],[18.91199452],[2.88649095]
66,,,[1.04719755 3.14159265 0.33333333],[18.67639799],[2.87145214]
67,,,[1.11066407 3.33199221 0.35353535],[18.292428],[2.8525375]
68,,,[1.17413059 3.52239176 0.37373737],[17.76433968],[2.83254574]
69,,,[1.23759711 3.71279132 0.39393939],[17.09783687],[2.81377075]
70,,,[1.30106362 3.90319087 0.41414141],[16.30009038],[2.79780513]
71,,,[1.36453014 4.09359043 0.43434343],[15.37973603],[2.78543518]
72,,,[1.42799666 4.28398998 0.45454545],[14.34684627],[2.77665418]
73,,,[1.49146318 4.47438954 0.47474747],[13.2128705],[2.7707989]
74,,,[1.5549297  4.66478909 0.49494949],[11.99054034],[2.76679104]
75,,,[1.61839622 4.85518865 0.51515152],[10.69373814],[2.76344675]
76,,,[1.68186273 5.0455882  0.53535354],[9.33732848],[2.75981036]
77,,,[1.74532925 5.23598776 0.55555556],[7.93695481],[2.75547084]
78,,,[1.80879577 5.42638731 0.57575758],[6.50880498],[2.7508261]
79,,,[1.87226229 5.61678687 0.5959596 ],[5.06935115],[2.74726626]
80,,,[1.93572881 5.80718642 0.61616162],[3.63507133],[2.74724761]
81,,,[1.99919533 5.99758598 0.63636364],[2.22216058],[2.75422795]
82,,,[2.06266184 6.18798553 0.65656566],[0.84624081],[2.77243563]
83,,,[2.12612836 6.37838508 0.67676768],[-0.47792147],[2.80646253]
84,,,[2.18959488 6.56878464 0.6969697 ],[-1.73668052],[2.86071062]
85,,,[2.2530614  6.75918419 0.71717172],[-2.91775115],[2.93878044]
86,,,[2.31652792 6.94958375 0.73737374],[-4.01041547],[3.04293698]
87,,,[2.37999443 7.1399833  0.75757576],[-5.00569017],[3.17378809]
88,,,[2.44346095 7.33038286 0.77777778],[-5.89644969],[3.33024657]
89,,,[2.50692747 7.52078241 0.7979798 ],[-6.67750198],[3.50975159]
90,,,[2.57039399 7.71118197 0.81818182],[-7.34561578],[3.70865187]
91,,,[2.63386051 7.90158152 0.83838384],[-7.8994998],[3.92263588]
92,,,[2.69732703 8.09198108 0.85858586],[-8.33973594],[4.14712295]
93,,,[2.76079354 8.28238063 0.87878788],[-8.66867037],[4.37757287]
94,,,[2.82426006 8.47278019 0.8989899 ],[-8.89026745],[4.6097068]
95,,,[2.88772658 8.66317974 0.91919192],[-9.00993251],[4.83965116]
96,,,[2.9511931  8.8535793  0.93939394],[-9.0343105],[5.06402189]
97,,,[3.01465962 9.04397885 0.95959596],[-8.97106744],[5.27996556]
98,,,[3.07812614 9.23437841 0.97979798],[-8.82866241],[5.48516975]
99,,,[3.14159265 9.42477796 1.        ],[-8.61611701],[5.67785196]
