,x_train,y_train,x_test,y_pred,y_std,score
0,[ 8.60612744 -2.07533318  0.23685728],[-28.17953322],[-9.42477796 -9.42477796 -1.        ],[0.03145509],[4.47197319],0.22036778538687352
1,[7.24617237 5.37586718 0.00998582],[-7.53764078],[-9.23437841 -9.23437841 -0.97979798],[0.0416344],[4.47186103],
2,[-2.80337831 -0.95227826  0.53968929],[10.22571462],[-9.04397885 -9.04397885 -0.95959596],[0.05471785],[4.47167853],
3,[-2.26509532 -1.93884752 -0.31485476],[8.23019848],[-8.8535793  -8.8535793  -0.93939394],[0.07140318],[4.47138626],
4,[ 3.38175662 -1.16897642  0.51500471],[-13.44637614],[-8.66317974 -8.66317974 -0.91919192],[0.09251542],[4.47092568],
5,[ 2.71255236 -1.01162852 -0.0179739 ],[-9.8245843],[-8.47278019 -8.47278019 -0.8989899 ],[0.11901865],[4.47021145],
6,[ 0.4865616  -2.56482148  0.30101433],[0.16833547],[-8.28238063 -8.28238063 -0.87878788],[0.15202549],[4.4691217],
7,[ 7.16678321 -8.42969668  0.61918391],[-3.68105159],[-8.09198108 -8.09198108 -0.85858586],[0.19280329],[4.46748581],
8,[ 2.91476792 -0.64720727 -0.59872721],[-10.35035356],[-7.90158152 -7.90158152 -0.83838384],[0.24277565],[4.46506984],
9,[ 0.36630693 -6.04223804  0.23270128],[1.2551396],[-7.71118197 -7.71118197 -0.81818182],[0.30351798],[4.46155977],
10,,,[-7.52078241 -7.52078241 -0.7979798 ],[0.37674557],[4.45654311],
11,,,[-7.33038286 -7.33038286 -0.77777778],[0.46429285],[4.44949006],
12,,,[-7.1399833  -7.1399833  -0.75757576],[0.56808258],[4.43973549],
13,,,[-6.94958375 -6.94958375 -0.73737374],[0.69008387],[4.42646396],
14,,,[-6.75918419 -6.75918419 -0.71717172],[0.83225849],[4.40869986],
15,,,[-6.56878464 -6.56878464 -0.6969697 ],[0.99649527],[4.38530524],
16,,,[-6.37838508 -6.37838508 -0.67676768],[1.1845331],[4.35498756],
17,,,[-6.18798553 -6.18798553 -0.65656566],[1.39787361],[4.31631925],
18,,,[-5.99758598 -5.99758598 -0.63636364],[1.63768572],[4.26777029],
19,,,[-5.80718642 -5.80718642 -0.61616162],[1.90470459],[4.20775376],
20,,,[-5.61678687 -5.61678687 -0.5959596 ],[2.19912892],[4.13468341],
21,,,[-5.42638731 -5.42638731 -0.57575758],[2.52052058],[4.04704094],
22,,,[-5.23598776 -5.23598776 -0.55555556],[2.86771193],[3.94344955],
23,,,[-5.0455882  -5.0455882  -0.53535354],[3.23872578],[3.82274942],
24,,,[-4.85518865 -4.85518865 -0.51515152],[3.63071381],[3.68407048],
25,,,[-4.66478909 -4.66478909 -0.49494949],[4.03991859],[3.52689725],
26,,,[-4.47438954 -4.47438954 -0.47474747],[4.46166406],[3.35112146],
27,,,[-4.28398998 -4.28398998 -0.45454545],[4.89037855],[3.1570788],
28,,,[-4.09359043 -4.09359043 -0.43434343],[5.31965315],[2.94556754],
29,,,[-3.90319087 -3.90319087 -0.41414141],[5.74233668],[2.71784893],
30,,,[-3.71279132 -3.71279132 -0.39393939],[6.15066732],[2.47563195],
31,,,[-3.52239176 -3.52239176 -0.37373737],[6.53643845],[2.22104885],
32,,,[-3.33199221 -3.33199221 -0.35353535],[6.89119506],[1.95663439],
33,,,[-3.14159265 -3.14159265 -0.33333333],[7.20645494],[1.68533479],
34,,,[-2.9511931  -2.9511931  -0.31313131],[7.47394745],[1.41060503],
35,,,[-2.76079354 -2.76079354 -0.29292929],[7.68586133],[1.1367486],
36,,,[-2.57039399 -2.57039399 -0.27272727],[7.83509208],[0.86998449],
37,,,[-2.37999443 -2.37999443 -0.25252525],[7.91547919],[0.62206161],
38,,,[-2.18959488 -2.18959488 -0.23232323],[7.92202312],[0.42377943],
39,,,[-1.99919533 -1.99919533 -0.21212121],[7.85107303],[0.35555683],
40,,,[-1.80879577 -1.80879577 -0.19191919],[7.70047663],[0.46306376],
41,,,[-1.61839622 -1.61839622 -0.17171717],[7.46968549],[0.6533363],
42,,,[-1.42799666 -1.42799666 -0.15151515],[7.15981049],[0.86270652],
43,,,[-1.23759711 -1.23759711 -0.13131313],[6.77362444],[1.07039937],
44,,,[-1.04719755 -1.04719755 -0.11111111],[6.31551071],[1.26890162],
45,,,[-0.856798   -0.856798   -0.09090909],[5.79135938],[1.45499667],
46,,,[-0.66639844 -0.66639844 -0.07070707],[5.20841395],[1.62732331],
47,,,[-0.47599889 -0.47599889 -0.05050505],[4.57507428],[1.78559677],
48,,,[-0.28559933 -0.28559933 -0.03030303],[3.9006627],[1.93031182],
49,,,[-0.09519978 -0.09519978 -0.01010101],[3.19516188],[2.06259309],
50,,,[0.09519978 0.09519978 0.01010101],[2.4689341],[2.18407735],
51,,,[0.28559933 0.28559933 0.03030303],[1.73243225],[2.29678195],
52,,,[0.47599889 0.47599889 0.05050505],[0.99591311],[2.40294257],
53,,,[0.66639844 0.66639844 0.07070707],[0.26916347],[2.50482059],
54,,,[0.856798   0.856798   0.09090909],[-0.43875105],[2.60449346],
55,,,[1.04719755 1.04719755 0.11111111],[-1.11970555],[2.70365076],
56,,,[1.23759711 1.23759711 0.13131313],[-1.76669587],[2.8034225],
57,,,[1.42799666 1.42799666 0.15151515],[-2.37397322],[2.90426317],
58,,,[1.61839622 1.61839622 0.17171717],[-2.93712903],[3.00590508],
59,,,[1.80879577 1.80879577 0.19191919],[-3.45312788],[3.10738185],
60,,,[1.99919533 1.99919533 0.21212121],[-3.92028848],[3.20711047],
61,,,[2.18959488 2.18959488 0.23232323],[-4.33821502],[3.30301313],
62,,,[2.37999443 2.37999443 0.25252525],[-4.70768294],[3.39265833],
63,,,[2.57039399 2.57039399 0.27272727],[-5.03048564],[3.47340431],
64,,,[2.76079354 2.76079354 0.29292929],[-5.30924997],[3.54253339],
65,,,[2.9511931  2.9511931  0.31313131],[-5.54722974],[3.59737223],
66,,,[3.14159265 3.14159265 0.33333333],[-5.74808749],[3.63539789],
67,,,[3.33199221 3.33199221 0.35353535],[-5.91567503],[3.65433244],
68,,,[3.52239176 3.52239176 0.37373737],[-6.05382325],[3.65223065],
69,,,[3.71279132 3.71279132 0.39393939],[-6.16615082],[3.62756549],
70,,,[3.90319087 3.90319087 0.41414141],[-6.25590054],[3.57931567],
71,,,[4.09359043 4.09359043 0.43434343],[-6.32581009],[3.5070594],
72,,,[4.28398998 4.28398998 0.45454545],[-6.37802241],[3.41107847],
73,,,[4.47438954 4.47438954 0.47474747],[-6.41403824],[3.2924775],
74,,,[4.66478909 4.66478909 0.49494949],[-6.43471131],[3.15332495],
75,,,[4.85518865 4.85518865 0.51515152],[-6.44028435],[2.99682431],
76,,,[5.0455882  5.0455882  0.53535354],[-6.43046157],[2.82752436],
77,,,[5.23598776 5.23598776 0.55555556],[-6.40451184],[2.65157009],
78,,,[5.42638731 5.42638731 0.57575758],[-6.36139498],[2.47696903],
79,,,[5.61678687 5.61678687 0.5959596 ],[-6.29990264],[2.31377401],
80,,,[5.80718642 5.80718642 0.61616162],[-6.21880479],[2.17393536],
81,,,[5.99758598 5.99758598 0.63636364],[-6.11699289],[2.07038248],
82,,,[6.18798553 6.18798553 0.65656566],[-5.99361146],[2.01489983],
83,,,[6.37838508 6.37838508 0.67676768],[-5.8481707],[2.01503357],
84,,,[6.56878464 6.56878464 0.6969697 ],[-5.68063444],[2.07153518],
85,,,[6.75918419 6.75918419 0.71717172],[-5.49147932],[2.1781967],
86,,,[6.94958375 6.94958375 0.73737374],[-5.28172313],[2.32421092],
87,,,[7.1399833  7.1399833  0.75757576],[-5.05292194],[2.49730288],
88,,,[7.33038286 7.33038286 0.77777778],[-4.80713786],[2.68600278],
89,,,[7.52078241 7.52078241 0.7979798 ],[-4.54688049],[2.88069091],
90,,,[7.71118197 7.71118197 0.81818182],[-4.27502672],[3.07380932],
91,,,[7.90158152 7.90158152 0.83838384],[-3.99472439],[3.25969426],
92,,,[8.09198108 8.09198108 0.85858586],[-3.70928591],[3.43429749],
93,,,[8.28238063 8.28238063 0.87878788],[-3.42207798],[3.59490917],
94,,,[8.47278019 8.47278019 0.8989899 ],[-3.13641342],[3.73991477],
95,,,[8.66317974 8.66317974 0.91919192],[-2.8554505],[3.86858752],
96,,,[8.8535793  8.8535793  0.93939394],[-2.58210416],[3.98090953],
97,,,[9.04397885 9.04397885 0.95959596],[-2.31897266],[4.07741482],
98,,,[9.23437841 9.23437841 0.97979798],[-2.06828182],[4.15904973],
99,,,[9.42477796 9.42477796 1.        ],[-1.83184804],[4.22704873],
