,x_train,y_train,x_test,y_pred,y_std,score
0,[-5.33493158  1.96614517 -0.12421166],[29.87115162],[-9.42477796 -9.42477796 -1.        ],[72.80699174],[0.95841725],0.9569948677901131
1,[ 9.10525968 -1.10864521  0.86504041],[82.30512401],[-9.23437841 -9.23437841 -0.97979798],[70.50315149],[0.91479639],
2,[-0.64923461 -6.77597851  0.27800588],[0.91793831],[-9.04397885 -9.04397885 -0.95959596],[68.20554013],[0.87259785],
3,[ 5.67799536 -4.97372382 -0.05022266],[30.60469244],[-8.8535793  -8.8535793  -0.93939394],[65.91626096],[0.83183256],
4,[-1.62595573  1.69365681 -0.55464243],[1.01010546],[-8.66317974 -8.66317974 -0.91919192],[63.63741939],[0.7925111],
5,[ 0.35933831  3.2095814  -0.66971432],[0.19121445],[-8.47278019 -8.47278019 -0.8989899 ],[61.37112048],[0.75464379],
6,[-7.77253309 -2.33443129 -0.18870926],[60.02401676],[-8.28238063 -8.28238063 -0.87878788],[59.1194666],[0.71824072],
7,[ 2.44577363 -5.7694135  -0.99107407],[7.4456248],[-8.09198108 -8.09198108 -0.85858586],[56.88455502],[0.68331175],
8,[ 3.0968761  -0.85429375  0.94594221],[10.68161548],[-7.90158152 -7.90158152 -0.83838384],[54.66847547],[0.64986656],
9,[-5.80682379  5.36981954  0.03658214],[34.9598126],[-7.71118197 -7.71118197 -0.81818182],[52.47330774],[0.6179146],
10,[ 8.25815292 -7.21593066 -0.5941808 ],[68.12673819],[-7.52078241 -7.52078241 -0.7979798 ],[50.30111925],[0.58746499],
11,[ 7.36829291  4.96576507 -0.83540763],[55.0521781],[-7.33038286 -7.33038286 -0.77777778],[48.1539626],[0.55852641],
12,[ 8.41677652 -4.09561367 -0.76973784],[71.4810357],[-7.1399833  -7.1399833  -0.75757576],[46.0338732],[0.5311069],
13,[ 2.40231459  8.35229946 -0.3374628 ],[6.39509825],[-6.94958375 -6.94958375 -0.73737374],[43.94286683],[0.5052135],
14,[0.68222346 4.77351757 0.65964844],[0.07504038],[-6.75918419 -6.75918419 -0.71717172],[41.88293725],[0.48085186],
15,[2.83886499 2.34198563 0.7974185 ],[6.74879784],[-6.56878464 -6.56878464 -0.6969697 ],[39.85605382],[0.45802567],
16,[7.74672848 5.84019102 0.87016732],[59.59495274],[-6.37838508 -6.37838508 -0.67676768],[37.86415915],[0.43673597],
17,[-6.77531264 -4.96016841 -0.96761522],[43.9115205],[-6.18798553 -6.18798553 -0.65656566],[35.90916673],[0.41698028],
18,[-8.28868712  3.93527494  0.68046692],[67.95079831],[-5.99758598 -5.99758598 -0.63636364],[33.99295863],[0.39875167],
19,[ 2.31087587  0.98610049 -0.69513079],[3.55437547],[-5.80718642 -5.80718642 -0.61616162],[32.11738324],[0.38203764],
20,[ 7.62735817 -5.27877548  0.17614239],[58.81888244],[-5.61678687 -5.61678687 -0.5959596 ],[30.28425299],[0.36681903],
21,[ 7.73374616 -0.47386686 -0.81572082],[59.22822828],[-5.42638731 -5.42638731 -0.57575758],[28.49534216],[0.35306895],
22,[-9.01529838 -0.42310943  0.40777026],[81.38270629],[-5.23598776 -5.23598776 -0.55555556],[26.75238466],[0.34075181],
23,[-2.79030186 -7.40249255 -0.26528503],[7.04799222],[-5.0455882  -5.0455882  -0.53535354],[25.05707197],[0.32982268],
24,[-0.44281028 -9.07331153 -0.04922293],[-0.46377157],[-4.85518865 -4.85518865 -0.51515152],[23.41105098],[0.32022695],
25,[-4.10305894  2.68614998 -0.76827069],[14.78781884],[-4.66478909 -4.66478909 -0.49494949],[21.81592202],[0.31190045],
26,[-2.21488896  0.11606816  0.12856515],[5.61578719],[-4.47438954 -4.47438954 -0.47474747],[20.27323683],[0.30477011],
27,[-1.96430691  3.51850055 -0.87963878],[4.38931165],[-4.28398998 -4.28398998 -0.45454545],[18.78449668],[0.29875508],
28,[ 4.33080708  2.0704243  -0.51072998],[18.23311872],[-4.09359043 -4.09359043 -0.43434343],[17.35115043],[0.29376826],
29,[5.46717658 5.17980661 0.25258149],[30.75220115],[-3.90319087 -3.90319087 -0.41414141],[15.97459281],[0.2897182],
30,[5.00697352 3.46389604 0.15703604],[24.56278226],[-3.71279132 -3.71279132 -0.39393939],[14.65616262],[0.28651106],
31,[-3.01973961 -4.46716231 -0.96672975],[8.56104953],[-3.52239176 -3.52239176 -0.37373737],[13.39714108],[0.28405268],
32,[3.59499857 7.97998817 0.29258663],[14.28126665],[-3.33199221 -3.33199221 -0.35353535],[12.19875022],[0.28225046],
33,[-8.89955684  7.00605085 -0.27506555],[79.62876881],[-3.14159265 -3.14159265 -0.33333333],[11.06215135],[0.28101491],
34,[3.41535761 7.05939521 0.81346561],[11.61375039],[-2.9511931  -2.9511931  -0.31313131],[9.9884436],[0.28026106],
35,[-5.27813522 -2.26300265 -0.38359424],[30.19382669],[-2.76079354 -2.76079354 -0.29292929],[8.97866255],[0.2799093],
36,[ 0.68585346  8.99017315 -0.83519684],[0.15607502],[-2.57039399 -2.57039399 -0.27272727],[8.03377891],[0.27988608],
37,[-0.36820317  3.81798897  0.17279095],[0.20147108],[-2.37999443 -2.37999443 -0.25252525],[7.15469732],[0.28012415],
38,[ 0.11412671 -6.57687269 -0.62114194],[-1.15187016],[-2.18959488 -2.18959488 -0.23232323],[6.34225521],[0.28056262],
39,[-2.84799854  5.28447741  0.23497806],[8.60560652],[-1.99919533 -1.99919533 -0.21212121],[5.59722176],[0.2811468],
40,[-8.25407995 -9.05405268  0.41984198],[66.83186746],[-1.80879577 -1.80879577 -0.19191919],[4.92029689],[0.28182788],
41,[ 2.97651625  6.06368546 -0.40058455],[7.67201747],[-1.61839622 -1.61839622 -0.17171717],[4.31211045],[0.28256252],
42,[-6.1521037  -0.5603879   0.89574809],[37.76803856],[-1.42799666 -1.42799666 -0.15151515],[3.77322139],[0.28331239],
43,[5.36872345 5.70460086 0.49874706],[27.07856247],[-1.23759711 -1.23759711 -0.13131313],[3.30411709],[0.28404373],
44,[-3.82731691 -6.31985327  0.29253787],[14.11994441],[-1.04719755 -1.04719755 -0.11111111],[2.90521271],[0.28472679],
45,[-1.30447415 -7.53233802 -0.37400745],[1.6518507],[-0.856798   -0.856798   -0.09090909],[2.57685075],[0.28533548],
46,[8.56661537 1.44088144 0.42399034],[73.6898806],[-0.66639844 -0.66639844 -0.07070707],[2.31930058],[0.28584694],
47,[ 4.35229334  9.19055525 -0.12746147],[20.56867716],[-0.47599889 -0.47599889 -0.05050505],[2.13275815],[0.28624121],
48,[ 4.75166874 -1.36872545 -0.71028896],[22.88654952],[-0.28559933 -0.28559933 -0.03030303],[2.01734573],[0.28650095],
49,[-1.40564465  6.24131716 -0.65907927],[2.45180599],[-0.09519978 -0.09519978 -0.01010101],[1.9731118],[0.28661125],
50,,,[0.09519978 0.09519978 0.01010101],[2.00003103],[0.28655949],
51,,,[0.28559933 0.28559933 0.03030303],[2.0980043],[0.28633534],
52,,,[0.47599889 0.47599889 0.05050505],[2.26685888],[0.28593071],
53,,,[0.66639844 0.66639844 0.07070707],[2.50634867],[0.28533994],
54,,,[0.856798   0.856798   0.09090909],[2.81615455],[0.28455999],
55,,,[1.04719755 1.04719755 0.11111111],[3.19588482],[0.28359069],
56,,,[1.23759711 1.23759711 0.13131313],[3.64507572],[0.2824352],
57,,,[1.42799666 1.42799666 0.15151515],[4.16319208],[0.28110045],
58,,,[1.61839622 1.61839622 0.17171717],[4.749628],[0.2795978],
59,,,[1.80879577 1.80879577 0.19191919],[5.40370768],[0.27794371],
60,,,[1.99919533 1.99919533 0.21212121],[6.12468631],[0.27616058],
61,,,[2.18959488 2.18959488 0.23232323],[6.91175104],[0.27427774],
62,,,[2.37999443 2.37999443 0.25252525],[7.7640221],[0.27233245],
63,,,[2.57039399 2.57039399 0.27272727],[8.68055387],[0.27037109],
64,,,[2.76079354 2.76079354 0.29292929],[9.66033619],[0.26845029],
65,,,[2.9511931  2.9511931  0.31313131],[10.70229563],[0.26663818],
66,,,[3.14159265 3.14159265 0.33333333],[11.80529691],[0.26501544],
67,,,[3.33199221 3.33199221 0.35353535],[12.96814435],[0.26367615],
68,,,[3.52239176 3.52239176 0.37373737],[14.18958345],[0.2627283],
69,,,[3.71279132 3.71279132 0.39393939],[15.46830246],[0.26229359],
70,,,[3.90319087 3.90319087 0.41414141],[16.8029341],[0.26250657],
71,,,[4.09359043 4.09359043 0.43434343],[18.19205728],[0.26351263],
72,,,[4.28398998 4.28398998 0.45454545],[19.63419895],[0.26546492],
73,,,[4.47438954 4.47438954 0.47474747],[21.12783595],[0.26852007],
74,,,[4.66478909 4.66478909 0.49494949],[22.67139694],[0.27283311],
75,,,[4.85518865 4.85518865 0.51515152],[24.26326441],[0.27855172],
76,,,[5.0455882  5.0455882  0.53535354],[25.90177668],[0.2858107],
77,,,[5.23598776 5.23598776 0.55555556],[27.58523004],[0.29472723],
78,,,[5.42638731 5.42638731 0.57575758],[29.31188083],[0.30539745],
79,,,[5.61678687 5.61678687 0.5959596 ],[31.07994764],[0.31789486],
80,,,[5.80718642 5.80718642 0.61616162],[32.88761351],[0.33227047],
81,,,[5.99758598 5.99758598 0.63636364],[34.7330282],[0.34855456],
82,,,[6.18798553 6.18798553 0.65656566],[36.61431043],[0.36675953],
83,,,[6.37838508 6.37838508 0.67676768],[38.52955023],[0.38688326],
84,,,[6.56878464 6.56878464 0.6969697 ],[40.47681123],[0.40891269],
85,,,[6.75918419 6.75918419 0.71717172],[42.45413304],[0.432827],
86,,,[6.94958375 6.94958375 0.73737374],[44.45953363],[0.45860045],
87,,,[7.1399833  7.1399833  0.75757576],[46.49101167],[0.48620451],
88,,,[7.33038286 7.33038286 0.77777778],[48.54654897],[0.51560962],
89,,,[7.52078241 7.52078241 0.7979798 ],[50.62411285],[0.54678625],
90,,,[7.71118197 7.71118197 0.81818182],[52.72165858],[0.5797057],
91,,,[7.90158152 7.90158152 0.83838384],[54.83713176],[0.61434052],
92,,,[8.09198108 8.09198108 0.85858586],[56.96847072],[0.65066472],
93,,,[8.28238063 8.28238063 0.87878788],[59.11360894],[0.68865376],
94,,,[8.47278019 8.47278019 0.8989899 ],[61.2704774],[0.72828453],
95,,,[8.66317974 8.66317974 0.91919192],[63.437007],[0.76953514],
96,,,[8.8535793  8.8535793  0.93939394],[65.61113087],[0.81238478],
97,,,[9.04397885 9.04397885 0.95959596],[67.79078673],[0.85681349],
98,,,[9.23437841 9.23437841 0.97979798],[69.9739192],[0.90280197],
99,,,[9.42477796 9.42477796 1.        ],[72.15848207],[0.95033135],
