,x_train,y_train,x_test,y_pred,y_std
0,[-0.87979526 -1.29344747  0.01836919],[0.69668291],[-3.14159265 -9.42477796 -1.        ],[9.30244794],[1.13499712]
1,[-0.60332397  3.02711503 -0.18394098],[0.23806582],[-3.07812614 -9.23437841 -0.97979798],[9.12859008],[1.01580548]
2,[ 0.47599409 -9.07378871  0.42168553],[0.41589462],[-3.01465962 -9.04397885 -0.95959596],[8.9394923],[0.91988567]
3,[-2.15991786 -9.24711068 -0.42178099],[4.71456099],[-2.9511931  -8.8535793  -0.93939394],[8.7358951],[0.84506358]
4,[-0.06239896  2.62994156  0.1642233 ],[-0.01171748],[-2.88772658 -8.66317974 -0.91919192],[8.51862367],[0.78846307]
5,[-2.14122335  3.2602724   0.37010932],[4.64342717],[-2.82426006 -8.47278019 -0.8989899 ],[8.28858253],[0.7466932]
6,[-1.16313411  2.11902238 -0.66278846],[1.31372303],[-2.76079354 -8.28238063 -0.87878788],[8.04674942],[0.71619003]
7,[ 0.09719993  6.06481636 -0.89392136],[0.12164899],[-2.69732703 -8.09198108 -0.85858586],[7.79416836],[0.69359393]
8,[-2.35425899  2.79428357  0.50028871],[5.47694546],[-2.63386051 -7.90158152 -0.83838384],[7.53194199],[0.6760378]
9,[-1.0052214   9.19358425 -0.3444411 ],[1.04785007],[-2.57039399 -7.71118197 -0.81818182],[7.26122325],[0.66128763]
10,[ 2.56855488 -6.76824416  0.73106263],[6.62891028],[-2.50692747 -7.52078241 -0.7979798 ],[6.9832065],[0.64775056]
11,[-2.93636517  1.46648701 -0.41690577],[8.4647574],[-2.44346095 -7.33038286 -0.77777778],[6.69911821],[0.6343998]
12,[-2.82152827  7.90727224  0.71702608],[7.9349926],[-2.37999443 -7.1399833  -0.75757576],[6.41020718],[0.62066418]
13,[-2.9946894  -5.48030755 -0.82907416],[9.23307235],[-2.31652792 -6.94958375 -0.73737374],[6.11773463],[0.60631357]
14,[ 0.08215901  3.46689626 -0.49301857],[0.04742656],[-2.2530614  -6.75918419 -0.71717172],[5.82296402],[0.59135536]
15,[-1.76717795 -0.62075113 -0.95612701],[3.08113273],[-2.18959488 -6.56878464 -0.6969697 ],[5.52715098],[0.57594713]
16,[-2.44783016 -5.45641952 -0.07027466],[5.98632623],[-2.12612836 -6.37838508 -0.67676768],[5.23153321],[0.5603258]
17,[ 0.4792077  -5.44050573  0.92270167],[0.13591646],[-2.06266184 -6.18798553 -0.65656566],[4.93732072],[0.54475172]
18,[ 1.7209501   1.89676207 -0.26508536],[3.10999866],[-1.99919533 -5.99758598 -0.63636364],[4.64568633],[0.52946622]
19,[ 2.01069352  3.56753848 -0.99671015],[4.04856232],[-1.93572881 -5.80718642 -0.61616162],[4.35775674],[0.51466131]
20,[-0.84514218  1.09151099 -0.85861757],[0.86330703],[-1.87226229 -5.61678687 -0.5959596 ],[4.07460405],[0.50046098]
21,[-1.01027821  6.26152018 -0.5558965 ],[0.88596888],[-1.80879577 -5.42638731 -0.57575758],[3.79723814],[0.4869133]
22,[ 2.15277138 -9.37086089 -0.29859654],[4.73365049],[-1.74532925 -5.23598776 -0.55555556],[3.52659972],[0.47399218]
23,[-1.90265689  4.94649774  0.27334544],[3.57935926],[-1.68186273 -5.0455882  -0.53535354],[3.26355432],[0.46160744]
24,[-0.45664707  5.44056856 -0.71054301],[0.21455362],[-1.61839622 -4.85518865 -0.51515152],[3.00888727],[0.44962064]
25,[-0.08293301  2.76466882  0.66618284],[-0.23729032],[-1.5549297  -4.66478909 -0.49494949],[2.76329967],[0.43786433]
26,[-0.92577402  8.14278889  0.01287764],[0.94996681],[-1.49146318 -4.47438954 -0.47474747],[2.52740548],[0.42616211]
27,[-0.41979015  5.66611455 -0.11064477],[0.08234877],[-1.42799666 -4.28398998 -0.45454545],[2.30172971],[0.41434715]
28,[1.49135039 0.95541856 0.43966319],[2.36679738],[-1.36453014 -4.09359043 -0.43434343],[2.08670779],[0.40227793]
29,[-3.12150373 -5.45896171 -0.70410796],[9.72121004],[-1.30106362 -3.90319087 -0.41414141],[1.88268607],[0.38985006]
30,[-1.82500457  7.81035761  0.51172754],[3.46354939],[-1.23759711 -3.71279132 -0.39393939],[1.68992344],[0.37700411]
31,[ 0.26363549 -3.3879736   0.42251537],[-0.0626521],[-1.17413059 -3.52239176 -0.37373737],[1.50859406],[0.36372971]
32,[3.06817195 4.41835378 0.38779025],[9.40200512],[-1.11066407 -3.33199221 -0.35353535],[1.33879118],[0.35006609]
33,[ 2.73757162 -1.88192973  0.59751954],[7.36516598],[-1.04719755 -3.14159265 -0.33333333],[1.18053191],[0.33609999]
34,[ 1.32850959 -7.07639295 -0.74129431],[1.83258587],[-0.98373103 -2.9511931  -0.31313131],[1.0337629],[0.32196097]
35,[ 1.40101549 -6.53665713 -0.53944277],[2.15356634],[-0.92026451 -2.76079354 -0.29292929],[0.89836687],[0.30781458]
36,[-0.3572816  -4.37838616  0.43388975],[0.21825542],[-0.856798   -2.57039399 -0.27272727],[0.77416982],[0.29385376]
37,[ 2.48978472 -4.36367241  0.41174662],[6.12013244],[-0.79333148 -2.37999443 -0.25252525],[0.66094887],[0.28028806]
38,[ 1.31661884  3.16632032 -0.74194192],[1.45851317],[-0.72986496 -2.18959488 -0.23232323],[0.55844048],[0.26733109]
39,[ 2.29237502  0.52318433 -0.03272147],[5.31569341],[-0.66639844 -1.99919533 -0.21212121],[0.46634909],[0.25518604]
40,[1.32691586 7.30967844 0.52388239],[1.9099821],[-0.60293192 -1.80879577 -0.19191919],[0.38435587],[0.24402975]
41,[-0.9059727   3.8788417   0.13848041],[0.68703068],[-0.53946541 -1.61839622 -0.17171717],[0.31212754],[0.23399672]
42,[-1.54424829  2.03677367  0.70479799],[2.37501695],[-0.47599889 -1.42799666 -0.15151515],[0.24932508],[0.22516472]
43,[2.75825755 1.42113126 0.96339143],[7.6314034],[-0.41253237 -1.23759711 -0.13131313],[0.19561214],[0.21754444]
44,[-0.6862353   1.06573904 -0.51311612],[0.44224234],[-0.34906585 -1.04719755 -0.11111111],[0.15066314],[0.21107591]
45,[ 0.2227007   0.69488668 -0.16815733],[0.35006303],[-0.28559933 -0.856798   -0.09090909],[0.11417073],[0.20563302]
46,[ 0.07954248  7.68758575 -0.40427665],[-0.22668782],[-0.22213281 -0.66639844 -0.07070707],[0.08585269],[0.20103614]
47,[-2.51521177 -6.53655814 -0.11459225],[6.3944113],[-0.1586663  -0.47599889 -0.05050505],[0.06545798],[0.1970711]
48,[-0.73434833 -5.31851661  0.3312387 ],[0.5410148],[-0.09519978 -0.28559933 -0.03030303],[0.05277194],[0.19351144]
49,[ 2.18239515  5.17937572 -0.70993856],[4.99066784],[-0.03173326 -0.09519978 -0.01010101],[0.04762054],[0.19014116]
50,,,[0.03173326 0.09519978 0.01010101],[0.04987357],[0.1867759]
51,,,[0.09519978 0.28559933 0.03030303],[0.05944671],[0.18328131]
52,,,[0.1586663  0.47599889 0.05050505],[0.07630252],[0.17958958]
53,,,[0.22213281 0.66639844 0.07070707],[0.10045027],[0.17571421]
54,,,[0.28559933 0.856798   0.09090909],[0.13194455],[0.17176389]
55,,,[0.34906585 1.04719755 0.11111111],[0.17088284],[0.16795489]
56,,,[0.41253237 1.23759711 0.13131313],[0.21740195],[0.16461901]
57,,,[0.47599889 1.42799666 0.15151515],[0.27167343],[0.16220095]
58,,,[0.53946541 1.61839622 0.17171717],[0.33389802],[0.16123475]
59,,,[0.60293192 1.80879577 0.19191919],[0.40429926],[0.16229045]
60,,,[0.66639844 1.99919533 0.21212121],[0.48311632],[0.16589045]
61,,,[0.72986496 2.18959488 0.23232323],[0.57059619],[0.17241366]
62,,,[0.79333148 2.37999443 0.25252525],[0.66698541],[0.18202244]
63,,,[0.856798   2.57039399 0.27272727],[0.77252141],[0.19464155]
64,,,[0.92026451 2.76079354 0.29292929],[0.88742361],[0.20998981]
65,,,[0.98373103 2.9511931  0.31313131],[1.01188449],[0.22763972]
66,,,[1.04719755 3.14159265 0.33333333],[1.14606075],[0.24707678]
67,,,[1.11066407 3.33199221 0.35353535],[1.29006468],[0.26774296]
68,,,[1.17413059 3.52239176 0.37373737],[1.44395598],[0.28906262]
69,,,[1.23759711 3.71279132 0.39393939],[1.60773405],[0.31045612]
70,,,[1.30106362 3.90319087 0.41414141],[1.78133095],[0.33134696]
71,,,[1.36453014 4.09359043 0.43434343],[1.96460526],[0.35116803]
72,,,[1.42799666 4.28398998 0.45454545],[2.15733668],[0.36936986]
73,,,[1.49146318 4.47438954 0.47474747],[2.35922178],[0.38543427]
74,,,[1.5549297  4.66478909 0.49494949],[2.56987076],[0.39889585]
75,,,[1.61839622 4.85518865 0.51515152],[2.78880541],[0.40937566]
76,,,[1.68186273 5.0455882  0.53535354],[3.01545821],[0.41663205]
77,,,[1.74532925 5.23598776 0.55555556],[3.24917274],[0.42063731]
78,,,[1.80879577 5.42638731 0.57575758],[3.48920531],[0.42169087]
79,,,[1.87226229 5.61678687 0.5959596 ],[3.73472778],[0.42058243]
80,,,[1.93572881 5.80718642 0.61616162],[3.98483163],[0.41881093]
81,,,[1.99919533 5.99758598 0.63636364],[4.23853322],[0.41883571]
82,,,[2.06266184 6.18798553 0.65656566],[4.4947801],[0.42425683]
83,,,[2.12612836 6.37838508 0.67676768],[4.75245839],[0.43970312]
84,,,[2.18959488 6.56878464 0.6969697 ],[5.01040104],[0.47018989]
85,,,[2.2530614  6.75918419 0.71717172],[5.26739698],[0.52004651]
86,,,[2.31652792 6.94958375 0.73737374],[5.52220092],[0.59204786]
87,,,[2.37999443 7.1399833  0.75757576],[5.7735438],[0.68733012]
88,,,[2.44346095 7.33038286 0.77777778],[6.02014356],[0.80594368]
89,,,[2.50692747 7.52078241 0.7979798 ],[6.26071641],[0.94748868]
90,,,[2.57039399 7.71118197 0.81818182],[6.49398805],[1.11151391]
91,,,[2.63386051 7.90158152 0.83838384],[6.71870509],[1.29767735]
92,,,[2.69732703 8.09198108 0.85858586],[6.93364623],[1.50577164]
93,,,[2.76079354 8.28238063 0.87878788],[7.13763322],[1.73569532]
94,,,[2.82426006 8.47278019 0.8989899 ],[7.32954142],[1.98741115]
95,,,[2.88772658 8.66317974 0.91919192],[7.50830985],[2.26090716]
96,,,[2.9511931  8.8535793  0.93939394],[7.67295054],[2.55616492]
97,,,[3.01465962 9.04397885 0.95959596],[7.82255722],[2.87313513]
98,,,[3.07812614 9.23437841 0.97979798],[7.95631304],[3.21171915]
99,,,[3.14159265 9.42477796 1.        ],[8.07349748],[3.57175546]
