,x_train,y_train,x_test,y_pred,y_std
0,[-0.86166603 -6.14124842 -0.27532187],[-15.07626134],[-3.14159265 -9.42477796 -1.        ],[-9.5426799],[2.38297602]
1,[ 1.10851047 -5.34567599 -0.90044788],[17.0692368],[-3.07812614 -9.23437841 -0.97979798],[-10.088605],[2.19796957]
2,[-0.67554553 -4.21718385  0.44651819],[-12.43284223],[-3.01465962 -9.04397885 -0.95959596],[-10.64074022],[2.02240474]
3,[ 2.36111054 -5.93024077  0.63097355],[14.01812891],[-2.9511931  -8.8535793  -0.93939394],[-11.19845094],[1.85661027]
4,[-1.56432419  5.61095822  0.97727696],[-19.35162027],[-2.88772658 -8.66317974 -0.91919192],[-11.76089793],[1.70077999]
5,[ 0.47047176 -7.2292562   0.20023746],[8.14807433],[-2.82426006 -8.47278019 -0.8989899 ],[-12.32694503],[1.55499171]
6,[-1.75492823  9.2031333   0.44189933],[-19.17870154],[-2.76079354 -8.28238063 -0.87878788],[-12.89507136],[1.41922301]
7,[1.05589434 4.26820298 0.70804971],[17.05445551],[-2.69732703 -8.09198108 -0.85858586],[-13.4632943],[1.29336277]
8,[-0.22361127  8.97162968  0.82954962],[-3.44490641],[-2.63386051 -7.90158152 -0.83838384],[-14.02910942],[1.17721833]
9,[-1.32823709  4.35413039 -0.85502113],[-18.70416574],[-2.57039399 -7.71118197 -0.81818182],[-14.58945294],[1.07051977]
10,[ 0.27938345  1.15619051 -0.26466078],[5.44721292],[-2.50692747 -7.52078241 -0.7979798 ],[-15.14069122],[0.972923]
11,[1.8564766  7.0601055  0.14432487],[18.36848426],[-2.44346095 -7.33038286 -0.77777778],[-15.6786406],[0.88401422]
12,[-2.89953183 -3.65774663 -0.53908227],[-4.29145148],[-2.37999443 -7.1399833  -0.75757576],[-16.19861891],[0.80331713]
13,[-1.14398659 -4.9628794  -0.02909738],[-17.81182544],[-2.31652792 -6.94958375 -0.73737374],[-16.6955285],[0.73030331]
14,[ 2.67043594  3.60711069 -0.16040228],[8.49041479],[-2.2530614  -6.75918419 -0.71717172],[-17.1639682],[0.66440456]
15,[-2.50235259 -5.56067666  0.20723266],[-11.11866911],[-2.18959488 -6.56878464 -0.6969697 ],[-17.59837009],[0.60502473]
16,[-1.12255468 -7.90997013 -0.09387244],[-17.76409148],[-2.12612836 -6.37838508 -0.67676768],[-17.99315479],[0.55154836]
17,[-0.04248678  4.78911143  0.25926871],[-0.36442669],[-2.06266184 -6.18798553 -0.65656566],[-18.34289792],[0.50334494]
18,[-2.90592465  5.58020272 -0.69702707],[-5.02691168],[-1.99919533 -5.99758598 -0.63636364],[-18.64249882],[0.45977049]
19,[-2.25485849 -3.36740114 -0.56080497],[-14.77664756],[-1.93572881 -5.80718642 -0.61616162],[-18.88734264],[0.42017206]
20,[-2.68380003  2.15313521 -0.82136841],[-8.72717682],[-1.87226229 -5.61678687 -0.5959596 ],[-19.07344649],[0.38390357]
21,[-2.9059289   3.16188385  0.52243823],[-4.81263088],[-1.80879577 -5.42638731 -0.57575758],[-19.19758118],[0.3503629]
22,[ 3.05032072  3.44866961 -0.82888444],[1.43350008],[-1.74532925 -5.23598776 -0.55555556],[-19.2573612],[0.31905872]
23,[3.11415889 8.06113717 0.91920348],[-0.25423466],[-1.68186273 -5.0455882  -0.53535354],[-19.25129745],[0.28971255]
24,[-2.7718197   5.05620443  0.054457  ],[-7.45255527],[-1.61839622 -4.85518865 -0.51515152],[-19.17880913],[0.26239769]
25,[-0.56814177 -4.5839344  -0.04804726],[-10.78406013],[-1.5549297  -4.66478909 -0.49494949],[-19.04019374],[0.23770703]
26,[ 1.77641824  3.13752779 -0.79773818],[18.88988905],[-1.49146318 -4.47438954 -0.47474747],[-18.8365568],[0.21690855]
27,[-1.38344059 -8.09389074  0.39847637],[-19.15068044],[-1.42799666 -4.28398998 -0.45454545],[-18.56970509],[0.20195501]
28,[ 1.88301888  2.26666342 -0.13838025],[18.36207962],[-1.36453014 -4.09359043 -0.43434343],[-18.24200987],[0.19507963]
29,[-0.97917367  1.22584265 -0.93537858],[-16.01767461],[-1.30106362 -3.90319087 -0.41414141],[-17.85624811],[0.19781887]
30,[ 1.35444451  0.28779337 -0.0384048 ],[18.92099849],[-1.23759711 -3.71279132 -0.39393939],[-17.41543157],[0.2100125]
31,[-0.26038082  6.06174306  0.8262805 ],[-4.39809115],[-1.17413059 -3.52239176 -0.37373737],[-16.92263395],[0.22976353]
32,[-1.04831285 -1.65664296  0.70514247],[-16.8548002],[-1.11066407 -3.33199221 -0.35353535],[-16.38082706],[0.25431693]
33,[-2.5488065  -0.77389374  0.32589387],[-10.7659842],[-1.04719755 -3.14159265 -0.33333333],[-15.79273575],[0.28091815]
34,[-1.20117181  0.11358028 -0.91216239],[-18.06478144],[-0.98373103 -2.9511931  -0.31313131],[-15.16072099],[0.30720341]
35,[-0.64549757  5.97220723 -0.48612646],[-11.18845119],[-0.92026451 -2.76079354 -0.29292929],[-14.48669791],[0.33127268]
36,[ 1.75414235 -3.68547716 -0.30622674],[19.10405535],[-0.856798   -2.57039399 -0.27272727],[-13.77209422],[0.35165829]
37,[-0.05321982  6.63843983 -0.23057   ],[-0.40539762],[-0.79333148 -2.37999443 -0.25252525],[-13.01785129],[0.36728459]
38,[-3.01603426  0.94626023 -0.53337745],[-2.51825587],[-0.72986496 -2.18959488 -0.23232323],[-12.22446786],[0.37744042]
39,[7.78228121e-02 9.36581265e+00 1.69442169e-03],[2.41000534],[-0.66639844 -1.99919533 -0.21212121],[-11.39208355],[0.3817613]
40,[1.86547086 2.98719538 0.59625752],[18.44316484],[-0.60293192 -1.80879577 -0.19191919],[-10.52059692],[0.38021445]
41,[-0.96472974 -9.03743898 -0.59820635],[-16.39944635],[-0.53946541 -1.61839622 -0.17171717],[-9.60981076],[0.37308169]
42,[2.50569742 0.20774975 0.40785319],[11.4814865],[-0.47599889 -1.42799666 -0.15151515],[-8.65959539],[0.36093776]
43,[ 2.06662639 -2.0078461   0.27470867],[17.13463846],[-0.41253237 -1.23759711 -0.13131313],[-7.67006001],[0.34462385]
44,[-0.18762579 -7.54259589  0.07270073],[-4.32330898],[-0.34906585 -1.04719755 -0.11111111],[-6.64172124],[0.32521657]
45,[-2.06071451  3.43115884 -0.77303234],[-17.22828695],[-0.28559933 -0.856798   -0.09090909],[-5.57565861],[0.30399195]
46,[0.53514927 4.11198029 0.60645366],[10.21893467],[-0.22213281 -0.66639844 -0.07070707],[-4.47364714],[0.28237911]
47,[2.33496198 1.81584106 0.1451522 ],[13.84478751],[-0.1586663  -0.47599889 -0.05050505],[-3.33825867],[0.2618908]
48,[ 2.18144475 -9.2850003  -0.95902205],[16.36518723],[-0.09519978 -0.28559933 -0.03030303],[-2.17292557],[0.24400706]
49,[-2.12943747 -5.66362181  0.65710353],[-16.10990445],[-0.03173326 -0.09519978 -0.01010101],[-0.98196234],[0.22998917]
50,,,[0.03173326 0.09519978 0.01010101],[0.22945683],[0.22063579]
51,,,[0.09519978 0.28559933 0.03030303],[1.45536378],[0.21606975]
52,,,[0.1586663  0.47599889 0.05050505],[2.68910262],[0.2156925]
53,,,[0.22213281 0.66639844 0.07070707],[3.92347108],[0.21836421]
54,,,[0.28559933 0.856798   0.09090909],[5.15088972],[0.22271126]
55,,,[0.34906585 1.04719755 0.11111111],[6.36359039],[0.22740218]
56,,,[0.41253237 1.23759711 0.13131313],[7.55381412],[0.2313099]
57,,,[0.47599889 1.42799666 0.15151515],[8.71400793],[0.23356999]
58,,,[0.53946541 1.61839622 0.17171717],[9.83701063],[0.23357948]
59,,,[0.60293192 1.80879577 0.19191919],[10.91621762],[0.2309724]
60,,,[0.66639844 1.99919533 0.21212121],[11.9457163],[0.2255909]
61,,,[0.72986496 2.18959488 0.23232323],[12.92038503],[0.21745866]
62,,,[0.79333148 2.37999443 0.25252525],[13.8359506],[0.2067579]
63,,,[0.856798   2.57039399 0.27272727],[14.68900147],[0.19381107]
64,,,[0.92026451 2.76079354 0.29292929],[15.47695625],[0.17907064]
65,,,[0.98373103 2.9511931  0.31313131],[16.19798977],[0.16312647]
66,,,[1.04719755 3.14159265 0.33333333],[16.85092092],[0.1467492]
67,,,[1.11066407 3.33199221 0.35353535],[17.4350693],[0.13099771]
68,,,[1.17413059 3.52239176 0.37373737],[17.95008906],[0.11740995]
69,,,[1.23759711 3.71279132 0.39393939],[18.39579018],[0.10819093]
70,,,[1.30106362 3.90319087 0.41414141],[18.77195816],[0.10599783]
71,,,[1.36453014 4.09359043 0.43434343],[19.07818374],[0.11282661]
72,,,[1.42799666 4.28398998 0.45454545],[19.31371387],[0.12880103]
73,,,[1.49146318 4.47438954 0.47474747],[19.47733438],[0.1524805]
74,,,[1.5549297  4.66478909 0.49494949],[19.5672934],[0.18203819]
75,,,[1.61839622 4.85518865 0.51515152],[19.58127265],[0.21586426]
76,,,[1.68186273 5.0455882  0.53535354],[19.5164112],[0.25257672]
77,,,[1.74532925 5.23598776 0.55555556],[19.3693835],[0.29087509]
78,,,[1.80879577 5.42638731 0.57575758],[19.13653083],[0.32942452]
79,,,[1.87226229 5.61678687 0.5959596 ],[18.81404174],[0.36679713]
80,,,[1.93572881 5.80718642 0.61616162],[18.39817484],[0.40145753]
81,,,[1.99919533 5.99758598 0.63636364],[17.88551408],[0.4317781]
82,,,[2.06266184 6.18798553 0.65656566],[17.27324483],[0.45607506]
83,,,[2.12612836 6.37838508 0.67676768],[16.55943744],[0.47266177]
84,,,[2.18959488 6.56878464 0.6969697 ],[15.74332384],[0.47992157]
85,,,[2.2530614  6.75918419 0.71717172],[14.82555267],[0.47641129]
86,,,[2.31652792 6.94958375 0.73737374],[13.80840894],[0.46102388]
87,,,[2.37999443 7.1399833  0.75757576],[12.6959855],[0.43328118]
88,,,[2.44346095 7.33038286 0.77777778],[11.49429565],[0.39393923]
89,,,[2.50692747 7.52078241 0.7979798 ],[10.21131859],[0.34639013]
90,,,[2.57039399 7.71118197 0.81818182],[8.85697268],[0.29999983]
91,,,[2.63386051 7.90158152 0.83838384],[7.44301461],[0.27593813]
92,,,[2.69732703 8.09198108 0.85858586],[5.98286609],[0.30402663]
93,,,[2.76079354 8.28238063 0.87878788],[4.49137297],[0.39478768]
94,,,[2.82426006 8.47278019 0.8989899 ],[2.9845049],[0.53478297]
95,,,[2.88772658 8.66317974 0.91919192],[1.4790063],[0.71019905]
96,,,[2.9511931  8.8535793  0.93939394],[-0.00798843],[0.9130638]
97,,,[3.01465962 9.04397885 0.95959596],[-1.45936085],[1.1386926]
98,,,[3.07812614 9.23437841 0.97979798],[-2.85842037],[1.38375212]
99,,,[3.14159265 9.42477796 1.        ],[-4.18930665],[1.64538865]
