,x_train,y_train,x_test,y_pred,y_std,score
0,[-2.83544476  4.38381352  0.59401732],[8.91228118],[-9.42477796 -9.42477796 -1.        ],[19.60123279],[2.18821512],0.7279225469124564
1,[-6.86504741 -7.322126    0.7865714 ],[3.1186527],[-9.23437841 -9.23437841 -0.97979798],[20.48366495],[1.90751049],
2,[-1.39629894  1.18384787  0.21487857],[1.66108289],[-9.04397885 -9.04397885 -0.95959596],[21.1895518],[1.62189151],
3,[-1.20642517  0.42906289 -0.31632556],[1.84485207],[-8.8535793  -8.8535793  -0.93939394],[21.691577],[1.33767225],
4,[-4.77553754 -3.340546    0.45655232],[9.05671078],[-8.66317974 -8.66317974 -0.91919192],[21.96690647],[1.0637621],
5,[-2.01917323e+00 -8.27763966e+00 -1.49311583e-03],[7.8804872],[-8.47278019 -8.47278019 -0.8989899 ],[21.99864942],[0.81461769],
6,[7.15918456 0.8306616  0.20232683],[-5.56602739],[-8.28238063 -8.28238063 -0.87878788],[21.77719989],[0.61742446],
7,[ 2.89852954 -4.7939553   0.92090995],[-11.17671811],[-8.09198108 -8.09198108 -0.85858586],[21.30136964],[0.51961447],
8,[-2.34240802  0.8366433   0.24486495],[7.24899158],[-7.90158152 -7.90158152 -0.83838384],[20.57922468],[0.55363475],
9,[ 9.09280172  4.98694294 -0.21950223],[-35.75293649],[-7.71118197 -7.71118197 -0.81818182],[19.62854568],[0.67840109],
10,[-0.69460155  8.87889094  0.21135347],[-2.34892551],[-7.52078241 -7.52078241 -0.7979798 ],[18.47684632],[0.83431257],
11,[-3.58745994  7.42049923 -0.63273247],[12.26077505],[-7.33038286 -7.33038286 -0.77777778],[17.16090393],[0.98858209],
12,[-5.72873825  4.19762489  0.05834407],[0.47979389],[-7.1399833  -7.1399833  -0.75757576],[15.72578131],[1.12620545],
13,[-2.97363893 -4.97139915  0.46365964],[12.29137848],[-6.94958375 -6.94958375 -0.73737374],[14.22334845],[1.23999713],
14,[-0.35265563 -8.57387369  0.44150433],[1.73784255],[-6.75918419 -6.75918419 -0.71717172],[12.71034336],[1.32649224],
15,[-3.48409704  6.86789691  0.56647346],[10.70273327],[-6.56878464 -6.56878464 -0.6969697 ],[11.24604308],[1.38437608],
16,[-6.11353734 -3.20110233  0.8784677 ],[-0.13034497],[-6.37838508 -6.37838508 -0.67676768],[9.88964524],[1.41382352],
17,[-0.52730647  1.39250574 -0.75641441],[0.78704373],[-6.18798553 -6.18798553 -0.65656566],[8.69748557],[1.41616999],
18,[ 6.43553263  1.64976143 -0.7592129 ],[0.41445516],[-5.99758598 -5.99758598 -0.63636364],[7.7202357],[1.3937036],
19,[0.78820991 2.88715891 0.76929925],[-2.25991005],[-5.80718642 -5.80718642 -0.61616162],[7.0002363],[1.34949899],
20,[-7.67192113  1.96170163  0.22101822],[11.50516619],[-5.61678687 -5.61678687 -0.5959596 ],[6.56912189],[1.28726569],
21,[-7.83353836 -8.06598218 -0.4438621 ],[17.7937852],[-5.42638731 -5.42638731 -0.57575758],[6.44588542],[1.21120837],
22,[-3.15075465  6.66316193 -0.08705584],[10.70826471],[-5.23598776 -5.23598776 -0.55555556],[6.63551183],[1.12590984],
23,[ 9.15010974 -2.81032074 -0.319127  ],[-34.05485454],[-5.0455882  -5.0455882  -0.53535354],[7.12828253],[1.03625388],
24,[-1.97006243 -7.2154486   0.43468147],[6.72418682],[-4.85518865 -4.85518865 -0.51515152],[7.89981725],[0.94739869],
25,[ 3.28880667  3.90435146 -0.1395104 ],[-13.55089838],[-4.66478909 -4.66478909 -0.49494949],[8.91187854],[0.86478053],
26,[-8.91441062e+00 -5.12553219e+00 -6.52687810e-03],[34.03112602],[-4.47438954 -4.47438954 -0.47474747],[10.11392038],[0.79405017],
27,[-6.47065345  0.4666726   0.68508131],[-0.66292002],[-4.28398998 -4.28398998 -0.45454545],[11.44531718],[0.74072614],
28,[-5.02503956 -3.53291711  0.12040392],[7.61725765],[-4.09359043 -4.09359043 -0.43434343],[12.83816794],[0.7093129],
29,[-2.81736618  1.114674    0.32721794],[9.92869144],[-3.90319087 -3.90319087 -0.41414141],[14.22053271],[0.70196767],
30,[ 0.10611246 -5.86636252 -0.51389172],[2.34851305],[-3.71279132 -3.71279132 -0.39393939],[15.51993004],[0.7174978],
31,[-5.8520665  -3.89941098  0.63357783],[1.06035687],[-3.52239176 -3.52239176 -0.37373737],[16.66690414],[0.75159609],
32,[ 5.57872018 -3.1401942   0.29972204],[-2.01719424],[-3.33199221 -3.33199221 -0.35353535],[17.59846274],[0.79817918],
33,[-4.89940746 -1.76735786  0.29210965],[7.93279243],[-3.14159265 -3.14159265 -0.33333333],[18.2611901],[0.85082202],
34,[ 2.36588816 -4.26126504  0.5879078 ],[-7.60386846],[-2.9511931  -2.9511931  -0.31313131],[18.61385607],[0.90362656],
35,[ 7.8221094  -7.82602301 -0.465333  ],[-12.11796519],[-2.76079354 -2.76079354 -0.29292929],[18.62936854],[0.95155784],
36,[5.94957454 8.7738436  0.46803876],[-3.72597951],[-2.57039399 -2.57039399 -0.27272727],[18.29595452],[0.99052207],
37,[ 8.82797365 -4.41162097 -0.35690454],[-30.01892659],[-2.37999443 -2.37999443 -0.25252525],[17.61749939],[1.01737754],
38,[ 8.27363934 -3.43604376 -0.44591251],[-21.61735499],[-2.18959488 -2.18959488 -0.23232323],[16.61302433],[1.02994853],
39,[-4.30072345  3.5086027   0.57547825],[9.83901191],[-1.99919533 -1.99919533 -0.21212121],[15.3153339],[1.02704737],
40,[9.29623671 7.35856771 0.13187492],[-38.4039085],[-1.80879577 -1.80879577 -0.19191919],[13.76891697],[1.00848945],
41,[ 1.77270047 -5.05208227  0.86642239],[-3.95343698],[-1.61839622 -1.61839622 -0.17171717],[12.02723099],[0.97508613],
42,[ 8.64254884 -0.20033846 -0.48462496],[-28.08419409],[-1.42799666 -1.42799666 -0.15151515],[10.14953838],[0.92860821],
43,[ 5.01655627 -3.16111775  0.17762734],[-6.0573968],[-1.23759711 -1.23759711 -0.13131313],[8.19749258],[0.8717206],
44,[ 1.94147592 -0.9287703  -0.11007828],[-4.77185092],[-1.04719755 -1.04719755 -0.11111111],[6.2316877],[0.80789331],
45,[ 4.60139149e+00  1.98811584e+00 -4.16896520e-03],[-10.40167768],[-0.856798   -0.856798   -0.09090909],[4.30838715],[0.74129018],
46,[-6.52314954  1.05402947 -0.2429141 ],[0.4392513],[-0.66639844 -0.66639844 -0.07070707],[2.4766348],[0.67661483],
47,[-6.71328152  8.3295393   0.84867415],[-2.14845027],[-0.47599889 -0.47599889 -0.05050505],[0.77592536],[0.61884405],
48,[-5.62300462  1.04158886 -0.54786361],[2.76817295],[-0.28559933 -0.28559933 -0.03030303],[-0.76542825],[0.57271588],
49,[ 2.0121548  -3.58772917 -0.60804951],[-3.93192697],[-0.09519978 -0.09519978 -0.01010101],[-2.13114129],[0.54186399],
50,,,[0.09519978 0.09519978 0.01010101],[-3.31698396],[0.52778309],
51,,,[0.28559933 0.28559933 0.03030303],[-4.33001247],[0.52926752],
52,,,[0.47599889 0.47599889 0.05050505],[-5.1870847],[0.54288512],
53,,,[0.66639844 0.66639844 0.07070707],[-5.91279045],[0.56418848],
54,,,[0.856798   0.856798   0.09090909],[-6.53696605],[0.58881918],
55,,,[1.04719755 1.04719755 0.11111111],[-7.09198981],[0.61304436],
56,,,[1.23759711 1.23759711 0.13131313],[-7.61006572],[0.6338256],
57,,,[1.42799666 1.42799666 0.15151515],[-8.12069821],[0.64869262],
58,,,[1.61839622 1.61839622 0.17171717],[-8.64853973],[0.65561681],
59,,,[1.80879577 1.80879577 0.19191919],[-9.21175839],[0.65297779],
60,,,[1.99919533 1.99919533 0.21212121],[-9.82102769],[0.63966414],
61,,,[2.18959488 2.18959488 0.23232323],[-10.47918752],[0.61534378],
62,,,[2.37999443 2.37999443 0.25252525],[-11.18157117],[0.58097259],
63,,,[2.57039399 2.57039399 0.27272727],[-11.91694015],[0.53967585],
64,,,[2.76079354 2.76079354 0.29292929],[-12.66892253],[0.49816017],
65,,,[2.9511931  2.9511931  0.31313131],[-13.41781449],[0.4683488],
66,,,[3.14159265 3.14159265 0.33333333],[-14.14258158],[0.46685651],
67,,,[3.33199221 3.33199221 0.35353535],[-14.82288746],[0.50796003],
68,,,[3.52239176 3.52239176 0.37373737],[-15.44098317],[0.59407195],
69,,,[3.71279132 3.71279132 0.39393939],[-15.98330921],[0.71658432],
70,,,[3.90319087 3.90319087 0.41414141],[-16.44169233],[0.86383295],
71,,,[4.09359043 4.09359043 0.43434343],[-16.81405727],[1.02546773],
72,,,[4.28398998 4.28398998 0.45454545],[-17.10461556],[1.19297179],
73,,,[4.47438954 4.47438954 0.47474747],[-17.32353704],[1.35918131],
74,,,[4.66478909 4.66478909 0.49494949],[-17.48614944],[1.51790314],
75,,,[4.85518865 4.85518865 0.51515152],[-17.61174552],[1.66375404],
76,,,[5.0455882  5.0455882  0.53535354],[-17.72210327],[1.79214292],
77,,,[5.23598776 5.23598776 0.55555556],[-17.83984017],[1.89931902],
78,,,[5.42638731 5.42638731 0.57575758],[-17.98672856],[1.98243557],
79,,,[5.61678687 5.61678687 0.5959596 ],[-18.18209469],[2.0395991],
80,,,[5.80718642 5.80718642 0.61616162],[-18.44141097],[2.06988857],
81,,,[5.99758598 5.99758598 0.63636364],[-18.77517083],[2.07333978],
82,,,[6.18798553 6.18798553 0.65656566],[-19.18811066],[2.05089911],
83,,,[6.37838508 6.37838508 0.67676768],[-19.67881562],[2.00435985],
84,,,[6.56878464 6.56878464 0.6969697 ],[-20.23971808],[1.93630266],
85,,,[6.75918419 6.75918419 0.71717172],[-20.85747135],[1.85007067],
86,,,[6.94958375 6.94958375 0.73737374],[-21.51365803],[1.74981777],
87,,,[7.1399833  7.1399833  0.75757576],[-22.18577441],[1.64067341],
88,,,[7.33038286 7.33038286 0.77777778],[-22.84841881],[1.5290569],
89,,,[7.52078241 7.52078241 0.7979798 ],[-23.47460491],[1.42311876],
90,,,[7.71118197 7.71118197 0.81818182],[-24.03711879],[1.33311644],
91,,,[7.90158152 7.90158152 0.83838384],[-24.50984207],[1.27118021],
92,,,[8.09198108 8.09198108 0.85858586],[-24.86897096],[1.24959766],
93,,,[8.28238063 8.28238063 0.87878788],[-25.09407215],[1.27734336],
94,,,[8.47278019 8.47278019 0.8989899 ],[-25.16892993],[1.35669005],
95,,,[8.66317974 8.66317974 0.91919192],[-25.08215386],[1.48280984],
96,,,[8.8535793  8.8535793  0.93939394],[-24.82753161],[1.64653617],
97,,,[9.04397885 9.04397885 0.95959596],[-24.40412632],[1.83762268],
98,,,[9.23437841 9.23437841 0.97979798],[-23.81613145],[2.04664032],
99,,,[9.42477796 9.42477796 1.        ],[-23.07250759],[2.26556837],
