,x_train,y_train,x_test,y_pred,y_std
0,[-1.28115869  9.03840207 -0.77209462],[1.59234937],[-3.14159265 -9.42477796 -1.        ],[-0.99383097],[24.48690291]
1,[ 1.09369093 -0.8237167  -0.88446314],[1.16224798],[-3.07812614 -9.23437841 -0.97979798],[-1.03010145],[23.98665214]
2,[ 0.38667141 -0.83345969 -0.12561654],[-0.0199303],[-3.01465962 -9.04397885 -0.95959596],[-1.06545446],[23.46599556]
3,[-1.24716133 -1.6930525  -0.5430399 ],[1.68197262],[-2.9511931  -8.8535793  -0.93939394],[-1.09967603],[22.92534485]
4,[-2.0755813   1.47620951  0.31674535],[4.52456363],[-2.88772658 -8.66317974 -0.91919192],[-1.13254512],[22.36522645]
5,,,[-2.82426006 -8.47278019 -0.8989899 ],[-1.16383464],[21.78628402]
6,,,[-2.76079354 -8.28238063 -0.87878788],[-1.19331263],[21.1892801]
7,,,[-2.69732703 -8.09198108 -0.85858586],[-1.2207435],[20.57509687]
8,,,[-2.63386051 -7.90158152 -0.83838384],[-1.24588942],[19.94473621]
9,,,[-2.57039399 -7.71118197 -0.81818182],[-1.26851175],[19.29931866]
10,,,[-2.50692747 -7.52078241 -0.7979798 ],[-1.28837261],[18.64008162]
11,,,[-2.44346095 -7.33038286 -0.77777778],[-1.30523649],[17.96837643]
12,,,[-2.37999443 -7.1399833  -0.75757576],[-1.31887199],[17.28566455]
13,,,[-2.31652792 -6.94958375 -0.73737374],[-1.32905352],[16.59351272]
14,,,[-2.2530614  -6.75918419 -0.71717172],[-1.3355632],[15.89358701]
15,,,[-2.18959488 -6.56878464 -0.6969697 ],[-1.33819262],[15.18764597]
16,,,[-2.12612836 -6.37838508 -0.67676768],[-1.33674476],[14.47753263]
17,,,[-2.06266184 -6.18798553 -0.65656566],[-1.33103585],[13.76516554]
18,,,[-1.99919533 -5.99758598 -0.63636364],[-1.32089724],[13.05252877]
19,,,[-1.93572881 -5.80718642 -0.61616162],[-1.30617724],[12.34166081]
20,,,[-1.87226229 -5.61678687 -0.5959596 ],[-1.28674289],[11.63464255]
21,,,[-1.80879577 -5.42638731 -0.57575758],[-1.26248176],[10.93358416]
22,,,[-1.74532925 -5.23598776 -0.55555556],[-1.23330354],[10.24061097]
23,,,[-1.68186273 -5.0455882  -0.53535354],[-1.19914163],[9.55784825]
24,,,[-1.61839622 -4.85518865 -0.51515152],[-1.15995461],[8.8874049]
25,,,[-1.5549297  -4.66478909 -0.49494949],[-1.11572752],[8.23135603]
26,,,[-1.49146318 -4.47438954 -0.47474747],[-1.06647307],[7.59172422]
27,,,[-1.42799666 -4.28398998 -0.45454545],[-1.01223265],[6.97045949]
28,,,[-1.36453014 -4.09359043 -0.43434343],[-0.95307714],[6.36941773]
29,,,[-1.30106362 -3.90319087 -0.41414141],[-0.88910757],[5.79033754]
30,,,[-1.23759711 -3.71279132 -0.39393939],[-0.82045558],[5.23481527]
31,,,[-1.17413059 -3.52239176 -0.37373737],[-0.74728361],[4.70427831]
32,,,[-1.11066407 -3.33199221 -0.35353535],[-0.66978496],[4.19995673]
33,,,[-1.04719755 -3.14159265 -0.33333333],[-0.5881835],[3.7228541]
34,,,[-0.98373103 -2.9511931  -0.31313131],[-0.50273328],[3.27371923]
35,,,[-0.92026451 -2.76079354 -0.29292929],[-0.41371778],[2.8530226]
36,,,[-0.856798   -2.57039399 -0.27272727],[-0.321449],[2.46094572]
37,,,[-0.79333148 -2.37999443 -0.25252525],[-0.22626626],[2.09739984]
38,,,[-0.72986496 -2.18959488 -0.23232323],[-0.1285348],[1.76210908]
39,,,[-0.66639844 -1.99919533 -0.21212121],[-0.02864414],[1.45483467]
40,,,[-0.60293192 -1.80879577 -0.19191919],[0.07299381],[1.175921]
41,,,[-0.53946541 -1.61839622 -0.17171717],[0.17594681],[0.92761469]
42,,,[-0.47599889 -1.42799666 -0.15151515],[0.2797646],[0.71727388]
43,,,[-0.41253237 -1.23759711 -0.13131313],[0.38398132],[0.56424856]
44,,,[-0.34906585 -1.04719755 -0.11111111],[0.48811822],[0.50455521]
45,,,[-0.28559933 -0.856798   -0.09090909],[0.59168637],[0.56070089]
46,,,[-0.22213281 -0.66639844 -0.07070707],[0.69418967],[0.70553435]
47,,,[-0.1586663  -0.47599889 -0.05050505],[0.79512779],[0.90164928]
48,,,[-0.09519978 -0.28559933 -0.03030303],[0.89399936],[1.12951074]
49,,,[-0.03173326 -0.09519978 -0.01010101],[0.99030512],[1.38162375]
50,,,[0.03173326 0.09519978 0.01010101],[1.08355116],[1.65550949]
51,,,[0.09519978 0.28559933 0.03030303],[1.17325209],[1.95050731]
52,,,[0.1586663  0.47599889 0.05050505],[1.25893435],[2.26647503]
53,,,[0.22213281 0.66639844 0.07070707],[1.34013928],[2.60326081]
54,,,[0.28559933 0.856798   0.09090909],[1.41642631],[2.96049624]
55,,,[0.34906585 1.04719755 0.11111111],[1.48737592],[3.33753011]
56,,,[0.41253237 1.23759711 0.13131313],[1.55259251],[3.73342558]
57,,,[0.47599889 1.42799666 0.15151515],[1.61170721],[4.14698547]
58,,,[0.53946541 1.61839622 0.17171717],[1.6643804],[4.57678875]
59,,,[0.60293192 1.80879577 0.19191919],[1.7103041],[5.0212302]
60,,,[0.66639844 1.99919533 0.21212121],[1.74920416],[5.47855952]
61,,,[0.72986496 2.18959488 0.23232323],[1.78084218],[5.94691821]
62,,,[0.79333148 2.37999443 0.25252525],[1.80501723],[6.42437375]
63,,,[0.856798   2.57039399 0.27272727],[1.82156723],[6.90895095]
64,,,[0.92026451 2.76079354 0.29292929],[1.83037016],[7.39866075]
65,,,[0.98373103 2.9511931  0.31313131],[1.83134492],[7.89152662]
66,,,[1.04719755 3.14159265 0.33333333],[1.82445189],[8.38560886]
67,,,[1.11066407 3.33199221 0.35353535],[1.80969321],[8.87902683]
68,,,[1.17413059 3.52239176 0.37373737],[1.7871128],[9.36997944]
69,,,[1.23759711 3.71279132 0.39393939],[1.75679603],[9.85676385]
70,,,[1.30106362 3.90319087 0.41414141],[1.7188691],[10.33779244]
71,,,[1.36453014 4.09359043 0.43434343],[1.67349819],[10.81160811]
72,,,[1.42799666 4.28398998 0.45454545],[1.62088823],[11.27689783]
73,,,[1.49146318 4.47438954 0.47474747],[1.56128149],[11.7325044]
74,,,[1.5549297  4.66478909 0.49494949],[1.49495589],[12.17743638]
75,,,[1.61839622 4.85518865 0.51515152],[1.42222306],[12.61087611]
76,,,[1.68186273 5.0455882  0.53535354],[1.34342617],[13.03218569]
77,,,[1.74532925 5.23598776 0.55555556],[1.25893758],[13.44091087]
78,,,[1.80879577 5.42638731 0.57575758],[1.16915628],[13.83678277]
79,,,[1.87226229 5.61678687 0.5959596 ],[1.07450523],[14.21971725]
80,,,[1.93572881 5.80718642 0.61616162],[0.97542846],[14.58981201]
81,,,[1.99919533 5.99758598 0.63636364],[0.8723882],[14.94734119]
82,,,[2.06266184 6.18798553 0.65656566],[0.76586175],[15.29274758]
83,,,[2.12612836 6.37838508 0.67676768],[0.65633847],[15.62663228]
84,,,[2.18959488 6.56878464 0.6969697 ],[0.54431659],[15.94974198]
85,,,[2.2530614  6.75918419 0.71717172],[0.43030007],[16.2629539]
86,,,[2.31652792 6.94958375 0.73737374],[0.31479551],[16.56725839]
87,,,[2.37999443 7.1399833  0.75757576],[0.198309],[16.86373963]
88,,,[2.44346095 7.33038286 0.77777778],[0.08134315],[17.15355446]
89,,,[2.50692747 7.52078241 0.7979798 ],[-0.03560592],[17.43790979]
90,,,[2.57039399 7.71118197 0.81818182],[-0.15205135],[17.71803902]
91,,,[2.63386051 7.90158152 0.83838384],[-0.26751831],[17.99517783]
92,,,[2.69732703 8.09198108 0.85858586],[-0.38154654],[18.27054]
93,,,[2.76079354 8.28238063 0.87878788],[-0.49369276],[18.54529368]
94,,,[2.82426006 8.47278019 0.8989899 ],[-0.60353292],[18.82053885]
95,,,[2.88772658 8.66317974 0.91919192],[-0.71066422],[19.09728638]
96,,,[2.9511931  8.8535793  0.93939394],[-0.81470696],[19.37643941]
97,,,[3.01465962 9.04397885 0.95959596],[-0.91530621],[19.65877736]
98,,,[3.07812614 9.23437841 0.97979798],[-1.01213319],[19.94494313]
99,,,[3.14159265 9.42477796 1.        ],[-1.10488649],[20.23543361]
