,x_train,y_train,x_test,y_pred,y_std,score
0,[-1.10281552 -2.40257035 -0.01517369],[-1.45171644],[-9.42477796 -9.42477796 -1.        ],[6.77785294],[4.0624594],-1.4895698905899994
1,[-3.09092615  5.16895548  0.79806499],[9.61167689],[-9.23437841 -9.23437841 -0.97979798],[6.73066601],[3.96475896],
2,[-0.24293014  6.90061771 -0.4839059 ],[0.71248344],[-9.04397885 -9.04397885 -0.95959596],[6.67923823],[3.86698473],
3,[0.48601089 8.92708486 0.42055233],[-0.23008018],[-8.8535793  -8.8535793  -0.93939394],[6.62352737],[3.76917953],
4,[-0.60462103 -4.10698904  0.520595  ],[-0.60499009],[-8.66317974 -8.66317974 -0.91919192],[6.56349398],[3.67138686],
5,,,[-8.47278019 -8.47278019 -0.8989899 ],[6.49910144],[3.57365091],
6,,,[-8.28238063 -8.28238063 -0.87878788],[6.43031604],[3.47601657],
7,,,[-8.09198108 -8.09198108 -0.85858586],[6.35710709],[3.37852947],
8,,,[-7.90158152 -7.90158152 -0.83838384],[6.27944694],[3.281236],
9,,,[-7.71118197 -7.71118197 -0.81818182],[6.19731109],[3.18418339],
10,,,[-7.52078241 -7.52078241 -0.7979798 ],[6.11067826],[3.08741976],
11,,,[-7.33038286 -7.33038286 -0.77777778],[6.01953041],[2.99099417],
12,,,[-7.1399833  -7.1399833  -0.75757576],[5.92385287],[2.89495681],
13,,,[-6.94958375 -6.94958375 -0.73737374],[5.82363433],[2.79935906],
14,,,[-6.75918419 -6.75918419 -0.71717172],[5.71886694],[2.70425369],
15,,,[-6.56878464 -6.56878464 -0.6969697 ],[5.60954636],[2.60969505],
16,,,[-6.37838508 -6.37838508 -0.67676768],[5.49567179],[2.51573936],
17,,,[-6.18798553 -6.18798553 -0.65656566],[5.37724601],[2.42244499],
18,,,[-5.99758598 -5.99758598 -0.63636364],[5.25427546],[2.32987285],
19,,,[-5.80718642 -5.80718642 -0.61616162],[5.12677025],[2.23808688],
20,,,[-5.61678687 -5.61678687 -0.5959596 ],[4.99474418],[2.14715463],
21,,,[-5.42638731 -5.42638731 -0.57575758],[4.8582148],[2.05714796],
22,,,[-5.23598776 -5.23598776 -0.55555556],[4.71720343],[1.96814396],
23,,,[-5.0455882  -5.0455882  -0.53535354],[4.57173516],[1.880226],
24,,,[-4.85518865 -4.85518865 -0.51515152],[4.4218389],[1.79348515],
25,,,[-4.66478909 -4.66478909 -0.49494949],[4.26754738],[1.70802177],
26,,,[-4.47438954 -4.47438954 -0.47474747],[4.10889714],[1.62394767],
27,,,[-4.28398998 -4.28398998 -0.45454545],[3.94592856],[1.54138862],
28,,,[-4.09359043 -4.09359043 -0.43434343],[3.77868586],[1.46048761],
29,,,[-3.90319087 -3.90319087 -0.41414141],[3.60721709],[1.38140876],
30,,,[-3.71279132 -3.71279132 -0.39393939],[3.4315741],[1.30434224],
31,,,[-3.52239176 -3.52239176 -0.37373737],[3.25181257],[1.22951021],
32,,,[-3.33199221 -3.33199221 -0.35353535],[3.06799198],[1.15717397],
33,,,[-3.14159265 -3.14159265 -0.33333333],[2.88017554],[1.08764244],
34,,,[-2.9511931  -2.9511931  -0.31313131],[2.68843023],[1.02128162],
35,,,[-2.76079354 -2.76079354 -0.29292929],[2.49282675],[0.95852464],
36,,,[-2.57039399 -2.57039399 -0.27272727],[2.29343945],[0.89988088],
37,,,[-2.37999443 -2.37999443 -0.25252525],[2.09034634],[0.84594175],
38,,,[-2.18959488 -2.18959488 -0.23232323],[1.88362901],[0.79737884],
39,,,[-1.99919533 -1.99919533 -0.21212121],[1.6733726],[0.75492847],
40,,,[-1.80879577 -1.80879577 -0.19191919],[1.45966571],[0.71935549],
41,,,[-1.61839622 -1.61839622 -0.17171717],[1.24260042],[0.69139123],
42,,,[-1.42799666 -1.42799666 -0.15151515],[1.02227214],[0.67164708],
43,,,[-1.23759711 -1.23759711 -0.13131313],[0.7987796],[0.66051767],
44,,,[-1.04719755 -1.04719755 -0.11111111],[0.57222475],[0.65809967],
45,,,[-0.856798   -0.856798   -0.09090909],[0.34271271],[0.6641556],
46,,,[-0.66639844 -0.66639844 -0.07070707],[0.11035165],[0.67813848],
47,,,[-0.47599889 -0.47599889 -0.05050505],[-0.12474722],[0.69926922],
48,,,[-0.28559933 -0.28559933 -0.03030303],[-0.36246984],[0.72663949],
49,,,[-0.09519978 -0.09519978 -0.01010101],[-0.60269929],[0.75930995],
50,,,[0.09519978 0.09519978 0.01010101],[-0.84531596],[0.79638424],
51,,,[0.28559933 0.28559933 0.03030303],[-1.0901976],[0.83705355],
52,,,[0.47599889 0.47599889 0.05050505],[-1.33721944],[0.880616],
53,,,[0.66639844 0.66639844 0.07070707],[-1.58625431],[0.92647877],
54,,,[0.856798   0.856798   0.09090909],[-1.83717274],[0.97415039],
55,,,[1.04719755 1.04719755 0.11111111],[-2.08984303],[1.02322862],
56,,,[1.23759711 1.23759711 0.13131313],[-2.34413145],[1.07338725],
57,,,[1.42799666 1.42799666 0.15151515],[-2.59990228],[1.12436359],
58,,,[1.61839622 1.61839622 0.17171717],[-2.85701797],[1.17594742],
59,,,[1.80879577 1.80879577 0.19191919],[-3.11533924],[1.22797167],
60,,,[1.99919533 1.99919533 0.21212121],[-3.37472524],[1.28030461],
61,,,[2.18959488 2.18959488 0.23232323],[-3.63503366],[1.33284357],
62,,,[2.37999443 2.37999443 0.25252525],[-3.89612083],[1.38550975],
63,,,[2.57039399 2.57039399 0.27272727],[-4.15784191],[1.43824408],
64,,,[2.76079354 2.76079354 0.29292929],[-4.42005098],[1.49100388],
65,,,[2.9511931  2.9511931  0.31313131],[-4.68260118],[1.54376003],
66,,,[3.14159265 3.14159265 0.33333333],[-4.94534487],[1.59649481],
67,,,[3.33199221 3.33199221 0.35353535],[-5.20813376],[1.64920003],
68,,,[3.52239176 3.52239176 0.37373737],[-5.47081904],[1.70187548],
69,,,[3.71279132 3.71279132 0.39393939],[-5.73325149],[1.75452768],
70,,,[3.90319087 3.90319087 0.41414141],[-5.99528172],[1.80716881],
71,,,[4.09359043 4.09359043 0.43434343],[-6.25676018],[1.85981574],
72,,,[4.28398998 4.28398998 0.45454545],[-6.51753741],[1.91248931],
73,,,[4.47438954 4.47438954 0.47474747],[-6.77746413],[1.96521359],
74,,,[4.66478909 4.66478909 0.49494949],[-7.03639138],[2.01801532],
75,,,[4.85518865 4.85518865 0.51515152],[-7.29417069],[2.07092331],
76,,,[5.0455882  5.0455882  0.53535354],[-7.5506542],[2.12396806],
77,,,[5.23598776 5.23598776 0.55555556],[-7.80569479],[2.17718123],
78,,,[5.42638731 5.42638731 0.57575758],[-8.05914625],[2.23059534],
79,,,[5.61678687 5.61678687 0.5959596 ],[-8.3108634],[2.28424334],
80,,,[5.80718642 5.80718642 0.61616162],[-8.56070224],[2.33815833],
81,,,[5.99758598 5.99758598 0.63636364],[-8.80852006],[2.39237326],
82,,,[6.18798553 6.18798553 0.65656566],[-9.0541756],[2.44692065],
83,,,[6.37838508 6.37838508 0.67676768],[-9.29752918],[2.50183233],
84,,,[6.56878464 6.56878464 0.6969697 ],[-9.53844283],[2.55713923],
85,,,[6.75918419 6.75918419 0.71717172],[-9.77678041],[2.61287115],
86,,,[6.94958375 6.94958375 0.73737374],[-10.01240774],[2.6690566],
87,,,[7.1399833  7.1399833  0.75757576],[-10.24519273],[2.72572259],
88,,,[7.33038286 7.33038286 0.77777778],[-10.4750055],[2.78289451],
89,,,[7.52078241 7.52078241 0.7979798 ],[-10.70171852],[2.84059598],
90,,,[7.71118197 7.71118197 0.81818182],[-10.92520666],[2.89884873],
91,,,[7.90158152 7.90158152 0.83838384],[-11.1453474],[2.95767247],
92,,,[8.09198108 8.09198108 0.85858586],[-11.36202086],[3.01708487],
93,,,[8.28238063 8.28238063 0.87878788],[-11.57510995],[3.07710142],
94,,,[8.47278019 8.47278019 0.8989899 ],[-11.78450044],[3.13773541],
95,,,[8.66317974 8.66317974 0.91919192],[-11.99008112],[3.19899787],
96,,,[8.8535793  8.8535793  0.93939394],[-12.19174382],[3.26089757],
97,,,[9.04397885 9.04397885 0.95959596],[-12.38938356],[3.32344097],
98,,,[9.23437841 9.23437841 0.97979798],[-12.58289861],[3.38663224],
99,,,[9.42477796 9.42477796 1.        ],[-12.7721906],[3.45047326],
