,x_train,y_train,x_test,y_pred,y_std,score
0,[ 0.49808665 -4.97424932 -0.42875305],[1.77550178],[-9.42477796 -9.42477796 -1.        ],[0.07910305],[4.47197559],0.26067138525604905
1,[-4.87626072 -0.85544339 -0.07840021],[8.34691583],[-9.23437841 -9.23437841 -0.97979798],[0.10201255],[4.47186965],
2,[ 1.79076674 -1.90328752  0.35786574],[-4.42928529],[-9.04397885 -9.04397885 -0.95959596],[0.13058709],[4.47170017],
3,[9.06187586 2.43129218 0.02297792],[-35.22617363],[-8.8535793  -8.8535793  -0.93939394],[0.16593192],[4.47143318],
4,[ 8.78834101 -4.60876285  0.16830582],[-30.14793492],[-8.66317974 -8.66317974 -0.91919192],[0.2092855],[4.4710191],
5,,,[-8.47278019 -8.47278019 -0.8989899 ],[0.26201357],[4.47038684],
6,,,[-8.28238063 -8.28238063 -0.87878788],[0.32559617],[4.46943643],
7,,,[-8.09198108 -8.09198108 -0.85858586],[0.4016063],[4.46803009],
8,,,[-7.90158152 -7.90158152 -0.83838384],[0.49167904],[4.46598169],
9,,,[-7.71118197 -7.71118197 -0.81818182],[0.59747027],[4.46304497],
10,,,[-7.52078241 -7.52078241 -0.7979798 ],[0.72060456],[4.45890113],
11,,,[-7.33038286 -7.33038286 -0.77777778],[0.86261218],[4.45314647],
12,,,[-7.1399833  -7.1399833  -0.75757576],[1.02485582],[4.44528166],
13,,,[-6.94958375 -6.94958375 -0.73737374],[1.20844849],[4.43470397],
14,,,[-6.75918419 -6.75918419 -0.71717172],[1.41416466],[4.42070461],
15,,,[-6.56878464 -6.56878464 -0.6969697 ],[1.64234761],[4.40247311],
16,,,[-6.37838508 -6.37838508 -0.67676768],[1.8928168],[4.37911094],
17,,,[-6.18798553 -6.18798553 -0.65656566],[2.16477974],[4.34965629],
18,,,[-5.99758598 -5.99758598 -0.63636364],[2.45675336],[4.31312131],
19,,,[-5.80718642 -5.80718642 -0.61616162],[2.76650031],[4.26854281],
20,,,[-5.61678687 -5.61678687 -0.5959596 ],[3.09098572],[4.21504612],
21,,,[-5.42638731 -5.42638731 -0.57575758],[3.4263595],[4.15192128],
22,,,[-5.23598776 -5.23598776 -0.55555556],[3.76796889],[4.07870908],
23,,,[-5.0455882  -5.0455882  -0.53535354],[4.1104048],[3.99529362],
24,,,[-4.85518865 -4.85518865 -0.51515152],[4.44758423],[3.90199634],
25,,,[-4.66478909 -4.66478909 -0.49494949],[4.77286925],[3.79966475],
26,,,[-4.47438954 -4.47438954 -0.47474747],[5.07922137],[3.68974702],
27,,,[-4.28398998 -4.28398998 -0.45454545],[5.35938778],[3.57434031],
28,,,[-4.09359043 -4.09359043 -0.43434343],[5.60611412],[3.45619727],
29,,,[-3.90319087 -3.90319087 -0.41414141],[5.81237626],[3.33867104],
30,,,[-3.71279132 -3.71279132 -0.39393939],[5.97162209],[3.22557665],
31,,,[-3.52239176 -3.52239176 -0.37373737],[6.07801285],[3.12094898],
32,,,[-3.33199221 -3.33199221 -0.35353535],[6.12665271],[3.02869065],
33,,,[-3.14159265 -3.14159265 -0.33333333],[6.11379528],[2.95213146],
34,,,[-2.9511931  -2.9511931  -0.31313131],[6.03701588],[2.89356323],
35,,,[-2.76079354 -2.76079354 -0.29292929],[5.89533984],[2.85385411],
36,,,[-2.57039399 -2.57039399 -0.27272727],[5.68931853],[2.83225762],
37,,,[-2.37999443 -2.37999443 -0.25252525],[5.42104729],[2.82649222],
38,,,[-2.18959488 -2.18959488 -0.23232323],[5.09412211],[2.83308686],
39,,,[-1.99919533 -1.99919533 -0.21212121],[4.71353493],[2.84790807],
40,,,[-1.80879577 -1.80879577 -0.19191919],[4.28551048],[2.86674599],
41,,,[-1.61839622 -1.61839622 -0.17171717],[3.81729068],[2.88585022],
42,,,[-1.42799666 -1.42799666 -0.15151515],[3.31687539],[2.902349],
43,,,[-1.23759711 -1.23759711 -0.13131313],[2.79273055],[2.91452666],
44,,,[-1.04719755 -1.04719755 -0.11111111],[2.25347661],[2.92195991],
45,,,[-0.856798   -0.856798   -0.09090909],[1.70757124],[2.92552093],
46,,,[-0.66639844 -0.66639844 -0.07070707],[1.16300062],[2.92725337],
47,,,[-0.47599889 -0.47599889 -0.05050505],[0.62699325],[2.93012427],
48,,,[-0.28559933 -0.28559933 -0.03030303],[0.1057692],[2.93765864],
49,,,[-0.09519978 -0.09519978 -0.01010101],[-0.3956641],[2.95347962],
50,,,[0.09519978 0.09519978 0.01010101],[-0.87366046],[2.98080421],
51,,,[0.28559933 0.28559933 0.03030303],[-1.32602179],[3.02197353],
52,,,[0.47599889 0.47599889 0.05050505],[-1.7520197],[3.07810924],
53,,,[0.66639844 0.66639844 0.07070707],[-2.15235128],[3.14896793],
54,,,[0.856798   0.856798   0.09090909],[-2.52903167],[3.23301536],
55,,,[1.04719755 1.04719755 0.11111111],[-2.88522843],[3.32768288],
56,,,[1.23759711 1.23759711 0.13131313],[-3.22504543],[3.42972791],
57,,,[1.42799666 1.42799666 0.15151515],[-3.55326587],[3.53561413],
58,,,[1.61839622 1.61839622 0.17171717],[-3.87506584],[3.64184663],
59,,,[1.80879577 1.80879577 0.19191919],[-4.19571074],[3.74522795],
60,,,[1.99919533 1.99919533 0.21212121],[-4.52024786],[3.84302717],
61,,,[2.18959488 2.18959488 0.23232323],[-4.85320811],[3.93307065],
62,,,[2.37999443 2.37999443 0.25252525],[-5.19833003],[4.01377024],
63,,,[2.57039399 2.57039399 0.27272727],[-5.55831778],[4.08410608],
64,,,[2.76079354 2.76079354 0.29292929],[-5.93464405],[4.14357942],
65,,,[2.9511931  2.9511931  0.31313131],[-6.32740662],[4.19214787],
66,,,[3.14159265 3.14159265 0.33333333],[-6.73524544],[4.23015297],
67,,,[3.33199221 3.33199221 0.35353535],[-7.1553246],[4.25824703],
68,,,[3.52239176 3.52239176 0.37373737],[-7.58338079],[4.2773239],
69,,,[3.71279132 3.71279132 0.39393939],[-8.01383721],[4.28845644],
70,,,[3.90319087 3.90319087 0.41414141],[-8.43997875],[4.29284137],
71,,,[4.09359043 4.09359043 0.43434343],[-8.85418182],[4.29175127],
72,,,[4.28398998 4.28398998 0.45454545],[-9.24818924],[4.2864922],
73,,,[4.47438954 4.47438954 0.47474747],[-9.61341872],[4.2783651],
74,,,[4.66478909 4.66478909 0.49494949],[-9.94129163],[4.26862941],
75,,,[4.85518865 4.85518865 0.51515152],[-10.2235674],[4.25846756],
76,,,[5.0455882  5.0455882  0.53535354],[-10.45266879],[4.24895036],
77,,,[5.23598776 5.23598776 0.55555556],[-10.62198333],[4.2410041],
78,,,[5.42638731 5.42638731 0.57575758],[-10.72612743],[4.23538121],
79,,,[5.61678687 5.61678687 0.5959596 ],[-10.76116125],[4.23263733],
80,,,[5.80718642 5.80718642 0.61616162],[-10.72474516],[4.23311732],
81,,,[5.99758598 5.99758598 0.63636364],[-10.61623112],[4.2369525],
82,,,[6.18798553 6.18798553 0.65656566],[-10.43668612],[4.24407047],
83,,,[6.37838508 6.37838508 0.67676768],[-10.18884766],[4.2542169],
84,,,[6.56878464 6.56878464 0.6969697 ],[-9.87701513],[4.26698799],
85,,,[6.75918419 6.75918419 0.71717172],[-9.50688366],[4.28187022],
86,,,[6.94958375 6.94958375 0.73737374],[-9.08532995],[4.29828387],
87,,,[7.1399833  7.1399833  0.75757576],[-8.62016138],[4.31562638],
88,,,[7.33038286 7.33038286 0.77777778],[-8.11984124],[4.33331196],
89,,,[7.52078241 7.52078241 0.7979798 ],[-7.59320332],[4.35080464],
90,,,[7.71118197 7.71118197 0.81818182],[-7.04916903],[4.3676431],
91,,,[7.90158152 7.90158152 0.83838384],[-6.49647916],[4.38345653],
92,,,[8.09198108 8.09198108 0.85858586],[-5.94345096],[4.39797168],
93,,,[8.28238063 8.28238063 0.87878788],[-5.39776901],[4.41101205],
94,,,[8.47278019 8.47278019 0.8989899 ],[-4.86631632],[4.42249087],
95,,,[8.66317974 8.66317974 0.91919192],[-4.35504909],[4.43239933],
96,,,[8.8535793  8.8535793  0.93939394],[-3.86891653],[4.44079205],
97,,,[9.04397885 9.04397885 0.95959596],[-3.41182464],[4.44777143],
98,,,[9.23437841 9.23437841 0.97979798],[-2.98664064],[4.4534722],
99,,,[9.42477796 9.42477796 1.        ],[-2.5952334],[4.45804729],
