,x_train,y_train,x_test,y_pred,y_std
0,[-2.98635472  8.00487683 -0.0262919 ],[-3.75831523],[-3.14159265 -9.42477796 -1.        ],[0.0145288],[7.0710646]
1,[-0.36003826  5.79194969 -0.24178268],[-6.29687057],[-3.07812614 -9.23437841 -0.97979798],[0.01842028],[7.07106263]
2,[-0.19786638  2.09772208 -0.52694171],[-3.63637341],[-3.01465962 -9.04397885 -0.95959596],[0.02325341],[7.07105951]
3,[-1.33781998  9.12181633 -0.17611135],[-18.62421887],[-2.9511931  -8.8535793  -0.93939394],[0.02922772],[7.07105463]
4,[ 1.14963818  7.19496876 -0.03191646],[17.92858588],[-2.88772658 -8.66317974 -0.91919192],[0.03657759],[7.07104704]
5,,,[-2.82426006 -8.47278019 -0.8989899 ],[0.04557638],[7.07103537]
6,,,[-2.76079354 -8.28238063 -0.87878788],[0.05654081],[7.07101756]
7,,,[-2.69732703 -8.09198108 -0.85858586],[0.06983509],[7.07099062]
8,,,[-2.63386051 -7.90158152 -0.83838384],[0.08587495],[7.07095022]
9,,,[-2.57039399 -7.71118197 -0.81818182],[0.10513112],[7.07089015]
10,,,[-2.50692747 -7.52078241 -0.7979798 ],[0.12813223],[7.07080165]
11,,,[-2.44346095 -7.33038286 -0.77777778],[0.15546671],[7.07067239]
12,,,[-2.37999443 -7.1399833  -0.75757576],[0.18778338],[7.07048524]
13,,,[-2.31652792 -6.94958375 -0.73737374],[0.22579046],[7.07021667]
14,,,[-2.2530614  -6.75918419 -0.71717172],[0.27025257],[7.06983469]
15,,,[-2.18959488 -6.56878464 -0.6969697 ],[0.32198527],[7.06929621]
16,,,[-2.12612836 -6.37838508 -0.67676768],[0.3818468],[7.06854389]
17,,,[-2.06266184 -6.18798553 -0.65656566],[0.45072664],[7.06750217]
18,,,[-1.99919533 -5.99758598 -0.63636364],[0.52953039],[7.0660727]
19,,,[-1.93572881 -5.80718642 -0.61616162],[0.61916078],[7.06412876]
20,,,[-1.87226229 -5.61678687 -0.5959596 ],[0.72049458],[7.06150907]
21,,,[-1.80879577 -5.42638731 -0.57575758],[0.8343551],[7.0580107]
22,,,[-1.74532925 -5.23598776 -0.55555556],[0.96148047],[7.05338131]
23,,,[-1.68186273 -5.0455882  -0.53535354],[1.10248784],[7.047311]
24,,,[-1.61839622 -4.85518865 -0.51515152],[1.25783376],[7.03942384]
25,,,[-1.5549297  -4.66478909 -0.49494949],[1.42777149],[7.02926962]
26,,,[-1.49146318 -4.47438954 -0.47474747],[1.61230599],[7.01631615]
27,,,[-1.42799666 -4.28398998 -0.45454545],[1.81114782],[6.99994277]
28,,,[-1.36453014 -4.09359043 -0.43434343],[2.02366725],[6.9794356]
29,,,[-1.30106362 -3.90319087 -0.41414141],[2.24885045],[6.95398528]
30,,,[-1.23759711 -3.71279132 -0.39393939],[2.48525945],[6.92268779]
31,,,[-1.17413059 -3.52239176 -0.37373737],[2.73099842],[6.88454911]
32,,,[-1.11066407 -3.33199221 -0.35353535],[2.98368826],[6.83849428]
33,,,[-1.04719755 -3.14159265 -0.33333333],[3.24045237],[6.78338132]
34,,,[-0.98373103 -2.9511931  -0.31313131],[3.49791583],[6.71802045]
35,,,[-0.92026451 -2.76079354 -0.29292929],[3.75222067],[6.6411987]
36,,,[-0.856798   -2.57039399 -0.27272727],[3.99905944],[6.55171001]
37,,,[-0.79333148 -2.37999443 -0.25252525],[4.23372903],[6.44839055]
38,,,[-0.72986496 -2.18959488 -0.23232323],[4.45120636],[6.33015898]
39,,,[-0.66639844 -1.99919533 -0.21212121],[4.64624679],[6.19606117]
40,,,[-0.60293192 -1.80879577 -0.19191919],[4.81350558],[6.04531875]
41,,,[-0.53946541 -1.61839622 -0.17171717],[4.9476816],[5.87738102]
42,,,[-0.47599889 -1.42799666 -0.15151515],[5.04368188],[5.69197981]
43,,,[-0.41253237 -1.23759711 -0.13131313],[5.09680423],[5.48918702]
44,,,[-0.34906585 -1.04719755 -0.11111111],[5.10293421],[5.26947527]
45,,,[-0.28559933 -0.856798   -0.09090909],[5.05875168],[5.0337825]
46,,,[-0.22213281 -0.66639844 -0.07070707],[4.961941],[4.78358262]
47,,,[-0.1586663  -0.47599889 -0.05050505],[4.81139804],[4.52096521]
48,,,[-0.09519978 -0.28559933 -0.03030303],[4.60742636],[4.24872912]
49,,,[-0.03173326 -0.09519978 -0.01010101],[4.35191437],[3.97049532]
50,,,[0.03173326 0.09519978 0.01010101],[4.04848493],[3.69084413]
51,,,[0.09519978 0.28559933 0.03030303],[3.70260868],[3.41547566]
52,,,[0.1586663  0.47599889 0.05050505],[3.3216731],[3.15137382]
53,,,[0.22213281 0.66639844 0.07070707],[2.91499965],[2.90690991]
54,,,[0.28559933 0.856798   0.09090909],[2.49380253],[2.69173712]
55,,,[0.34906585 1.04719755 0.11111111],[2.07108439],[2.51621283]
56,,,[0.41253237 1.23759711 0.13131313],[1.66146567],[2.39004506]
57,,,[0.47599889 1.42799666 0.15151515],[1.28094677],[2.32013627]
58,,,[0.53946541 1.61839622 0.17171717],[0.9466047],[2.3083271]
59,,,[0.60293192 1.80879577 0.19191919],[0.67622802],[2.35036751]
60,,,[0.66639844 1.99919533 0.21212121],[0.48789706],[2.43693148]
61,,,[0.72986496 2.18959488 0.23232323],[0.3995187],[2.55603861]
62,,,[0.79333148 2.37999443 0.25252525],[0.42832736],[2.69547054]
63,,,[0.856798   2.57039399 0.27272727],[0.59036639],[2.84429562]
64,,,[0.92026451 2.76079354 0.29292929],[0.89996531],[2.99346621]
65,,,[0.98373103 2.9511931  0.31313131],[1.36923017],[3.13583969]
66,,,[1.04719755 3.14159265 0.33333333],[2.00756435],[3.26595152]
67,,,[1.11066407 3.33199221 0.35353535],[2.8212377],[3.37972949]
68,,,[1.17413059 3.52239176 0.37373737],[3.81302089],[3.47422923]
69,,,[1.23759711 3.71279132 0.39393939],[4.98190039],[3.54741474]
70,,,[1.30106362 3.90319087 0.41414141],[6.32288775],[3.59798446]
71,,,[1.36453014 4.09359043 0.43434343],[7.82693355],[3.62523727]
72,,,[1.42799666 4.28398998 0.45454545],[9.48095374],[3.62897249]
73,,,[1.49146318 4.47438954 0.47474747],[11.26797175],[3.60942045]
74,,,[1.5549297  4.66478909 0.49494949],[13.16737635],[3.56720171]
75,,,[1.61839622 4.85518865 0.51515152],[15.15529044],[3.50331561]
76,,,[1.68186273 5.0455882  0.53535354],[17.20504268],[3.41915977]
77,,,[1.74532925 5.23598776 0.55555556],[19.28772913],[3.3165839]
78,,,[1.80879577 5.42638731 0.57575758],[21.37284945],[3.19798217]
79,,,[1.87226229 5.61678687 0.5959596 ],[23.42899871],[3.06642903]
80,,,[1.93572881 5.80718642 0.61616162],[25.42459387],[2.92586182]
81,,,[1.99919533 5.99758598 0.63636364],[27.32861267],[2.78130604]
82,,,[2.06266184 6.18798553 0.65656566],[29.11132188],[2.639119]
83,,,[2.12612836 6.37838508 0.67676768],[30.7449723],[2.50718089]
84,,,[2.18959488 6.56878464 0.6969697 ],[32.20443906],[2.39488024]
85,,,[2.2530614  6.75918419 0.71717172],[33.46778776],[2.31264151]
86,,,[2.31652792 6.94958375 0.73737374],[34.51674983],[2.27073418]
87,,,[2.37999443 7.1399833  0.75757576],[35.33709363],[2.27738221]
88,,,[2.44346095 7.33038286 0.77777778],[35.91888179],[2.33679996]
89,,,[2.50692747 7.52078241 0.7979798 ],[36.25660944],[2.44820259]
90,,,[2.57039399 7.71118197 0.81818182],[36.34922192],[2.60637986]
91,,,[2.63386051 7.90158152 0.83838384],[36.20001506],[2.80337239]
92,,,[2.69732703 8.09198108 0.85858586],[35.81642479],[3.03026217]
93,,,[2.76079354 8.28238063 0.87878788],[35.20971638],[3.27842493]
94,,,[2.82426006 8.47278019 0.8989899 ],[34.39458684],[3.54015374]
95,,,[2.88772658 8.66317974 0.91919192],[33.38869597],[3.80884913]
96,,,[2.9511931  8.8535793  0.93939394],[32.2121437],[4.07899029]
97,,,[3.01465962 9.04397885 0.95959596],[30.88691191],[4.34602587]
98,,,[3.07812614 9.23437841 0.97979798],[29.43628925],[4.60625184]
99,,,[3.14159265 9.42477796 1.        ],[27.88429714],[4.856702]
