,x_train,y_train,x_test,y_pred,y_std
0,[25.11834814  0.47785732 11.81004832 32.475       3.6378842   1.443402  ],[-0.00089795],[17.    0.2  10.   20.6   0.    0.17],[-0.05359121],[7.24787405]
1,[25.05009952  0.32530729 12.82164249 30.          4.0423837   1.44340052],[0.02509533],[17.06060606  0.22020202 10.06060606 20.75656566  0.06969697  0.21919192],[-0.04971101],[6.98161779]
2,[24.45939725  0.22       14.17741175 27.975       3.9178246   1.47189928],[0.04704769],[17.12121212  0.24040404 10.12121212 20.91313131  0.13939394  0.26838384],[-0.04585102],[6.72614145]
3,[25.07254437  0.37820432 12.22089724 33.5         2.15611046  1.41387452],[-0.00211872],[17.18181818  0.26060606 10.18181818 21.06969697  0.20909091  0.31757576],[-0.04202373],[6.48147029]
4,[24.27246042  0.22       13.         27.91666667  0.          0.58704166],[-0.01302983],[17.24242424  0.28080808 10.24242424 21.22626263  0.27878788  0.36676768],[-0.03824159],[6.24761337]
5,[23.68433799  0.22       13.         24.93333333  0.          0.57285563],[-0.01598675],[17.3030303   0.3010101  10.3030303  21.38282828  0.34848485  0.4159596 ],[-0.03451703],[6.024561]
6,[25.11343939  0.46693189 12.2649512  30.43333333  3.86850934  0.4013934 ],[0.00126493],[17.36363636  0.32121212 10.36363636 21.53939394  0.41818182  0.46515152],[-0.03086232],[5.81228486]
7,[25.91116346  0.22       13.         25.3         0.          0.57285563],[-0.03860294],[17.42424242  0.34141414 10.42424242 21.6959596   0.48787879  0.51434343],[-0.02728963],[5.61073782]
8,[25.03216943  0.29016373 12.25797046 33.225       1.26410008  1.71963976],[-0.00189664],[17.48484848  0.36161616 10.48484848 21.85252525  0.55757576  0.56353535],[-0.02381088],[5.41985114]
9,[25.11258291  0.46529552 11.79541016 33.65        3.29114674  1.17054002],[-0.00086344],[17.54545455  0.38181818 10.54545455 22.00909091  0.62727273  0.61272727],[-0.02043774],[5.23953495]
10,[26.70031949  0.22       13.         26.85        0.          0.44275685],[-0.04513848],[17.60606061  0.4020202  10.60606061 22.16565657  0.6969697   0.66191919],[-0.0171816],[5.0696776]
11,[24.99501823  0.22       13.         21.5         0.          0.57285563],[-0.03588838],[17.66666667  0.42222222 10.66666667 22.32222222  0.76666667  0.71111111],[-0.01405344],[4.91014255]
12,[23.75877632  0.22       16.         25.6         2.82541774  1.46680758],[0.03359539],[17.72727273  0.44242424 10.72727273 22.47878788  0.83636364  0.76030303],[-0.01106389],[4.76076942]
13,[25.11138152  0.46260749 12.01049523 32.33333333  3.50668443  0.40037368],[9.591e-05],[17.78787879  0.46262626 10.78787879 22.63535354  0.90606061  0.80949495],[-0.0082231],[4.62137217]
14,[25.04564749  0.31968883 12.08392696 35.          1.30582591  1.71248112],[-0.00187087],[17.84848485  0.48282828 10.84848485 22.79191919  0.97575758  0.85868687],[-0.00554071],[4.49174053]
15,[25.12485453  0.49194157 11.84608002 33.05        3.74751374  1.43427543],[-0.00010374],[17.90909091  0.5030303  10.90909091 22.94848485  1.04545455  0.90787879],[-0.00302584],[4.37163673]
16,[25.05545349  0.34097604 12.25971735 35.          1.4769469   1.71586046],[-0.00201589],[17.96969697  0.52323232 10.96969697 23.10505051  1.11515152  0.95707071],[-0.00068701],[4.26079843]
17,[23.43308807  0.22       14.71888864 24.2         2.87293468  0.40461794],[0.03349811],[18.03030303  0.54343434 11.03030303 23.26161616  1.18484848  1.00626263],[0.00146789],[4.15893881]
18,[24.80262898  0.22       13.         29.45        0.          0.86378637],[-0.01601799],[18.09090909  0.56363636 11.09090909 23.41818182  1.25454545  1.05545455],[0.00343163],[4.06574727]
19,[23.99058029  0.22       15.48651989 26.44166667  3.65308479  1.48257438],[0.04712096],[18.15151515  0.58383838 11.15151515 23.57474747  1.32424242  1.10464646],[0.00519771],[3.98089298]
20,[24.53775314  0.22       13.         28.78333333  0.          0.75853599],[-0.0141645],[18.21212121  0.6040404  11.21212121 23.73131313  1.39393939  1.15383838],[0.00676032],[3.90402597]
21,[24.96061586  0.22       13.         27.78333333  0.79924549  0.90762073],[-0.01051884],[18.27272727  0.62424242 11.27272727 23.88787879  1.46363636  1.2030303 ],[0.00811448],[3.83477899]
22,[24.64453717  0.22       13.         24.03333333  0.          0.62531613],[-0.02485014],[18.33333333  0.64444444 11.33333333 24.04444444  1.53333333  1.25222222],[0.00925596],[3.77277426]
23,[25.01093761  0.24413985 12.63819806 33.9         0.50578376  1.07863524],[-0.00325723],[18.39393939  0.66464646 11.39393939 24.2010101   1.6030303   1.30141414],[0.01018139],[3.71762474]
24,[25.09661106  0.43046131 12.03678922 33.13333333  2.92862088  0.3984587 ],[-0.00083854],[18.45454545  0.68484848 11.45454545 24.35757576  1.67272727  1.35060606],[0.01088824],[3.6689384]
25,[23.49335146  0.22       13.90767344 24.325       0.97026199  0.55323606],[0.003259],[18.51515152  0.70505051 11.51515152 24.51414141  1.74242424  1.39979798],[0.01137483],[3.6263227]
26,[23.3258926   0.22       13.00104347 23.81666667  0.          0.57285563],[-0.01526621],[18.57575758  0.72525253 11.57575758 24.67070707  1.81212121  1.4489899 ],[0.01164038],[3.58938953]
27,[25.08495934  0.40497286 12.45268772 29.8         3.43521447  1.44340096],[-0.00027421],[18.63636364  0.74545455 11.63636364 24.82727273  1.88181818  1.49818182],[0.01168502],[3.55775432]
28,[24.11519612  0.22       13.         25.7         0.          0.75892165],[-0.01778808],[18.6969697   0.76565657 11.6969697  24.98383838  1.95151515  1.54737374],[0.01150976],[3.53104772]
29,[24.66517549  0.22       13.57665208 28.9         3.89522751  1.44970219],[0.04264553],[18.75757576  0.78585859 11.75757576 25.14040404  2.02121212  1.59656566],[0.01111653],[3.50891142]
30,[23.47867544  0.22       13.         23.75        0.          0.57285563],[-0.01779818],[18.81818182  0.80606061 11.81818182 25.2969697   2.09090909  1.64575758],[0.01050817],[3.49100385]
31,[25.11900861  0.47927402 11.7773591  33.3         3.5303304   1.44321696],[-0.00070866],[18.87878788  0.82626263 11.87878788 25.45353535  2.16060606  1.69494949],[0.00968844],[3.47700326]
32,[25.00913563  0.24026488 12.6975124  32.8         0.63594295  1.07977483],[-0.00349414],[18.93939394  0.84646465 11.93939394 25.61010101  2.23030303  1.74414141],[0.00866198],[3.46660636]
33,[25.10011198  0.43816255 11.90189346 34.3         2.83489504  1.39602246],[-0.00091781],[19.          0.86666667 12.         25.76666667  2.3         1.79333333],[0.00743434],[3.45953232]
34,[23.59253034  0.22       13.963435   24.89166667  1.54078917  0.55324319],[0.01284259],[19.06060606  0.88686869 12.06060606 25.92323232  2.36969697  1.84252525],[0.00601195],[3.45552419]
35,[24.32423084  0.22       13.         28.09166667  0.          0.44275685],[-0.01315729],[19.12121212  0.90707071 12.12121212 26.07979798  2.43939394  1.89171717],[0.00440208],[3.45434628]
36,[24.26663744  0.22       13.         27.425       0.          0.58706488],[-0.01434162],[19.18181818  0.92727273 12.18181818 26.23636364  2.50909091  1.94090909],[0.00261286],[3.45578707]
37,[24.83582689  0.22       13.44414449 29.50833333  3.99413596  0.73559078],[0.0461571],[19.24242424  0.94747475 12.24242424 26.39292929  2.57878788  1.99010101],[0.00065323],[3.45965693]
38,[25.5798799   0.22       13.         23.38333333  0.          0.44275685],[-0.03659516],[19.3030303   0.96767677 12.3030303  26.54949495  2.64848485  2.03929293],[-0.00146711],[3.46578828]
39,[25.12631453  0.49517843 12.02149299 30.55        4.11628654  0.40106743],[-0.00065597],[19.36363636  0.98787879 12.36363636 26.70606061  2.71818182  2.08848485],[-0.00373768],[3.47403516]
40,[24.90263672  0.22       13.         32.2         0.          0.86157975],[-0.0094405],[19.42424242  1.00808081 12.42424242 26.86262626  2.78787879  2.13767677],[-0.00614729],[3.484274]
41,[25.1132967   0.46684488 11.8849376  32.25833333  3.52765691  1.18421979],[-0.00092387],[19.48484848  1.02828283 12.48484848 27.01919192  2.85757576  2.18686869],[-0.0086841],[3.49639751]
42,[25.04334313  0.31461737 12.43171664 32.725       1.57246984  1.4266022 ],[-0.00187464],[19.54545455  1.04848485 12.54545455 27.17575758  2.92727273  2.23606061],[-0.01133559],[3.51031975]
43,[23.91165696  0.22       13.         24.74166667  0.          0.57285563],[-0.0199324],[19.60606061  1.06868687 12.60606061 27.33232323  2.9969697   2.28525253],[-0.0140887],[3.52597094]
44,[23.96979348  0.22       13.15134323 26.78333333  3.23258422  0.58609267],[0.03679196],[19.66666667  1.08888889 12.66666667 27.48888889  3.06666667  2.33444444],[-0.0169298],[3.54329671]
45,[23.53307028  0.22       13.         23.825       0.          0.57285563],[-0.01830114],[19.72727273  1.10909091 12.72727273 27.64545455  3.13636364  2.38363636],[-0.01984478],[3.5622604]
46,[25.12208187  0.48580288 12.63942211 29.775       3.99897164  1.44339597],[0.00059589],[19.78787879  1.12929293 12.78787879 27.8020202   3.20606061  2.43282828],[-0.02281908],[3.58283584]
47,[24.50608379  0.22       13.         28.75833333  0.          0.75877466],[-0.0136934],[19.84848485  1.14949495 12.84848485 27.95858586  3.27575758  2.4820202 ],[-0.02583778],[3.60501175]
48,[25.10014671  0.43712317 12.5321255  29.825       4.06612622  1.44340269],[0.00587548],[19.90909091  1.16969697 12.90909091 28.11515152  3.34545455  2.53121212],[-0.02888561],[3.62878705]
49,[24.4675196   0.22       13.         28.83333333  0.          0.6394404 ],[-0.01292056],[19.96969697  1.18989899 12.96969697 28.27171717  3.41515152  2.58040404],[-0.03194706],[3.65417373]
50,[24.31736281  0.22       14.52721425 27.65        3.8213639   1.47573059],[0.04752304],[20.03030303  1.21010101 13.03030303 28.42828283  3.48484848  2.62959596],[-0.03500639],[3.68119158]
51,[25.10064018  0.43922247 11.96995239 32.8         3.13388419  0.39889688],[-0.00030131],[20.09090909  1.23030303 13.09090909 28.58484848  3.55454545  2.67878788],[-0.03804772],[3.70987048]
52,[24.66855023  0.22       13.40048399 29.1         4.01783603  0.74293738],[0.04215537],[20.15151515  1.25050505 13.15151515 28.74141414  3.62424242  2.7279798 ],[-0.0410551],[3.7402479]
53,[23.7485653   0.22       13.41291023 23.55        0.          0.44275685],[-0.01823166],[20.21212121  1.27070707 13.21212121 28.8979798   3.69393939  2.77717172],[-0.04401253],[3.77236942]
54,[25.12347886  0.48894928 12.15477793 31.19166667  3.93167801  1.44339979],[-0.00057116],[20.27272727  1.29090909 13.27272727 29.05454545  3.76363636  2.82636364],[-0.04690407],[3.80628906]
55,[24.99320881  0.22       13.         33.525       0.          0.86107879],[-0.0071283],[20.33333333  1.31111111 13.33333333 29.21111111  3.83333333  2.87555556],[-0.04971389],[3.8420658]
56,[25.09059886  0.41736124 12.07093086 32.7         2.87212257  1.40865245],[-0.00041479],[20.39393939  1.33131313 13.39393939 29.36767677  3.9030303   2.92474747],[-0.0524263],[3.87976684]
57,[23.52177781  0.22       13.94778886 24.89166667  1.51739948  0.55324316],[0.0130568],[20.45454545  1.35151515 13.45454545 29.52424242  3.97272727  2.97393939],[-0.05502587],[3.91946426]
58,[23.14652061  0.22       15.11460288 23.55        0.          0.57285563],[-0.0079556],[20.51515152  1.37171717 13.51515152 29.68080808  4.04242424  3.02313131],[-0.05749743],[3.96123866]
59,[24.4295626   0.22       13.         26.66666667  0.          0.44275685],[-0.01884092],[20.57575758  1.39191919 13.57575758 29.83737374  4.11212121  3.07232323],[-0.05982618],[4.00517663]
60,[24.36400843  0.22       13.         27.9         0.          0.63956644],[-0.01422431],[20.63636364  1.41212121 13.63636364 29.99393939  4.18181818  3.12151515],[-0.06199771],[4.05136907]
61,[25.12467333  0.49156105 11.79335734 33.15        3.72752741  1.42724529],[-0.00024144],[20.6969697   1.43232323 13.6969697  30.15050505  4.25151515  3.17070707],[-0.06399808],[4.09991745]
62,[25.0836591   0.4024251  12.1308378  34.59166667  2.25863314  1.39488551],[-0.00214331],[20.75757576  1.45252525 13.75757576 30.30707071  4.32121212  3.21989899],[-0.06581388],[4.15092739]
63,[24.87346621  0.22       13.         31.00833333  0.          0.86190163],[-0.01255017],[20.81818182  1.47272727 13.81818182 30.46363636  4.39090909  3.26909091],[-0.06743226],[4.20451298]
64,[24.02760492  0.22       13.         24.9         0.          0.44275685],[-0.0212271],[20.87878788  1.49292929 13.87878788 30.62020202  4.46060606  3.31828283],[-0.068841],[4.26079832]
65,[25.09953155  0.43690438 11.95318997 35.5         2.57534823  1.37050846],[-0.0013424],[20.93939394  1.51313131 13.93939394 30.77676768  4.53030303  3.36747475],[-0.07002856],[4.31991262]
66,[24.15585553  0.22       15.24386284 27.48333333  3.56141646  1.48257116],[0.04730821],[21.          1.53333333 14.         30.93333333  4.6         3.41666667],[-0.07098411],[4.38199584]
67,[24.8869692   0.22       13.85698451 27.56666667  2.63183568  1.4432115 ],[0.01426752],[21.06060606  1.55353535 14.06060606 31.08989899  4.66969697  3.46585859],[-0.07169757],[4.44719534]
68,[24.5312809   0.22       13.         26.78333333  0.          0.86342424],[-0.02013866],[21.12121212  1.57373737 14.12121212 31.24646465  4.73939394  3.51505051],[-0.07215967],[4.51567085]
69,[25.10926828  0.4580182  11.80721475 34.53333333  3.08183912  0.48247052],[-0.00034474],[21.18181818  1.59393939 14.18181818 31.4030303   4.80909091  3.56424242],[-0.07236199],[4.5875898]
70,[24.42504495  0.22       13.         28.31666667  0.          0.75772084],[-0.01404245],[21.24242424  1.61414141 14.24242424 31.55959596  4.87878788  3.61343434],[-0.07229695],[4.66313]
71,[25.06606052  0.3641122  12.18700808 33.73333333  1.93726472  1.41231353],[-0.00243204],[21.3030303   1.63434343 14.3030303  31.71616162  4.94848485  3.66262626],[-0.0719579],[4.74247797]
72,[23.37237484  0.22       14.87045166 23.93333333  2.51569457  0.40473139],[0.02844097],[21.36363636  1.65454545 14.36363636 31.87272727  5.01818182  3.71181818],[-0.07133909],[4.82583299]
73,[25.06457737  0.36090851 12.35817915 31.74166667  2.2131094   1.40977805],[-0.00266639],[21.42424242  1.67474747 14.42424242 32.02929293  5.08787879  3.7610101 ],[-0.07043572],[4.91340161]
74,[25.02971828  0.28495295 12.30543441 32.98333333  1.25780604  0.72868676],[-0.00169735],[21.48484848  1.69494949 14.48484848 32.18585859  5.15757576  3.81020202],[-0.06924397],[5.00540074]
75,[25.08575575  0.4068771  12.11648863 33.225       2.60901934  0.39971585],[-0.00109709],[21.54545455  1.71515152 14.54545455 32.34242424  5.22727273  3.85939394],[-0.06776098],[5.10205573]
76,[25.12114475  0.48391916 11.78309911 34.          3.45844275  1.17135957],[-0.00076522],[21.60606061  1.73535354 14.60606061 32.4989899   5.2969697   3.90858586],[-0.06598489],[5.20360086]
77,[24.73832209  0.22       13.         28.66666667  0.          0.44275685],[-0.01737107],[21.66666667  1.75555556 14.66666667 32.65555556  5.36666667  3.95777778],[-0.06391483],[5.31027609]
78,[24.36639294  0.22       13.         26.55        0.          0.57285563],[-0.01953871],[21.72727273  1.77575758 14.72727273 32.81212121  5.43636364  4.0069697 ],[-0.06155092],[5.42232872]
79,[23.79750258  0.22       13.14097086 25.03333333  0.39441393  0.42527002],[-0.00893714],[21.78787879  1.7959596  14.78787879 32.96868687  5.50606061  4.05616162],[-0.05889429],[5.5400095]
80,[23.39783833  0.22       14.48801819 25.45833333  1.79306066  0.55120824],[0.02030538],[21.84848485  1.81616162 14.84848485 33.12525253  5.57575758  4.10535354],[-0.05594704],[5.66357406]
81,[25.11753935  0.47578816 12.54003574 29.76666667  4.06878282  1.44340364],[0.00135965],[21.90909091  1.83636364 14.90909091 33.28181818  5.64545455  4.15454545],[-0.05271227],[5.79327924]
82,[25.0540896   0.33797842 12.59087716 27.28333333  2.76498254  1.42093964],[-0.00172443],[21.96969697  1.85656566 14.96969697 33.43838384  5.71515152  4.20373737],[-0.04919403],[5.92938096]
83,[23.85233702  0.22       15.84056569 26.11666667  3.42504958  1.48293206],[0.04552128],[22.03030303  1.87676768 15.03030303 33.59494949  5.78484848  4.25292929],[-0.04539732],[6.07213521]
84,[24.56983396  0.22       13.         26.99166667  0.          0.57285563],[-0.02109098],[22.09090909  1.8969697  15.09090909 33.75151515  5.85454545  4.30212121],[-0.04132809],[6.22179339]
85,[24.99692256  0.22       13.         34.1         0.          0.85939805],[-0.00543811],[22.15151515  1.91717172 15.15151515 33.90808081  5.92424242  4.35131313],[-0.03699317],[6.3786027]
86,[23.07067191  0.22       15.03317608 23.2         1.87408208  0.55349185],[0.02049668],[22.21212121  1.93737374 15.21212121 34.06464646  5.99393939  4.40050505],[-0.03240028],[6.5428026]
87,[25.12134718  0.48438195 11.7895208  32.925       3.64586474  1.44340292],[-0.00082243],[22.27272727  1.95757576 15.27272727 34.22121212  6.06363636  4.44969697],[-0.02755798],[6.7146236]
88,[24.10970162  0.22       14.72929084 22.15833333  2.29628841  0.55324383],[0.01602938],[22.33333333  1.97777778 15.33333333 34.37777778  6.13333333  4.49888889],[-0.02247563],[6.89428611]
89,[25.0332781   0.29258929 12.21602307 35.          1.0640192   0.89787284],[-0.00074712],[22.39393939  1.9979798  15.39393939 34.53434343  6.2030303   4.54808081],[-0.0171634],[7.08199842]
90,[24.36187789  0.22       13.         27.15833333  0.          0.44275685],[-0.01647446],[22.45454545  2.01818182 15.45454545 34.69090909  6.27272727  4.59727273],[-0.01163216],[7.27795436]
91,[24.9140689  0.22      13.        31.175      0.0600409  0.8619693],[-0.01169709],[22.51515152  2.03838384 15.51515152 34.84747475  6.34242424  4.64646465],[-0.00589349],[7.48233301]
92,[25.07925488  0.39286916 12.17757597 33.13333333  2.42293656  0.39812527],[-0.00163714],[22.57575758  2.05858586 15.57575758 35.0040404   6.41212121  4.69565657],[4.03806353e-05],[7.69529761]
93,[24.76023746  0.22       13.         30.28333333  0.          0.44275685],[-0.01270853],[22.63636364  2.07878788 15.63636364 35.16060606  6.48181818  4.74484848],[0.00615662],[7.91699255]
94,[25.11594562  0.47256461 11.93393419 31.325       3.78313265  1.44304248],[-0.00033694],[22.6969697   2.0989899  15.6969697  35.31717172  6.55151515  4.7940404 ],[0.01244184],[8.14754456]
95,[25.94591446  0.22       13.         26.2         0.          0.44275685],[-0.03541256],[22.75757576  2.11919192 15.75757576 35.47373737  6.62121212  4.84323232],[0.01888216],[8.38706117]
96,[23.5931041   0.22       14.43972594 24.15        1.5561771   0.55121001],[0.01227194],[22.81818182  2.13939394 15.81818182 35.63030303  6.69090909  4.89242424],[0.02546322],[8.63562955]
97,[24.89199476  0.22       13.         29.68333333  0.14275579  0.86120871],[-0.01438054],[22.87878788  2.15959596 15.87878788 35.78686869  6.76060606  4.94161616],[0.03217029],[8.89331632]
98,[24.5213199   0.22       13.         28.075       0.          0.44275685],[-0.01593883],[22.93939394  2.17979798 15.93939394 35.94343434  6.83030303  4.99080808],[0.03898826],[9.16016753]
99,[24.21342779  0.22       13.         26.15        0.          0.57285563],[-0.0186101],[23.    2.2  16.   36.1   6.9   5.04],[0.04590176],[9.4362083]
100,[25.08426651  0.40330825 12.44863651 29.74166667  3.4970662   1.44340086],[0.00069283],,,
101,[23.62246515  0.22       13.         23.83333333  0.          0.57285563],[-0.01867801],,,
102,[26.65518101  0.22       13.         26.79166667  0.          0.44275685],[-0.04467026],,,
103,[24.64461819  0.22       14.32993467 27.78333333  4.03108535  0.40272045],[0.04399188],,,
104,[25.09165304  0.41973886 11.97065014 35.6         2.35992866  0.48338662],[-0.00126541],,,
105,[24.21639439  0.22       13.         25.73333333  0.          0.57285563],[-0.01919299],,,
106,[24.17748596  0.22       13.         26.68333333  0.          0.58720169],[-0.01544179],,,
107,[24.47850262  0.22       14.17046708 28.61666667  3.83622532  1.47229313],[0.04721751],,,
108,[24.6217558   0.22       13.652185   28.83333333  3.9053103   1.45144231],[0.04341969],,,
109,[23.1048154   0.22       15.27093604 22.55        0.          0.57285563],[-0.00979534],,,
110,[25.06457737  0.36090851 12.35817915 31.74166667  2.2131094   1.40977805],[-0.00266639],,,
111,[25.11310255  0.46641191 11.83790271 33.175       3.38523691  1.17276536],[-0.00072373],,,
112,[24.13489338  0.22       13.         26.2         0.          0.58718553],[-0.01625174],,,
113,[23.86791769  0.22       15.76637047 26.6         3.65794912  1.48295873],[0.04871672],,,
114,[24.18581488  0.22       15.38389035 26.7         3.8291295   0.4034052 ],[0.0468001],,,
115,[25.11356118  0.46714149 12.75475489 29.4         3.88507119  1.43531727],[0.00172233],,,
116,[25.10255043  0.4434079  11.8852253  34.1         2.95433629  1.39888002],[-0.00059235],,,
117,[25.00761278  0.23582697 12.91347609 30.03333333  3.97732036  1.44339924],[0.03898049],,,
118,[25.09739423  0.43216988 11.97446376 32.25        3.19136402  1.41911503],[0.00040329],,,
119,[24.62588668  0.22       13.48965003 29.          4.01705541  0.74293744],[0.04266355],,,
120,[23.99183004  0.22       13.36564099 26.23333333  1.67346035  0.4040745 ],[0.01224943],,,
121,[24.20174262  0.22       13.         27.15833333  0.          0.44275685],[-0.01428064],,,
122,[23.6868584   0.22       13.         24.4         0.          0.57285563],[-0.0172343],,,
123,[25.09753227  0.43255795 12.00345814 33.99166667  2.80017832  0.39852437],[-0.00097334],,,
124,[25.66149101  0.22       13.         25.15        0.          0.57285563],[-0.03363582],,,
125,[24.4719282   0.22       13.         27.29166667  0.          0.75830897],[-0.01761936],,,
126,[24.20174262  0.22       13.         27.15833333  0.          0.44275685],[-0.01428064],,,
127,[25.10223377  0.44259881 12.42942594 30.14166667  3.71818993  1.44340144],[0.00032059],,,
128,[23.33114281  0.22       16.         24.125       1.98154503  1.47760044],[0.02264514],,,
129,[24.28897316  0.22       13.         26.35        0.          0.57285563],[-0.01905643],,,
130,[25.11621838  0.47274861 12.50256505 30.425       4.03530912  0.73742901],[0.0023662],,,
131,[25.08448952  0.40418445 12.08646021 34.4         2.33227095  1.39529944],[-0.0018486],,,
132,[25.09038763  0.41698952 11.9808559  35.58333333  2.30885788  0.48337044],[-0.00159035],,,
133,[24.69519508  0.22       13.         29.825       0.          0.44275685],[-0.01310595],,,
134,[24.97628978  0.22       13.         31.45        0.17489782  0.44275685],[-0.01005713],,,
135,[22.99928376  0.22       16.         21.99166667  0.          0.62531613],[-0.00815657],,,
136,[23.69132408  0.22       14.41276125 24.45        0.          0.58741956],[-0.01222582],,,
137,[25.03325402  0.29261545 12.3220585  32.53333333  1.34308412  0.39916458],[-0.0029087],,,
138,[25.11208356  0.46423495 12.43866697 29.          3.85172972  1.44340581],[-0.0011641],,,
139,[24.80776251  0.22       13.         30.85        0.          0.75694482],[-0.01177235],,,
140,[24.06207883  0.22       13.         25.55        0.          0.75892167],[-0.01754436],,,
141,[25.07021207  0.37313452 12.19821286 33.9         2.04043298  1.41363493],[-0.00197543],,,
142,[24.75902735  0.22       13.         30.18333333  0.          0.86126998],[-0.01328565],,,
143,[25.03331754  0.29279283 12.4099659  34.93333333  0.91217761  0.9004375 ],[-0.00275908],,,
144,[23.29676246  0.22       13.02494208 23.21666667  0.          0.57285563],[-0.01651819],,,
145,[24.59533585  0.22       13.         26.3         0.          0.44275685],[-0.02242386],,,
146,[24.10054388  0.22       13.         26.39166667  0.          0.58732475],[-0.01531229],,,
147,[23.59371322  0.22       14.20150298 22.875       0.34359148  0.42527002],[-0.01067272],,,
148,[25.04022193  0.30663733 11.25092262 27.84166667  3.30188837  1.4661362 ],[0.01079118],,,
149,[24.77795352  0.22       15.3395345  25.175       3.89800537  1.47341401],[0.04100559],,,
150,[23.16895818  0.22       14.52462057 23.73333333  1.19013173  0.55324494],[0.00926647],,,
151,[24.9459912   0.22       13.         30.05        0.21579774  0.86102908],[-0.0129587],,,
152,[24.03162321  0.22       13.         26.          0.          0.44275685],[-0.01569792],,,
153,[24.32087685  0.22       14.15758175 28.3         3.85094606  0.74361475],[0.04398809],,,
154,[25.01697565  0.25727596 12.55664901 32.83333333  0.79409105  0.90456837],[-0.00412817],,,
155,[25.87963718  0.22       13.         26.1         0.          0.57285563],[-0.0330751],,,
156,[25.10673894  0.45251495 11.86741425 33.95        3.10909862  0.48367995],[-0.00029943],,,
157,[23.2581081   0.22       14.36449326 25.13333333  2.4311151   0.58609138],[0.03053324],,,
158,[25.2000377   0.22       13.         25.3         0.          0.44275685],[-0.02782332],,,
159,[24.0330571   0.22       13.         25.45        0.          0.44275685],[-0.01714062],,,
160,[24.39449893  0.22       13.         26.675       0.          0.7589231 ],[-0.01824628],,,
161,[24.35512183  0.22       13.         28.          0.          0.63965856],[-0.01399318],,,
162,[24.53441976  0.22       13.         28.575       0.          0.44275685],[-0.01453372],,,
163,[25.10648479  0.45220785 11.99637557 33.          3.13054484  0.40000386],[-0.0021208],,,
164,[23.77548911  0.22       13.         24.          0.          0.57285563],[-0.02057014],,,
165,[25.08503587  0.40392801 12.86209992 29.08333333  3.90956343  0.40198106],[0.00782524],,,
166,[25.07436872  0.38211981 12.37453485 27.825       3.18782946  1.40064546],[-0.00178283],,,
167,[25.10810235  0.45551515 11.88309092 35.46666667  2.85028239  1.37186178],[-0.00075457],,,
168,[25.08533083  0.4059579  12.07611409 33.8         2.50113127  1.39667629],[-0.0011811],,,
169,[24.73585224  0.22       13.57534158 28.575       4.20338132  1.44782625],[0.04611972],,,
170,[27.38493062  0.22       13.         25.175       0.          0.44275685],[-0.05444272],,,
171,[24.81365563  0.22       13.         31.          0.          0.75633723],[-0.01151634],,,
172,[23.14667126  0.22       14.84632035 22.75        0.          0.57285563],[-0.01090641],,,
173,[25.01670931  0.25675476 12.51662341 30.89166667  1.21343479  0.72657801],[-0.00295017],,,
174,[23.20047844  0.22       14.56222076 23.65        0.          0.57285563],[-0.0098391],,,
175,[24.54422641  0.22       13.         28.          0.          0.75846788],[-0.016401],,,
176,[25.11953378  0.48033198 11.9480074  32.075       3.77490035  0.39982869],[0.00011614],,,
177,[25.12315101  0.48826024 11.83047983 33.63333333  3.59047899  1.16783292],[-0.00035595],,,
178,[23.38845216  0.22       13.         23.88333333  0.          0.57285563],[-0.01586716],,,
179,[23.05882395  0.22       14.08461364 25.76666667  1.59557553  0.55171274],[0.01897895],,,
180,[25.10277967  0.4429814  12.35720891 30.85        4.01837295  0.74294312],[0.00573858],,,
181,[24.44160986  0.22       13.         27.7         0.          0.44275685],[-0.01594959],,,
182,[25.119671    0.48068181 11.95373835 31.83333333  3.78334506  1.44340381],[-0.00041294],,,
183,[23.34439378  0.22       14.26498898 24.23333333  0.          0.62531613],[-0.01022265],,,
184,[25.016549    0.25633772 12.86484339 27.56666667  1.74599201  1.42209592],[-0.0027844],,,
185,[25.09440074  0.42569378 11.95187099 34.70833333  2.60520601  1.39006348],[-0.00099339],,,
186,[24.89470148  0.22       13.33559487 29.54166667  4.01029661  1.44350189],[0.04463224],,,
187,[23.97526066  0.22       13.         25.33333333  0.          0.63965985],[-0.01707797],,,
188,[23.58902555  0.22       13.         23.9         0.          0.57285563],[-0.01883003],,,
189,[25.4922754   0.22       13.         22.10833333  0.          0.57285563],[-0.04020346],,,
190,[25.12032241  0.48210084 11.83166877 34.1         3.43581917  1.16081291],[-0.00036764],,,
191,[23.30615157  0.22       14.71082519 24.46666667  1.02518309  0.55112279],[0.00754594],,,
192,[23.16895818  0.22       14.52462057 23.73333333  1.19013173  0.55324494],[0.00926647],,,
193,[24.748271    0.22       13.         29.96666667  0.          0.44275685],[-0.01349668],,,
194,[24.59235558  0.22       13.         28.875       0.          0.44275685],[-0.01445469],,,
195,[24.74441598  0.22       14.45596749 28.35        3.41355629  0.40288299],[0.03696338],,,
196,[24.19092202  0.22       13.         26.2         0.          0.63989972],[-0.01707989],,,
197,[25.24625844  0.22       13.         24.66666667  0.          0.57285563],[-0.0299846],,,
198,[25.11400162  0.46830324 12.04698474 31.85        3.64189383  0.40066218],[-5.515e-05],,,
199,[24.3349327   0.22       13.         25.93333333  0.          0.57285563],[-0.02017301],,,
200,[25.08439877  0.4039099  12.2005018  29.325       3.40342123  1.40716303],[0.00144846],,,
201,[24.93996517  0.22       13.         32.15        0.03830837  0.44275685],[-0.00957651],,,
202,[25.09588697  0.42912078 11.96180489 31.85        3.09683427  1.17088794],[-0.0016544],,,
203,[24.46775336  0.22       13.         26.975       0.          0.75892311],[-0.01835606],,,
204,[25.09049074  0.41725179 11.98387578 35.53333333  2.30425376  0.39797032],[-0.00186359],,,
205,[23.0346304   0.22       15.09531014 22.9         1.66975707  0.5534841 ],[0.01717981],,,
206,[23.90297593  0.22       13.19610239 25.66666667  0.          0.58776704],[-0.0145211],,,
207,[25.05705638  0.34445932 12.31138821 33.11666667  1.84285334  1.41315087],[-0.0019062],,,
208,[24.47821862  0.22       13.         28.76666667  0.          0.6386855 ],[-0.01325469],,,
209,[25.09841373  0.43441623 11.89876039 34.5         2.76720911  1.39494889],[-0.00077341],,,
210,[26.56512034  0.22       13.         26.99166667  0.          0.57285563],[-0.0391804],,,
211,[24.40090558  0.22       13.         26.4         0.          0.86503111],[-0.0238256],,,
212,[24.28830479  0.22       13.         27.91666667  0.          0.44275685],[-0.01319968],,,
213,[25.08272533  0.4002947  12.2625243  28.575       3.31066146  1.40329455],[-0.00129182],,,
214,[24.87640583  0.22       13.         26.56666667  0.          0.57285563],[-0.02410712],,,
215,[23.22787163  0.22       14.83376398 23.85        0.          0.62531613],[-0.00877119],,,
216,[25.01042544  0.24312084 12.66303194 32.23333333  0.75561028  0.41661699],[-0.00376258],,,
217,[24.9419225   0.22       13.         32.76666667  0.          0.44275685],[-0.00837739],,,
218,[23.3836943   0.22       13.05260771 24.45        0.          0.57285563],[-0.01395512],,,
219,[25.12227902  0.48637053 11.78214058 33.9         3.52354365  1.42368258],[-0.00046872],,,
220,[24.44133773  0.22       13.         29.13333333  0.          0.58652525],[-0.01164337],,,
221,[25.11631402  0.47300795 13.28371136 28.8         3.89811818  0.40258774],[0.00272146],,,
222,[24.13521036  0.22       13.         25.8         0.          0.57285563],[-0.01913631],,,
223,[25.10967139  0.45860195 12.3422384  30.79166667  3.92444506  1.44340059],[0.00187501],,,
224,[24.95427039  0.22       13.30117774 28.71666667  4.13805037  1.44339953],[0.04242061],,,
225,[25.11266893  0.46544799 11.81492804 34.625       3.13795416  0.39874545],[-0.00056614],,,
226,[25.11719023  0.47529699 11.84002484 32.675       3.58582659  1.44260312],[-0.00057104],,,
227,[24.7873223   0.22       13.         29.65        0.          0.44275685],[-0.01516643],,,
228,[25.12749661  0.49764117 12.13295148 31.          4.09464942  1.44340059],[-0.00016179],,,
229,[24.56660827  0.22       13.         28.9         0.          0.75721333],[-0.01426173],,,
230,[25.10457197  0.44682814 13.11229507 28.95        3.91823701  1.45434945],[0.00639271],,,
231,[23.94038334  0.22       13.         24.7         0.          0.58761669],[-0.01810469],,,
232,[25.00487943  0.22079329 12.98441042 32.65833333  0.56285785  0.75667134],[-0.00112517],,,
233,[24.27235167  0.22       13.         26.56666667  0.          0.44275685],[-0.01698707],,,
234,[25.11642647  0.47388901 11.85212712 34.275       3.20928415  1.39497395],[-0.00185511],,,
235,[25.02613528  0.27721251 12.43495379 32.65        1.16525785  0.72676261],[-0.00241468],,,
236,[25.07251181  0.37812111 12.13096653 35.43333333  1.84573753  0.48323402],[-0.00190281],,,
237,[25.05618998  0.34271002 12.0657752  35.6         1.41648502  1.39781153],[-0.00259851],,,
238,[25.11474987  0.46991138 12.30463484 31.2         3.69652035  1.44340375],[-0.00026776],,,
239,[25.04963014  0.32830571 12.12376047 34.63333333  1.46534377  1.40675947],[-0.00184494],,,
240,[25.11679429  0.47414133 12.74860451 28.8         4.0855637   0.40275992],[0.00184385],,,
241,[24.19466605  0.22       13.         25.8         0.          0.63979912],[-0.0181568],,,
242,[24.22799542  0.22       13.         25.2         0.          0.44275685],[-0.02314065],,,
243,[24.23958365  0.22       13.         27.075       0.          0.44275685],[-0.01498597],,,
244,[24.84930879  0.22       13.         26.76666667  2.68057955  0.58294155],[0.02187153],,,
245,[25.08494885  0.40522686 11.98953217 35.96666667  2.06573171  0.48225139],[-0.00221204],,,
246,[25.11817693  0.47755361 11.77708748 33.45        3.44352594  0.4822543 ],[-0.00134164],,,
247,[25.28465938  0.22       13.         25.45        0.          0.44275685],[-0.02840235],,,
248,[24.04903019  0.22       13.         24.93333333  0.          0.44275685],[-0.02142527],,,
249,[23.9216558   0.22       13.         24.28333333  0.          0.44275685],[-0.01944032],,,
250,[25.08856569  0.41296951 12.09305773 33.          2.73783751  0.39983957],[-0.00084913],,,
251,[25.10058714  0.43909698 11.9317816  33.3         3.05929426  1.40430111],[-0.00019547],,,
252,[24.25148542  0.22       13.         24.45        0.          0.57285563],[-0.02202169],,,
253,[24.35060828  0.22       13.         28.26666667  0.          0.58691541],[-0.01302288],,,
254,[25.01295114  0.22       13.         33.525       0.35623132  0.43915393],[-0.001855],,,
255,[25.10991101  0.22       13.         24.25        0.          0.57285563],[-0.03121756],,,
256,[24.06742344  0.22       13.         25.225       0.          0.58750104],[-0.01818616],,,
257,[24.33476007  0.22       13.         28.1         0.          0.44275685],[-0.0132755],,,
258,[24.76856802  0.22       13.         29.8         0.          0.8627626 ],[-0.01442933],,,
259,[24.61383968  0.22       13.         29.475       0.          0.75825824],[-0.01304726],,,
260,[24.98608051  0.22       13.         33.4         0.          0.86111046],[-0.0073632],,,
261,[25.10616283  0.45129817 11.90544536 32.66666667  3.28512348  1.17013555],[-0.00068158],,,
262,[23.52177781  0.22       13.94778886 24.89166667  1.51739948  0.55324316],[0.0130568],,,
263,[23.23684445  0.22       14.74872941 23.9         0.          0.57285563],[-0.00897282],,,
264,[24.59015301  0.22       13.         26.5         0.          0.57285563],[-0.02189899],,,
265,[24.39592408  0.22       14.45932389 27.7         4.19446709  1.46566011],[0.05030059],,,
266,[23.07789163  0.22       13.17900324 25.          0.          0.44275685],[-0.0111423],,,
267,[23.19385312  0.22       15.1340872  23.65        0.          0.62531613],[-0.00810316],,,
268,[27.24048664  0.22       13.         27.65        0.          0.44275685],[-0.04887305],,,
269,[25.10580783  0.45049289 11.85693159 33.56666667  3.14886004  1.40922837],[-0.00038747],,,
270,[24.30539008  0.22       13.         27.975       0.          0.5866793 ],[-0.01328407],,,
271,[24.72608228  0.22       11.63272255 26.8         3.31088028  0.40312784],[0.02705703],,,
272,[25.0238556   0.27225597 12.41316407 34.05        0.81742826  0.90027912],[-0.00325408],,,
273,[23.23143732  0.22       15.22369758 23.11666667  1.91999533  0.40501162],[0.01988228],,,
274,[23.09550107  0.22       15.54491445 23.43333333  0.          0.62531613],[-0.00652279],,,
275,[25.08589061  0.40525325 12.80488505 29.15        4.11396617  1.44340122],[0.01151264],,,
276,[24.83269584  0.22       13.         31.375       0.          0.75704198],[-0.01073218],,,
277,[23.06694746  0.22       15.61334943 22.35        0.          0.57285563],[-0.00897111],,,
278,[25.0078191   0.22       13.         33.275       0.20838064  0.45595465],[-0.00479201],,,
279,[24.75348491  0.22       13.         26.79166667  0.          0.57285563],[-0.02331577],,,
280,[26.56512034  0.22       13.         26.99166667  0.          0.57285563],[-0.0391804],,,
281,[25.10563717  0.45013874 11.84447274 34.15        2.95993499  1.40243837],[-0.00174186],,,
282,[26.41069482  0.22       13.         26.825       0.          0.57285563],[-0.03767046],,,
283,[25.10624667  0.45145297 11.85359606 33.5         3.16917839  1.16671293],[-0.00043884],,,
284,[23.93450164  0.22       13.         24.71666667  0.          0.57285563],[-0.01749557],,,
285,[25.12161999  0.48474856 12.30881748 30.425       4.09870221  1.44340391],[0.00087044],,,
286,[24.55234654  0.22       13.         28.84166667  0.          0.75726234],[-0.01423602],,,
287,[24.66239362  0.22       13.         26.33333333  0.          0.57285563],[-0.02342949],,,
288,[25.11676646  0.47417055 12.62476095 29.65        3.94046038  1.43343737],[0.00129533],,,
289,[24.11572142  0.22       13.         26.93333333  0.          0.58713855],[-0.01403398],,,
290,[23.14667126  0.22       14.84632035 22.75        0.          0.57285563],[-0.01090641],,,
291,[24.67885383  0.22       13.         28.79166667  0.          0.75781305],[-0.01601782],,,
292,[23.65944743  0.22       13.         24.375       0.          0.57285563],[-0.01798204],,,
293,[24.87692082  0.22       13.         24.325       0.          0.57285563],[-0.02665151],,,
294,[25.44276105  0.22       13.         25.35        0.          0.44275685],[-0.03575198],,,
295,[23.41366055  0.22       14.71802769 24.125       0.          0.44275685],[-0.01060699],,,
296,[23.65340461  0.22       13.01602129 22.925       0.          0.44275685],[-0.02150369],,,
297,[23.07789163  0.22       13.17900324 25.          0.          0.44275685],[-0.0111423],,,
298,[23.31464655  0.22       14.55789443 24.13333333  0.          0.62531613],[-0.00934287],,,
299,[25.11829995  0.47772744 11.77536985 33.35        3.49268101  1.18389305],[-0.00088705],,,
300,[23.99959892  0.22       13.         24.6         0.          0.44275685],[-0.01910804],,,
301,[25.0859808   0.4073853  12.06432034 34.4         2.41156845  1.38810735],[-0.00122744],,,
302,[25.09208973  0.42070143 11.92972013 36.1         2.28496937  0.48229555],[-0.00136515],,,
303,[26.24833202  0.22       13.         24.375       0.          0.44275685],[-0.04198028],,,
304,[24.11452998  0.22       13.         25.03333333  0.          0.44275685],[-0.02204081],,,
305,[24.7160638   0.22       13.         29.94166667  0.          0.44275685],[-0.01306334],,,
306,[25.1174129   0.47581312 11.77601035 33.4         3.45582815  1.18173067],[-0.00097369],,,
307,[25.1115464   0.46276243 12.33490074 30.9         3.91087768  1.44340072],[0.00139665],,,
308,[23.21133265  0.22       16.         22.03333333  0.          0.44275685],[-0.01028937],,,
309,[24.45102832  0.22       13.         26.2         0.          0.44275685],[-0.02034183],,,
310,[25.05825681  0.34702844 12.55510063 31.55        2.14118958  1.42861831],[-0.00156341],,,
311,[25.05324987  0.33616635 12.34434652 33.09166667  1.75282257  1.41233486],[-0.00187861],,,
312,[24.3375854   0.22       13.         28.20833333  0.          0.58698497],[-0.01302305],,,
313,[24.23561182  0.22       13.         25.525       0.          0.44275685],[-0.01989762],,,
314,[23.63086134  0.22       13.62990427 26.45        2.90664075  0.58609193],[0.0352577],,,
315,[25.05289973  0.3353758  12.29627458 33.825       1.64414859  1.40583498],[-0.0017163],,,
316,[24.0775942   0.22       13.         24.925       0.          0.44275685],[-0.01957883],,,
317,[25.10167861  0.44153759 11.93580831 33.23333333  3.07263468  1.40784601],[-0.00060328],,,
318,[24.08610815  0.22       13.         25.975       0.          0.58732354],[-0.01628243],,,
319,[24.39923286  0.22       13.         25.89166667  0.          0.44275685],[-0.02098094],,,
320,[24.51988604  0.22       13.         28.5         0.          0.44275685],[-0.0145542],,,
321,[23.80428462  0.22       13.         24.53333333  0.          0.44275685],[-0.01925971],,,
322,[25.10602219  0.45033467 12.44106628 29.95        4.0401156   1.44340289],[0.00330696],,,
323,[24.99870254  0.2201969  12.75777221 30.64166667  0.78679165  0.90292372],[-0.00372163],,,
324,[26.31877658  0.22       13.         26.7         0.          0.44275685],[-0.03890878],,,
325,[24.79419855  0.22       13.42516399 29.1         4.07572091  1.44381402],[0.04431013],,,
326,[23.30615157  0.22       14.71082519 24.46666667  1.02518309  0.55112279],[0.00754594],,,
327,[23.76607449  0.22       13.43291769 26.675       2.84577094  0.58609168],[0.03333531],,,
328,[25.12569357  0.49381304 11.8768669  32.175       3.88715956  1.44340351],[-0.0004949],,,
329,[24.71675364  0.22       13.         30.125       0.          0.75773688],[-0.01261253],,,
330,[25.05848185  0.34762385 11.9875997  35.575       1.51555591  0.53452558],[-0.00216947],,,
331,[25.03497738  0.29648574 12.32803084 32.96666667  1.33456988  0.72692136],[-0.00246498],,,
332,[24.18342561  0.22       16.         27.05        2.48449161  0.4036988 ],[0.03148787],,,
333,[25.02284586  0.26996585 12.45150724 33.9         0.85165517  0.90348883],[-0.00263521],,,
334,[25.08692264  0.40942224 12.05006663 34.36666667  2.43177349  1.38962838],[-0.00142424],,,
335,[24.78741242  0.22       14.42054798 27.65        3.39646204  1.47418456],[0.03809417],,,
336,[23.06155471  0.22       14.66122805 23.3         0.64952717  0.5553688 ],[0.00117204],,,
337,[24.86817451  0.22       13.         31.7         0.          0.44275685],[-0.01026876],,,
338,[25.03667909  0.30001803 12.26215004 33.6         1.2761156   0.72473524],[-0.00244695],,,
339,[23.06155471  0.22       14.66122805 23.3         0.64952717  0.5553688 ],[0.00117204],,,
340,[24.80773769  0.22       13.         31.          0.          0.75678085],[-0.01140908],,,
341,[24.82196366  0.22       13.         31.25        0.          0.75711347],[-0.01092905],,,
342,[25.1231387   0.48825373 11.85692142 30.96666667  4.03878907  0.4014603 ],[-0.00048186],,,
343,[23.28724255  0.22       14.43269191 24.05833333  1.57434879  0.55324295],[0.01490976],,,
344,[24.22375952  0.22       13.         26.          0.          0.75892119],[-0.01832112],,,
345,[25.10795281  0.45517502 11.82508848 33.98333333  3.12762885  1.4080737 ],[-0.00055017],,,
346,[23.38440346  0.22       13.         23.13333333  0.          0.57285563],[-0.01762134],,,
347,[25.11255626  0.46518801 11.83449588 34.66666667  3.13379488  1.38606409],[-0.00040518],,,
348,[25.11229398  0.46459122 12.38036499 30.125       3.85988763  1.44340252],[1.043e-05],,,
349,[26.06629941  0.22       13.         25.03333333  0.          0.57285563],[-0.03960576],,,
350,[24.34645137  0.22       14.55964788 27.575       4.10595896  1.47105823],[0.04947271],,,
351,[24.79842041  0.22       13.         27.35        0.1160221   0.8626056 ],[-0.02033172],,,
352,[25.32164535  0.22       13.         25.25        0.          0.57285563],[-0.0287988],,,
353,[25.0899489   0.41604469 11.97936903 34.9         2.42488462  1.38884548],[-0.00146568],,,
354,[24.07364256  0.22       13.         26.75833333  0.          0.58699214],[-0.01401186],,,
355,[25.10071254  0.4394157  11.98313564 33.13333333  3.04656234  1.40755348],[-0.00075867],,,
356,[23.58636827  0.22       13.91869917 25.26666667  1.63192697  0.55324318],[0.0151596],,,
357,[25.02913191  0.22       13.         25.075       0.6706713   0.42067561],[-0.01593608],,,
358,[23.40188711  0.22       16.         24.4         2.17869283  1.47537433],[0.02542456],,,
359,[24.31949097  0.22       13.         24.4         0.          0.57285563],[-0.02299682],,,
360,[24.35527921  0.22       13.         25.96666667  0.          0.57285563],[-0.02034651],,,
361,[25.10029492  0.43843487 12.39622239 30.85        3.64983094  0.4861602 ],[0.00010059],,,
362,[25.12881349  0.5005938  11.80282963 31.36666667  4.1354076   1.44061015],[-0.00042306],,,
363,[23.87740429  0.22       15.25242745 27.38333333  3.39692836  0.74469933],[0.04343443],,,
364,[26.48268451  0.22       13.         26.15        0.          0.57285563],[-0.04123614],,,
365,[23.87952022  0.22       14.06743861 25.          0.          0.76167306],[-0.01707889],,,
366,[23.35495318  0.22       14.15505414 24.26666667  0.          0.62531613],[-0.0105594],,,
367,[25.10595962  0.45080007 11.85740538 34.11666667  3.06646017  1.40197956],[-0.00022803],,,
368,[24.33275228  0.22       13.         26.43333333  0.          0.75896723],[-0.01821458],,,
369,[22.90868418  0.22       15.56996745 25.          0.          0.44275685],[-0.00191244],,,
370,[25.07206832  0.37715228 12.10285521 35.76666667  1.7849809   0.48217666],[-0.0018404],,,
371,[23.54131168  0.22       13.84874135 25.46666667  3.03378206  0.58609177],[0.03574517],,,
372,[23.91663441  0.22       15.63321448 26.75        3.69090875  1.4829605 ],[0.04861441],,,
373,[25.0721055   0.37497395 12.97553474 28.975       3.93020747  0.40203822],[0.01293037],,,
374,[25.1016392   0.44141517 11.91180227 33.7         3.00017134  0.4851762 ],[-0.00052632],,,
375,[25.02723704  0.27958402 12.6350836  31.36666667  1.36882196  0.40570355],[-0.00260146],,,
376,[23.30086268  0.22       13.78257913 22.96666667  0.          0.57285563],[-0.01486653],,,
377,[24.33738896  0.22       13.         28.15        0.          0.44275685],[-0.01315812],,,
378,[26.31877658  0.22       13.         26.7         0.          0.44275685],[-0.03890878],,,
379,[24.20028165  0.22       13.         27.31666667  0.          0.44275685],[-0.01386889],,,
380,[24.45102832  0.22       13.         26.2         0.          0.44275685],[-0.02034183],,,
381,[25.12242618  0.48670252 11.77598083 32.975       3.6794658   0.73149374],[-0.0006281],,,
382,[23.31635598  0.22       13.59285979 23.          0.          0.57285563],[-0.0154933],,,
383,[25.11207429  0.46416283 11.97099264 30.575       3.80248997  1.44340091],[-0.00041994],,,
384,[24.82440586  0.22       13.         26.96666667  0.          0.57285563],[-0.02380575],,,
385,[24.27427368  0.22       13.57687152 25.46666667  3.07165273  0.58609299],[0.03002572],,,
386,[23.06336823  0.22       15.26240993 23.33333333  0.37907908  0.59034246],[-0.00129971],,,
387,[25.10843948  0.45629593 11.86390608 33.7         3.16592948  0.483692  ],[-0.00079162],,,
388,[23.85963395  0.22       13.         24.13333333  0.          0.57285563],[-0.0213223],,,
389,[24.23005577  0.22       14.47923379 22.96666667  2.92857892  0.5860926 ],[0.02543901],,,
390,[25.12369328  0.48942453 12.09167271 30.05        4.14256698  0.40192032],[-0.00023583],,,
391,"[2.49458700e+01 2.20000000e-01 1.30000000e+01 3.25500000e+01
 1.90554460e-02 8.60453169e-01]",[-0.00880637],,,
392,[25.1229077   0.48774953 12.09084161 31.28333333  3.90284531  1.44340766],[-0.00079288],,,
393,[25.57668396  0.22       13.         24.875       0.          0.57285563],[-0.03540365],,,
394,[23.80105712  0.22       13.53946784 26.4         2.8652929   0.58609293],[0.03342377],,,
395,[25.76071854  0.22       13.         24.76666667  0.          0.57285563],[-0.03646392],,,
396,[25.02207071  0.26832392 12.67824091 31.3         1.22290685  0.40571228],[-0.00311627],,,
397,[24.92157841  0.22       13.         32.36666667  0.          0.86095062],[-0.0091702],,,
398,[24.82415699  0.22       13.99368823 27.43333333  2.72731078  1.44534801],[0.016591],,,
399,[23.47867544  0.22       13.         23.75        0.          0.57285563],[-0.01779818],,,
400,[23.49242641  0.22       16.         25.4         3.22391556  0.58609198],[0.04443082],,,
401,[23.79877086  0.22       13.         25.25        0.          0.57285563],[-0.01657066],,,
402,[24.45160037  0.22       13.         26.6         0.          0.75867278],[-0.01959565],,,
403,[25.04194262  0.31161206 12.22758116 32.88333333  1.53047229  0.39931597],[-0.00247053],,,
404,[25.10967139  0.45860195 12.3422384  30.79166667  3.92444506  1.44340059],[0.00187501],,,
405,[24.33709619  0.22       13.         25.93333333  0.          0.57285563],[-0.02013175],,,
406,[23.91303923  0.22       13.         24.98333333  0.          0.57285563],[-0.01699319],,,
407,"[2.49531126e+01 2.20000000e-01 1.30000000e+01 3.18000000e+01
 7.96448000e-03 4.42756848e-01]",[-0.01137301],,,
408,[24.96048353  0.22       13.         33.35        0.          0.85973644],[-0.00694212],,,
409,[25.83846795  0.22       13.         25.525       0.          0.44275685],[-0.03709119],,,
410,[25.12908014  0.50110176 11.78883368 32.16666667  4.03821903  1.4365107 ],[0.00016105],,,
411,[23.47981637  0.22       13.         24.31666667  0.          0.57285563],[-0.01504801],,,
412,[23.81300504  0.22       13.         24.45        0.          0.57285563],[-0.01943736],,,
413,[25.09744359  0.43230139 11.90502788 34.41666667  2.75294313  0.39895527],[-0.00080632],,,
414,[24.91240821  0.22       13.         32.23333333  0.          0.86102787],[-0.00940682],,,
415,[25.10951711  0.45844651 12.51051505 29.175       3.88413967  0.40122419],[0.00074834],,,
416,[24.77922222  0.22       13.         30.56666667  0.          0.44275685],[-0.01218114],,,
417,[23.77098505  0.22       13.         24.525       0.          0.57285563],[-0.01903836],,,
418,[25.10349038  0.44487053 12.36037056 30.35833333  3.93513053  1.44340229],[0.00332246],,,
419,[23.7883957   0.22       13.27277562 27.15        3.25901296  0.58609284],[0.0400525],,,
420,[24.90814132  0.22       13.         30.96666667  0.05601218  0.86173847],[-0.01224881],,,
421,[24.50994051  0.22       14.60982354 27.45833333  4.01491098  0.40292099],[0.04535728],,,
422,[25.43909056  0.22       13.         25.41666667  0.          0.57285563],[-0.02970599],,,
423,[23.94535146  0.22       15.44525801 26.49166667  3.87345824  1.48296253],[0.05053918],,,
424,[23.90143706  0.22       13.01609976 23.76666667  0.          0.62531613],[-0.01973606],,,
425,[25.11878393  0.47867109 11.97383253 31.575       3.847085    0.40005633],[0.00027507],,,
426,[24.62491083  0.22       13.         29.475       0.          0.75740675],[-0.01320311],,,
427,[25.09349187  0.42375525 12.00711456 34.05        2.65844997  1.39232642],[-0.00143196],,,
428,[24.49015556  0.22       13.         21.075       0.          0.57285563],[-0.03120949],,,
429,[25.05435615  0.33871524 12.08571907 34.66666667  1.53364181  1.40320192],[-0.00259207],,,
430,[24.17604944  0.22       13.         25.3         0.          0.44275685],[-0.01976952],,,
431,[24.56142917  0.22       13.         29.175       0.          0.75851175],[-0.013195],,,
432,[25.02867749  0.28268194 12.55139011 33.05        1.11446633  0.39804614],[-0.00268583],,,
433,[23.04061774  0.22       15.72722171 23.55        0.75668466  0.79741392],[0.00579774],,,
434,[25.11510277  0.47072166 11.79124287 34.93333333  3.17068166  1.3873042 ],[-0.00026533],,,
435,[25.10479537  0.44834545 11.89631053 33.35        3.13420061  0.48541904],[-0.00069333],,,
436,[24.91758009  0.22       13.         32.6         0.          0.44275685],[-0.00852908],,,
437,[23.03690922  0.22       13.81084683 25.          0.          0.44275685],[-0.00877308],,,
438,[25.0116565   0.22       13.         34.18333333  0.32573341  0.42527002],[-0.00047674],,,
439,[24.99053164  0.22       12.9774619  27.71666667  1.1472447   0.73189768],[-0.00563324],,,
440,[25.09343525  0.4234744  12.10564732 31.36666667  3.21158242  1.40251793],[0.00027588],,,
441,[24.0209458   0.22       13.         25.83333333  0.          0.44275685],[-0.01593532],,,
442,[23.16953399  0.22       14.59458098 22.84166667  0.          0.57285563],[-0.01162299],,,
443,[25.10893278  0.45752652 11.9496991  33.3         3.1815389   0.39893002],[-0.00161868],,,
444,[23.73196202  0.22       15.96733205 26.00833333  3.34080903  1.48294799],[0.04533413],,,
445,[25.00009954  0.22       13.         33.65        0.          0.86105791],[-0.00689073],,,
446,[24.37508217  0.22       13.         25.7         0.          0.57285563],[-0.02128131],,,
447,[24.26545502  0.22       13.         26.18333333  0.          0.57285563],[-0.01886894],,,
448,[24.38130024  0.22       13.         28.1         0.          0.44275685],[-0.01393595],,,
449,[23.29360849  0.22       13.67447188 26.43333333  2.34319881  0.5520636 ],[0.02802909],,,
450,[24.39839047  0.22       13.         26.05833333  0.          0.57285563],[-0.02058397],,,
451,[24.67597218  0.22       13.         29.70833333  0.          0.75648393],[-0.01321963],,,
452,[25.02626975  0.22       13.         34.975       0.07736687  0.85912019],[-0.00230717],,,
453,[25.06958357  0.37176545 12.17616998 34.26666667  1.96279589  0.48465228],[-0.00200348],,,
454,[23.99499881  0.22       13.96930641 23.175       1.06206317  0.55324312],[-0.00188579],,,
455,[25.07699104  0.22       13.         24.86666667  0.          0.57285563],[-0.03144231],,,
456,[23.72211213  0.22       16.         26.15        3.53052397  1.48295587],[0.04812402],,,
457,[25.12336039  0.48863963 13.37687146 27.21666667  4.15306173  1.44340095],[8.566e-05],,,
458,[23.65597721  0.22       13.87110144 25.45833333  2.19313003  0.55324335],[0.02345006],,,
459,[25.00564149  0.22090443 12.98637028 32.675       0.55837067  0.75679347],[-0.0011815],,,
460,[23.30664854  0.22       14.24809117 24.525       0.57504055  0.58834803],[0.00017495],,,
461,[24.17616077  0.22       15.01297231 27.76666667  3.60742942  1.48117018],[0.04753888],,,
462,[24.02368725  0.22       13.4854064  26.25        2.9460523   0.58609293],[0.03213023],,,
463,[25.06112639  0.35338099 12.22873975 33.66666667  1.83084419  1.41351917],[-0.00229336],,,
464,[24.2947572   0.22       13.         25.86666667  0.          0.57285563],[-0.01983491],,,
465,[24.9584188   0.22       13.         31.2         0.16242254  0.44275685],[-0.0106954],,,
466,[25.10753525  0.45426758 11.85355447 33.625       3.18169669  1.16653111],[-0.00041466],,,
467,[23.50075968  0.22       14.5515953  24.46666667  3.00205867  0.40449409],[0.03481608],,,
468,[25.11659403  0.47402656 11.80798373 32.69166667  3.5601723   1.44340117],[-0.00082548],,,
469,[25.10197757  0.44213495 11.94740095 32.675       3.19566385  0.39911063],[-0.00026675],,,
470,[24.15148139  0.22       14.20801764 20.7         0.42471992  0.59034246],[-0.01844904],,,
471,[24.02993523  0.22       13.         25.31666667  0.          0.57285563],[-0.0192738],,,
472,[24.44165764  0.22       13.         28.7         0.          0.63923775],[-0.01296242],,,
473,[23.15114549  0.22       14.87500483 23.61666667  1.89059621  0.55346281],[0.02085514],,,
474,[25.03438499  0.29505037 12.20061982 35.          1.07011956  0.8974083 ],[-0.00110689],,,
475,[23.13849475  0.22       13.         25.          0.          0.44275685],[-0.01253095],,,
476,[25.10970574  0.4589973  11.86081577 34.91666667  2.99836938  1.3794018 ],[-0.00062561],,,
477,[25.10930107  0.45778675 12.86995139 29.11666667  3.82496928  1.43962765],[0.00229275],,,
478,[25.09724565  0.43034544 12.85235762 29.3         4.09702124  1.44340094],[0.00909984],,,
479,[23.86916433  0.22       15.69210433 26.33333333  3.51530652  1.48296358],[0.04631909],,,
480,[24.96913169  0.22       13.         32.7         0.05282582  0.44275685],[-0.00819191],,,
481,[25.12331639  0.48855834 12.42106947 30.15        4.01860131  1.44340693],[0.00015174],,,
482,[24.26190528  0.22       13.         27.8         0.          0.44275685],[-0.01320037],,,
483,[25.17962906  0.22       13.         21.66666667  0.          0.57285563],[-0.03762959],,,
484,[24.7062217   0.22       13.         29.4         0.          0.75769563],[-0.01448697],,,
485,[25.09884588  0.43537106 11.91207019 35.075       2.66823162  0.48349628],[-0.00087995],,,
486,[24.6598587   0.22       13.         27.45        0.          0.57285563],[-0.02066479],,,
487,[24.19176111  0.22       15.16985474 27.76666667  3.58885461  1.47951339],[0.04767259],,,
488,[24.27310599  0.22       13.         27.5         0.          0.58719609],[-0.01420535],,,
489,[24.78284614  0.22       13.         29.925       0.          0.8626911 ],[-0.01427812],,,
490,[25.10051734  0.43898573 11.92082963 33.8         2.94386414  0.4851192 ],[-0.0006646],,,
491,"[2.49552006e+01 2.20000000e-01 1.30000000e+01 3.27833333e+01
 2.38497300e-02 8.60734423e-01]",[-0.00819918],,,
492,[23.29057003  0.22       13.         23.4         0.          0.57285563],[-0.01635448],,,
493,[25.111995    0.46396982 11.83411006 35.23333333  3.01735152  1.37744088],[-0.00047474],,,
494,[24.44070729  0.22       13.         28.43333333  0.          0.63924692],[-0.01370596],,,
495,[25.03680644  0.30043999 12.26057152 32.625       1.46217178  0.39788547],[-0.00225755],,,
496,[25.11978946  0.48097826 11.78065824 34.1         3.40703287  0.39921091],[-0.00076786],,,
497,[25.74600583  0.22       13.         25.48333333  0.          0.44275685],[-0.03965723],,,
498,[24.99017457  0.22       12.99117274 30.50833333  0.59221159  0.7562396 ],[-0.00638266],,,
499,[26.31877658  0.22       13.         26.7         0.          0.44275685],[-0.03890878],,,
