,x_train,y_train,x_test,y_pred,y_std
0,[27.74504128 -8.03808092 24.325     ],[27.67498758],[27.07308184 -7.62008093 25.425     ],[27.02115388],[0.006178]
1,[27.67498758 -7.44304148 24.46666667],[27.61424732],[27.02346398 -7.60724759 25.36666667],[26.97413165],[0.00589794]
2,[27.61424732 -7.44041425 24.60833333],[27.55515116],[26.97433394 -7.59441426 25.30833333],[26.92691954],[0.00585216]
3,[27.55515116 -7.47158093 24.75      ],[27.49724484],[26.92568351 -7.58158092 25.25      ],[26.8796517],[0.00587382]
4,[27.49724484 -7.50274759 24.89166667],[27.44051052],[26.87750466 -7.56874759 25.19166667],[26.83244021],[0.00587828]
5,[27.44051052 -7.53391426 25.03333333],[27.38493062],[26.82978948 -7.55591425 25.13333333],[26.78537745],[0.00583574]
6,[27.38493062 -7.56508092 25.175     ],[27.3304879],[26.78253021 -7.54308092 25.075     ],[26.73853839],[0.00574538]
7,[27.3304879  -7.5962476  25.31666667],[27.27716537],[26.73571922 -7.5302476  25.01666667],[26.69198269],[0.00561965]
8,[27.27716537 -7.62741426 25.45833333],[27.22494637],[26.689349   -7.51741426 24.95833333],[26.64575675],[0.00547544]
9,[27.22494637 -7.65858092 25.6       ],[27.17381447],[26.64341221 -7.50458093 24.9       ],[26.59989555],[0.00532901]
10,[27.17381447 -7.6457476  25.54166667],[27.12319584],[26.59790159 -7.49174759 24.84166667],[26.55442428],[0.00519352]
11,[27.12319584 -7.63291426 25.48333333],[27.07308184],[26.55281006 -7.47891426 24.78333333],[26.50936],[0.00507782]
12,[27.07308184 -7.62008093 25.425     ],[27.02346398],[26.50813061 -7.46608092 24.725     ],[26.46471293],[0.00498597]
13,[27.02346398 -7.60724759 25.36666667],[26.97433394],[26.4638564  -7.45324759 24.66666667],[26.42048782],[0.00491815]
14,[26.97433394 -7.59441426 25.30833333],[26.92568351],[26.41998068 -7.44041425 24.60833333],[26.37668498],[0.00487142]
15,[26.92568351 -7.58158092 25.25      ],[26.87750466],[26.37649683 -7.42758092 24.55      ],[26.33330136],[0.00484129]
16,[26.87750466 -7.56874759 25.19166667],[26.82978948],[26.33339835 -7.4147476  24.49166667],[26.29033136],[0.00482275]
17,[26.82978948 -7.55591425 25.13333333],[26.78253021],[26.29067884 -7.40191426 24.43333333],[26.24776757],[0.00481126]
18,[26.78253021 -7.54308092 25.075     ],[26.73571922],[26.24833202 -7.38908093 24.375     ],[26.20560147],[0.00480305]
19,[26.73571922 -7.5302476  25.01666667],[26.689349],[26.20635174 -7.37624759 24.31666667],[26.16382394],[0.00479579]
20,[26.689349   -7.51741426 24.95833333],[26.64341221],[26.16473192 -7.36341426 24.25833333],[26.12242564],[0.0047878]
21,[26.64341221 -7.50458093 24.9       ],[26.59790159],[26.12346661 -7.35058092 24.2       ],[26.08139745],[0.00477855]
22,[26.59790159 -7.49174759 24.84166667],[26.55281006],[26.08254997 -7.33774759 24.14166667],[26.04073069],[0.00476791]
23,[26.55281006 -7.47891426 24.78333333],[26.50813061],[26.04197625 -7.32491425 24.08333333],[26.00041732],[0.00475604]
24,[26.50813061 -7.46608092 24.725     ],[26.4638564],[26.00173979 -7.31208092 24.025     ],[25.96045007],[0.00474326]
25,[26.4638564  -7.45324759 24.66666667],[26.41998068],[25.96183506 -7.2992476  23.96666667],[25.92082257],[0.00472964]
26,[26.41998068 -7.44041425 24.60833333],[26.37649683],[25.92225661 -7.28641426 23.90833333],[25.88152927],[0.00471505]
27,[26.37649683 -7.42758092 24.55      ],[26.33339835],[25.88299908 -7.27358093 23.85      ],[25.84256553],[0.00469942]
28,[26.33339835 -7.4147476  24.49166667],[26.29067884],[25.84405722 -7.26074759 23.79166667],[25.80392747],[0.00468247]
29,[26.29067884 -7.40191426 24.43333333],[26.24833202],[25.80542585 -7.24791426 23.73333333],[25.76561194],[0.00466415]
30,[26.24833202 -7.38908093 24.375     ],[26.20635174],[25.7670999  -7.23508092 23.675     ],[25.72761636],[0.00464476]
31,[26.20635174 -7.37624759 24.31666667],[26.16473192],[25.72907438 -7.22224759 23.61666667],[25.68993861],[0.00462502]
32,[26.16473192 -7.36341426 24.25833333],[26.12346661],[25.69134439 -7.20941425 23.55833333],[25.65257686],[0.00460624]
33,[26.12346661 -7.35058092 24.2       ],[26.08254997],[25.65390512 -7.19658092 23.5       ],[25.6155294],[0.00459057]
34,[26.08254997 -7.33774759 24.14166667],[26.04197625],[25.61675184 -7.1837476  23.44166667],[25.57879447],[0.00458039]
35,[26.04197625 -7.32491425 24.08333333],[26.00173979],[25.5798799  -7.17091426 23.38333333],[25.54237003],[0.00457882]
36,[26.00173979 -7.31208092 24.025     ],[25.96183506],[25.54328474 -7.15808093 23.325     ],[25.50625365],[0.00458871]
37,[25.96183506 -7.2992476  23.96666667],[25.92225661],[25.50696188 -7.14524759 23.26666667],[25.47044228],[0.00461247]
38,[25.92225661 -7.28641426 23.90833333],[25.88299908],[25.4709069  -7.13241426 23.20833333],[25.43493203],[0.00465204]
39,[25.88299908 -7.27358093 23.85      ],[25.84405722],[25.43511547 -7.11958092 23.15      ],[25.39971809],[0.0047072]
40,[25.84405722 -7.26074759 23.79166667],[25.80542585],[25.39958335 -7.10674759 23.09166667],[25.36479447],[0.00477658]
41,[25.80542585 -7.24791426 23.73333333],[25.7670999],[25.36430636 -7.09391425 23.03333333],[25.33015389],[0.00485653]
42,[25.7670999  -7.23508092 23.675     ],[25.72907438],[25.32928039 -7.08108092 22.975     ],[25.29578761],[0.00494181]
43,[25.72907438 -7.22224759 23.61666667],[25.69134439],[25.2945014  -7.0682476  22.91666667],[25.26168528],[0.00502535]
44,[25.69134439 -7.20941425 23.55833333],[25.65390512],[25.25996544 -7.05541426 22.85833333],[25.22783485],[0.00509939]
45,[25.65390512 -7.19658092 23.5       ],[25.61675184],[25.22566861 -7.04258093 22.8       ],[25.19422244],[0.0051558]
46,[25.61675184 -7.1837476  23.44166667],[25.5798799],[25.19160708 -7.02974759 22.74166667],[25.16083221],[0.00518738]
47,[25.5798799  -7.17091426 23.38333333],[25.54328474],[25.1577771  -7.01691426 22.68333333],[25.12764633],[0.00518956]
48,[25.54328474 -7.15808093 23.325     ],[25.50696188],[25.12417497 -7.00408092 22.625     ],[25.09464487],[0.00516216]
49,[25.50696188 -7.14524759 23.26666667],[25.4709069],[25.09079707 -6.99124759 22.56666667],[25.06180577],[0.00511278]
50,[25.4709069  -7.13241426 23.20833333],[25.43511547],[25.05763983 -6.97841425 22.50833333],[25.02910475],[0.00506139]
51,[25.43511547 -7.11958092 23.15      ],[25.39958335],[25.02469975 -6.96558092 22.45      ],[24.99651535],[0.00504594]
52,[25.39958335 -7.10674759 23.09166667],[25.36430636],[24.99197339 -6.9527476  22.39166667],[24.96400886],[0.00512678]
53,[25.36430636 -7.09391425 23.03333333],[25.32928039],[24.95945737 -6.93991426 22.33333333],[24.93155436],[0.00538478]
54,[25.32928039 -7.08108092 22.975     ],[25.2945014],[24.93218299 -6.92708093 22.275     ],[24.90373012],[0.00590084]
55,[25.2945014  -7.0682476  22.91666667],[25.25996544],[24.90682508 -6.91424759 22.21666667],[24.87754675],[0.00666406]
56,[25.25996544 -7.05541426 22.85833333],[25.22566861],[24.88299164 -6.90141426 22.15833333],[24.85265177],[0.00766189]
57,[25.22566861 -7.04258093 22.8       ],[25.19160708],[24.86129006 -6.88858092 22.1       ],[24.8296157],[0.00885778]
58,[25.19160708 -7.02974759 22.74166667],[25.1577771],[24.84171479 -6.93441426 22.30833333],[24.82025641],[0.00701408]
59,[25.1577771  -7.01691426 22.68333333],[25.12417497],[24.82499555 -6.98024759 22.51666667],[24.81113259],[0.00658201]
60,[25.12417497 -7.00408092 22.625     ],[25.09079707],[24.81110749 -7.02608093 22.725     ],[24.80281302],[0.0066484]
61,[25.09079707 -6.99124759 22.56666667],[25.05763983],[24.8000267  -7.07191426 22.93333333],[24.79578109],[0.00673399]
62,[25.05763983 -6.97841425 22.50833333],[25.02469975],[24.79173064 -7.1177476  23.14166667],[24.79044184],[0.00672688]
63,[25.02469975 -6.96558092 22.45      ],[24.99197339],[24.78619808 -7.16358092 23.35      ],[24.78712845],[0.00665549]
64,[24.99197339 -6.9527476  22.39166667],[24.95945737],[24.78340897 -7.20941425 23.55833333],[24.7861086],[0.0065683]
65,[24.95945737 -6.93991426 22.33333333],[24.93218299],[24.78294495 -7.25258639 23.76666667],[24.78714452],[0.00646822]
66,[24.93218299 -6.92708093 22.275     ],[24.90682508],[24.78476257 -7.29104609 23.975     ],[24.79031866],[0.00637806]
67,[24.90682508 -6.91424759 22.21666667],[24.88299164],[24.78885928 -7.33133621 24.18333333],[24.79576861],[0.0063448]
68,[24.88299164 -6.90141426 22.15833333],[24.86129006],[24.79787845 -7.37496804 24.39166667],[24.80654931],[0.0062]
69,[24.86129006 -6.88858092 22.1       ],[24.84171479],[24.80877774 -7.42044299 24.6       ],[24.81934264],[0.00605733]
70,[24.84171479 -6.93441426 22.30833333],[24.82499555],[24.82167946 -7.46585164 24.8       ],[24.83428152],[0.00591816]
71,[24.82499555 -6.98024759 22.51666667],[24.81110749],[24.83650461 -7.51291068 25.        ],[24.85129924],[0.00582036]
72,[24.81110749 -7.02608093 22.725     ],[24.8000267],[24.85320416 -7.56153726 25.2       ],[24.87031334],[0.00578698]
73,[24.8000267  -7.07191426 22.93333333],[24.79173064],[24.87173408 -7.61165548 25.4       ],[24.89122963],[0.00582892]
74,[24.79173064 -7.1177476  23.14166667],[24.78619808],[24.89205445 -7.65846073 25.6       ],[24.91381853],[0.0059522]
75,[24.78619808 -7.16358092 23.35      ],[24.78340897],[24.91418901 -7.70258093 25.8       ],[24.93802183],[0.0061631]
76,[24.78340897 -7.20941425 23.55833333],[24.78294495],[24.93815472 -7.74658092 26.        ],[24.96382792],[0.00648317]
77,[24.78294495 -7.25258639 23.76666667],[24.78476257],[24.96330616 -7.79058092 26.2       ],[24.99043927],[0.00696473]
78,[24.78476257 -7.29104609 23.975     ],[24.78885928],[24.98960811 -7.83458093 26.4       ],[25.01772425],[0.00773727]
79,[24.78885928 -7.33133621 24.18333333],[24.79787845],[25.0170289  -7.87858092 26.6       ],[25.04555109],[0.00897703]
80,[24.79787845 -7.37496804 24.39166667],[24.80877774],[25.04553991 -7.92258092 26.8       ],[25.07378728],[0.01085797]
81,[24.80877774 -7.42044299 24.6       ],[24.82167946],[ 25.0751151  -11.28169763  27.        ],[25.06362515],[0.01649398]
82,[24.82167946 -7.46585164 24.8       ],[24.83650461],[ 25.06807397 -10.98615786  27.2       ],[25.06716472],[0.01130155]
83,[24.83650461 -7.51291068 25.        ],[24.85320416],[25.0664432  -9.91466941 27.4       ],[25.08957227],[0.0125075]
84,[24.85320416 -7.56153726 25.2       ],[24.87173408],[ 25.08020665 -10.40289354  27.6       ],[25.09550975],[0.009811]
85,[24.87173408 -7.61165548 25.4       ],[24.89205445],[ 25.09049723 -10.85009054  27.8       ],[25.09962983],[0.0076808]
86,[24.89205445 -7.65846073 25.6       ],[24.91418901],[ 25.09789443 -11.17626703  28.        ],[25.1034535],[0.00691709]
87,[24.91418901 -7.70258093 25.8       ],[24.93815472],[ 25.10390774 -11.46656382  28.2       ],[25.10704126],[0.00670802]
88,[24.93815472 -7.74658092 26.        ],[24.96330616],[ 25.10900966 -11.74299252  28.4       ],[25.11054697],[0.00666498]
89,[24.96330616 -7.79058092 26.2       ],[24.98960811],[ 25.1130415 -11.993594   28.6      ],[25.11355111],[0.00660673]
90,[24.98960811 -7.83458093 26.4       ],[25.0170289],[ 25.11631402 -12.22663226  28.8       ],[25.11620557],[0.00648146]
91,[25.0170289  -7.87858092 26.6       ],[25.04553991],[ 25.11903548 -12.44777405  29.        ],[25.11863911],[0.0063105]
92,[25.04553991 -7.92258092 26.8       ],[25.0751151],[ 25.12134532 -12.66043644  29.2       ],[25.12094093],[0.0061307]
93,[ 25.0751151  -11.28169763  27.        ],[25.06807397],[ 25.12334143 -12.86693122  29.4       ],[25.12316336],[0.0059703]
94,[ 25.06807397 -10.98615786  27.2       ],[25.0664432],[ 25.12509352 -13.00732763  29.475     ],[25.12585438],[0.00553539]
95,[25.0664432  -9.91466941 27.4       ],[25.08020665],[ 25.12630303 -13.12802108  29.55      ],[25.12766569],[0.00526399]
96,[ 25.08020665 -10.40289354  27.6       ],[25.09049723],[ 25.12716719 -13.2358165   29.625     ],[25.1289099],[0.00507641]
97,[ 25.09049723 -10.85009054  27.8       ],[25.09789443],[ 25.12781057 -13.33545512  29.7       ],[25.12978181],[0.00493827]
98,[ 25.09789443 -11.17626703  28.        ],[25.10390774],[ 25.12830848 -13.42966741  29.775     ],[25.13039235],[0.00484041]
99,[ 25.10390774 -11.46656382  28.2       ],[25.10900966],[ 25.1287082 -13.5177327  29.85     ],[25.13080205],[0.00478398]
100,[ 25.10900966 -11.74299252  28.4       ],[25.1130415],[ 25.12972473 -13.63241744  29.925     ],[25.13187848],[0.00501417]
101,[ 25.1130415 -11.993594   28.6      ],[25.11631402],[ 25.1300245 -13.7194999  30.       ],[25.13195241],[0.00514929]
102,[ 25.11631402 -12.22663226  28.8       ],[25.11903548],[ 25.12987695 -13.78691108  30.075     ],[25.13146724],[0.00512522]
103,[ 25.11903548 -12.44777405  29.        ],[25.12134532],[ 25.1294743  -13.84240247  30.15      ],[25.13069433],[0.00500726]
104,[ 25.12134532 -12.66043644  29.2       ],[25.12334143],[ 25.12893009 -13.89052337  30.225     ],[25.1297793],[0.00485902]
105,[ 25.12334143 -12.86693122  29.4       ],[25.12509352],[ 25.12830617 -13.93379874  30.3       ],[25.12879701],[0.00472075]
106,[ 25.12509352 -13.00732763  29.475     ],[25.12630303],[ 25.12763945 -13.97790535  30.38333333],[25.12777007],[0.00459843]
107,[ 25.12630303 -13.12802108  29.55      ],[25.12716719],[ 25.12697507 -14.02071625  30.46666667],[25.12676025],[0.00452629]
108,[ 25.12716719 -13.2358165   29.625     ],[25.12781057],[ 25.12631453 -14.06233978  30.55      ],[25.12576788],[0.00449594]
109,[ 25.12781057 -13.33545512  29.7       ],[25.12830848],[ 25.12565856 -14.10281747  30.63333333],[25.12479223],[0.00449848]
110,[ 25.12830848 -13.42966741  29.775     ],[25.1287082],[ 25.12500765 -14.14220022  30.71666667],[25.12383148],[0.00452685]
111,[ 25.1287082 -13.5177327  29.85     ],[25.12972473],[ 25.12436185 -14.18052938  30.8       ],[25.12288266],[0.00457568]
112,[ 25.12972473 -13.63241744  29.925     ],[25.1300245],[ 25.12372093 -14.20104235  30.88333333],[25.12219081],[0.00446433]
113,[ 25.1300245 -13.7194999  30.       ],[25.12987695],[ 25.1231387  -14.21778899  30.96666667],[25.12163741],[0.00434094]
114,[ 25.12987695 -13.78691108  30.075     ],[25.1294743],[ 25.12265684 -14.23861126  31.05      ],[25.12115342],[0.00424937]
115,[ 25.1294743  -13.84240247  30.15      ],[25.12893009],[ 25.1222243  -14.26167577  31.13333333],[25.12069448],[0.00417934]
116,[ 25.12893009 -13.89052337  30.225     ],[25.12830617],[ 25.12180755 -14.28543194  31.21666667],[25.12023482],[0.00412794]
117,[ 25.12830617 -13.93379874  30.3       ],[25.12763945],[ 25.12138837 -14.30900942  31.3       ],[25.11975859],[0.00409574]
118,[ 25.12763945 -13.97790535  30.38333333],[25.12697507],[ 25.12095723 -14.32790855  31.375     ],[25.11928891],[0.00407955]
119,[ 25.12697507 -14.02071625  30.46666667],[25.12631453],[ 25.12048624 -14.34487669  31.45      ],[25.11878745],[0.0040726]
120,[ 25.12631453 -14.06233978  30.55      ],[25.12565856],[ 25.11998334 -14.36018447  31.525     ],[25.11825596],[0.00407329]
121,[ 25.12565856 -14.10281747  30.63333333],[25.12500765],[ 25.11945432 -14.37408605  31.6       ],[25.11769259],[0.00408227]
122,[ 25.12500765 -14.14220022  30.71666667],[25.12436185],[ 25.11890308 -14.38674977  31.675     ],[25.11709389],[0.00410061]
123,[ 25.12436185 -14.18052938  30.8       ],[25.12372093],[ 25.11833254 -14.3982992   31.75      ],[25.11645524],[0.00413031]
124,[ 25.12372093 -14.20104235  30.88333333],[25.1231387],[ 25.11774522 -14.40883933  31.825     ],[25.11577111],[0.00417473]
125,[ 25.1231387  -14.21778899  30.96666667],[25.12265684],[ 25.11701611 -14.41252526  31.9       ],[25.11503338],[0.00418294]
126,[ 25.12265684 -14.23861126  31.05      ],[25.1222243],[ 25.11619566 -14.41131185  31.975     ],[25.11425578],[0.00416748]
127,[ 25.1222243  -14.26167577  31.13333333],[25.12180755],[ 25.11531781 -14.40682579  32.05      ],[25.11343439],[0.00414272]
128,[ 25.12180755 -14.28543194  31.21666667],[25.12138837],[ 25.11440365 -14.40009635  32.125     ],[25.11256202],[0.00411869]
129,[ 25.12138837 -14.30900942  31.3       ],[25.12095723],[ 25.11346747 -14.39182672  32.2       ],[25.11163013],[0.00410345]
130,[ 25.12095723 -14.32790855  31.375     ],[25.12048624],[ 25.11252044 -14.36318621  32.23333333],[25.1112021],[0.00390248]
131,[ 25.12048624 -14.34487669  31.45      ],[25.11998334],[ 25.11145662 -14.32879486  32.26666667],[25.11073239],[0.00373881]
132,[ 25.11998334 -14.36018447  31.525     ],[25.11945432],[ 25.11033585 -14.29118808  32.3       ],[25.11021455],[0.00365646]
133,[ 25.11945432 -14.37408605  31.6       ],[25.11890308],[ 25.10920086 -14.25248266  32.33333333],[25.10964423],[0.00366186]
134,[ 25.11890308 -14.38674977  31.675     ],[25.11833254],[ 25.10808221 -14.21419594  32.36666667],[25.10902632],[0.00373354]
135,[ 25.11833254 -14.3982992   31.75      ],[25.11774522],[ 25.10700427 -14.17753022  32.4       ],[25.10837191],[0.00383894]
136,[ 25.11774522 -14.40883933  31.825     ],[25.11701611],[ 25.10598746 -14.1434911   32.43333333],[25.10769553],[0.00394629]
137,[ 25.11701611 -14.41252526  31.9       ],[25.11619566],[ 25.10510572 -14.11559312  32.46666667],[25.10703553],[0.00401143]
138,[ 25.11619566 -14.41131185  31.975     ],[25.11531781],[ 25.10437342 -14.09462879  32.5       ],[25.10640937],[0.00401674]
139,[ 25.11531781 -14.40682579  32.05      ],[25.11440365],[ 25.10377594 -14.07997933  32.53333333],[25.10581762],[0.00396625]
140,[ 25.11440365 -14.40009635  32.125     ],[25.11346747],[ 25.10328889 -14.07052877  32.56666667],[25.10525126],[0.00387282]
141,[ 25.11346747 -14.39182672  32.2       ],[25.11252044],[ 25.10289049 -14.06525326  32.6       ],[25.10469909],[0.00375208]
142,[ 25.11252044 -14.36318621  32.23333333],[25.11145662],[ 25.10256079 -14.05951555  32.625     ],[25.10426198],[0.00367343]
143,[ 25.11145662 -14.32879486  32.26666667],[25.11033585],[ 25.1022585  -14.05506652  32.65      ],[25.10382188],[0.00359024]
144,[ 25.11033585 -14.29118808  32.3       ],[25.10920086],[ 25.10197757 -14.0515529   32.675     ],[25.1033764],[0.00350805]
145,[ 25.10920086 -14.25248266  32.33333333],[25.10808221],[ 25.10171082 -14.04864479  32.7       ],[25.10292162],[0.00343127]
146,[ 25.10808221 -14.21419594  32.36666667],[25.10700427],[ 25.10145077 -14.04599114  32.725     ],[25.10245384],[0.00336465]
147,[ 25.10700427 -14.17753022  32.4       ],[25.10598746],[ 25.1011906  -14.04326819  32.75      ],[25.10197002],[0.00331116]
148,[ 25.10598746 -14.1434911   32.43333333],[25.10510572],[ 25.10092453 -14.0401993   32.775     ],[25.10146782],[0.00327331]
149,[ 25.10510572 -14.11559312  32.46666667],[25.10437342],[ 25.10064018 -14.03616887  32.8       ],[25.10094361],[0.00325229]
150,[ 25.10437342 -14.09462879  32.5       ],[25.10377594],[ 25.10033887 -14.03121559  32.825     ],[25.10039832],[0.00324816]
151,[ 25.10377594 -14.07997933  32.53333333],[25.10328889],[ 25.10002093 -14.02536538  32.85      ],[25.09983185],[0.00326027]
152,[ 25.10328889 -14.07052877  32.56666667],[25.10289049],[ 25.09968608 -14.01861128  32.875     ],[25.09924395],[0.00328855]
153,[ 25.10289049 -14.06525326  32.6       ],[25.10256079],[ 25.0993338 -14.0109348  32.9      ],[25.09863419],[0.00333278]
154,[ 25.10256079 -14.05951555  32.625     ],[25.1022585],[ 25.09896361 -14.00594639  32.93333333],[25.09780811],[0.00344276]
155,[ 25.1022585  -14.05506652  32.65      ],[25.10197757],[ 25.09859837 -14.00109636  32.96666667],[25.09694699],[0.00359862]
156,[ 25.10197757 -14.0515529   32.675     ],[25.10171082],[ 25.0982282  -13.99597512  33.        ],[25.09604577],[0.00379818]
157,[ 25.10171082 -14.04864479  32.7       ],[25.10145077],[ 25.09784695 -13.9902714   33.03333333],[25.09510233],[0.00403784]
158,[ 25.10145077 -14.04599114  32.725     ],[25.1011906],[ 25.0974513  -13.98381566  33.06666667],[25.09411537],[0.00431357]
159,[ 25.1011906  -14.04326819  32.75      ],[25.10092453],[ 25.09703958 -13.97652176  33.1       ],[25.09308396],[0.00462209]
160,[ 25.10092453 -14.0401993   32.775     ],[25.10064018],[ 25.09661106 -13.96835226  33.13333333],[25.09200727],[0.00496077]
161,[ 25.10064018 -14.03616887  32.8       ],[25.10033887],[ 25.09577252 -13.94108297  33.16666667],[25.09081041],[0.00519425]
162,[ 25.10033887 -14.03121559  32.825     ],[25.10002093],[ 25.09464917 -13.89966757  33.2       ],[25.08951999],[0.00537794]
163,[ 25.10002093 -14.02536538  32.85      ],[25.09968608],[ 25.09332218 -13.84815308  33.23333333],[25.08812197],[0.00556704]
164,[ 25.09968608 -14.01861128  32.875     ],[25.0993338],[ 25.09183734 -13.78883478  33.26666667],[25.08660005],[0.00580077]
165,[ 25.0993338 -14.0109348  32.9      ],[25.09896361],[ 25.09022035 -13.7229901   33.3       ],[25.08493948],[0.00610666]
166,[ 25.09896361 -14.00594639  32.93333333],[25.09859837],[ 25.08848564 -13.62380143  33.26666667],[25.08524025],[0.00538342]
167,[ 25.09859837 -14.00109636  32.96666667],[25.0982282],[ 25.08645546 -13.51083871  33.23333333],[25.08493588],[0.00491895]
168,[ 25.0982282  -13.99597512  33.        ],[25.09784695],[ 25.08421025 -13.38760921  33.2       ],[25.08402156],[0.00472274]
169,[ 25.09784695 -13.9902714   33.03333333],[25.0974513],[ 25.08180063 -13.25676911  33.16666667],[25.08252106],[0.00472818]
170,[ 25.0974513  -13.98381566  33.06666667],[25.09703958],[ 25.07925488 -13.11983172  33.13333333],[25.08047882],[0.00483736]
171,[ 25.09703958 -13.97652176  33.1       ],[25.09661106],[ 25.07761774 -13.02509401  33.1       ],[25.07908003],[0.00489257]
172,[ 25.09661106 -13.96835226  33.13333333],[25.09577252],[ 25.07548859 -12.90999691  33.06666667],[25.07692928],[0.00498873]
173,[ 25.09577252 -13.94108297  33.16666667],[25.09464917],[ 25.07335091 -12.79370831  33.03333333],[25.07457173],[0.00506213]
174,[ 25.09464917 -13.89966757  33.2       ],[25.09332218],[ 25.07120162 -12.67720825  33.        ],[25.07204305],[0.0051039]
175,[ 25.09332218 -13.84815308  33.23333333],[25.09183734],[ 25.0690302  -12.56006159  32.96666667],[25.06936901],[0.00511347]
176,[ 25.09183734 -13.78883478  33.26666667],[25.09022035],[ 25.06683024 -12.443069    32.93333333],[25.06657861],[0.00509521]
177,[ 25.09022035 -13.7229901   33.3       ],[25.08848564],[ 25.06458295 -12.32420892  32.9       ],[25.06368176],[0.00505418]
178,[ 25.08848564 -13.62380143  33.26666667],[25.08645546],[ 25.06229154 -12.20664322  32.875     ],[25.06077984],[0.00496703]
179,[ 25.08645546 -13.51083871  33.23333333],[25.08421025],[ 25.05998092 -12.08860014  32.85      ],[25.05788723],[0.00487042]
180,[ 25.08421025 -13.38760921  33.2       ],[25.08180063],[ 25.05764173 -11.96978201  32.825     ],[25.05501441],[0.00477328]
181,[ 25.08180063 -13.25676911  33.16666667],[25.07925488],[ 25.05526724 -11.84991331  32.8       ],[25.05217288],[0.00468429]
182,[ 25.07925488 -13.11983172  33.13333333],[25.07761774],[ 25.05285326 -11.72882396  32.775     ],[25.04937485],[0.00461075]
183,[ 25.07761774 -13.02509401  33.1       ],[25.07548859],[ 25.05039723 -11.60641462  32.75      ],[25.04663161],[0.00455838]
184,[ 25.07548859 -12.90999691  33.06666667],[25.07335091],[ 25.0478977  -11.48263162  32.725     ],[25.04395241],[0.00453077]
185,[ 25.07335091 -12.79370831  33.03333333],[25.07120162],[ 25.0457404  -11.37436682  32.7       ],[25.04169322],[0.00454379]
186,[ 25.07120162 -12.67720825  33.        ],[25.0690302],[ 25.04265236 -11.26842898  32.675     ],[25.03844105],[0.00451046]
187,[ 25.0690302  -12.56006159  32.96666667],[25.06683024],[ 25.03958978 -11.14360952  32.65      ],[25.03543607],[0.00457068]
188,[ 25.06683024 -12.443069    32.93333333],[25.06458295],[ 25.03680644 -11.00499473  32.625     ],[25.03296201],[0.00464847]
189,[ 25.06458295 -12.32420892  32.9       ],[25.06229154],[ 25.03454889 -10.890128    32.6       ],[25.03099171],[0.00473494]
190,[ 25.06229154 -12.20664322  32.875     ],[25.05998092],[ 25.03263473 -10.79035939  32.56666667],[25.02923225],[0.00481008]
191,[ 25.05998092 -12.08860014  32.85      ],[25.05764173],[ 25.03090611 -10.69956173  32.53333333],[25.02764414],[0.00488157]
192,[ 25.05764173 -11.96978201  32.825     ],[25.05526724],[ 25.02930719 -10.61490623  32.5       ],[25.02617593],[0.0049516]
193,[ 25.05526724 -11.84991331  32.8       ],[25.05285326],[ 25.02780628 -10.53491345  32.46666667],[25.02479647],[0.00502082]
194,[ 25.05285326 -11.72882396  32.775     ],[25.05039723],[ 25.026384   -10.45864096  32.43333333],[25.02348618],[0.00508992]
195,[ 25.05039723 -11.60641462  32.75      ],[25.0478977],[ 25.02380271 -10.3279072   32.4       ],[25.02139033],[0.00511884]
196,[ 25.0478977  -11.48263162  32.725     ],[25.0457404],[ 25.02176252 -10.22263025  32.36666667],[25.01965301],[0.00514615]
197,[ 25.0457404  -11.37436682  32.7       ],[25.04265236],[ 25.01918086 -10.09306254  32.33333333],[25.01747001],[0.00518531]
198,[ 25.04265236 -11.26842898  32.675     ],[25.03958978],[25.01629894 -9.94936559 32.3       ],[25.01493358],[0.00532773]
199,[ 25.03958978 -11.14360952  32.65      ],[25.03680644],[25.01326291 -9.79885765 32.26666667],[25.01204427],[0.00570136]
200,[ 25.03680644 -11.00499473  32.625     ],[25.03454889],[25.01015478 -9.6448792  32.23333333],[25.0087581],[0.00643332]
201,[ 25.03454889 -10.890128    32.6       ],[25.03263473],[25.00703044 -9.49072248 32.2       ],[25.00501709],[0.00759457]
202,[ 25.03263473 -10.79035939  32.56666667],[25.03090611],[25.00391482 -9.09055177 32.03333333],[24.99790943],[0.00985616]
203,[ 25.03090611 -10.69956173  32.53333333],[25.02930719],[25.00170733 -9.03724759 31.86666667],[24.9954409],[0.00814831]
204,[ 25.02930719 -10.61490623  32.5       ],[25.02780628],[24.99815263 -9.00058092 31.7       ],[24.99161709],[0.0072052]
205,[ 25.02780628 -10.53491345  32.46666667],[25.026384],[24.99314369 -8.96391426 31.53333333],[24.98612495],[0.00690096]
206,[ 25.026384   -10.45864096  32.43333333],[25.02380271],[24.9864854  -8.92724759 31.36666667],[24.97883513],[0.00676751]
207,[ 25.02380271 -10.3279072   32.4       ],[25.02176252],[24.97848851 -8.89058093 31.2       ],[24.97010829],[0.0066354]
208,[ 25.02176252 -10.22263025  32.36666667],[25.01918086],[24.96851724 -8.85391426 31.03333333],[24.95932499],[0.00632134]
209,[ 25.01918086 -10.09306254  32.33333333],[25.01629894],[24.95791991 -8.8172476  30.86666667],[24.94788951],[0.00610966]
210,[25.01629894 -9.94936559 32.3       ],[25.01326291],[24.94670606 -8.78058092 30.7       ],[24.93584508],[0.00597754]
211,[25.01326291 -9.79885765 32.26666667],[25.01015478],[24.93488507 -8.74391425 30.53333333],[24.92322524],[0.00591132]
212,[25.01015478 -9.6448792  32.23333333],[25.00703044],[24.92246616 -8.70724759 30.36666667],[24.91005445],[0.00590059]
213,[25.00703044 -9.49072248 32.2       ],[25.00391482],[24.90945842 -8.67058092 30.2       ],[24.8963488],[0.00593449]
214,[25.00391482 -9.09055177 32.03333333],[25.00170733],[24.89587077 -8.63208092 30.025     ],[24.88215377],[0.00595828]
215,[25.00170733 -9.03724759 31.86666667],[24.99815263],[24.88168878 -8.59358093 29.85      ],[24.86743329],[0.00597683]
216,[24.99815263 -9.00058092 31.7       ],[24.99314369],[24.8669214  -8.55508092 29.675     ],[24.85218075],[0.00598296]
217,[24.99314369 -8.96391426 31.53333333],[24.9864854],[24.85157753 -8.51658092 29.5       ],[24.83638306],[0.00597125]
218,[24.9864854  -8.92724759 31.36666667],[24.97848851],[24.83566606 -8.47808093 29.325     ],[24.82002167],[0.0059422]
219,[24.97848851 -8.89058093 31.2       ],[24.96851724],[24.81919614 -8.43958092 29.15      ],[24.80307397],[0.00590892]
220,[24.96851724 -8.85391426 31.03333333],[24.95791991],[24.80217801 -8.40108092 28.975     ],[24.78551526],[0.00590506]
221,[24.95791991 -8.8172476  30.86666667],[24.94670606],[24.78490719 -8.36258093 28.8       ],[24.7676515],[0.00597958]
222,[24.94670606 -8.78058092 30.7       ],[24.93488507],[24.76738617 -8.32408092 28.625     ],[24.74945297],[0.00623349]
223,[24.93488507 -8.74391425 30.53333333],[24.92246616],[24.74961745 -8.28558092 28.45      ],[24.73088893],[0.00677935]
224,[24.92246616 -8.70724759 30.36666667],[24.90945842],[24.73160345 -8.24708093 28.275     ],[24.71192845],[0.00770687]
225,[24.90945842 -8.67058092 30.2       ],[24.89587077],[24.7133466  -8.20858092 28.1       ],[24.69254139],[0.00905989]
226,[24.89587077 -8.63208092 30.025     ],[24.88168878],[24.69484926 -8.17191426 27.93333333],[24.67258379],[0.01078246]
227,[24.88168878 -8.59358093 29.85      ],[24.8669214],[24.67613702 -8.13524759 27.76666667],[24.65217837],[0.01289641]
228,[24.8669214  -8.55508092 29.675     ],[24.85157753],[24.65721188 -8.09858093 27.6       ],[24.63130486],[0.01538802]
229,[24.85157753 -8.51658092 29.5       ],[24.83566606],[24.63807583 -8.06191426 27.43333333],[24.60994556],[0.018243]
230,[24.83566606 -8.47808093 29.325     ],[24.81919614],[24.61873082 -8.0252476  27.26666667],[24.58808548],[0.0214482]
231,[24.81919614 -8.43958092 29.15      ],[24.80217801],[24.59917879 -7.98858092 27.1       ],[24.56571257],[0.02499165]
232,[24.80217801 -8.40108092 28.975     ],[24.78490719],[24.57942164 -7.95191425 26.93333333],[24.54281767],[0.02886192]
233,[24.78490719 -8.36258093 28.8       ],[24.76738617],[24.55946125 -7.91524759 26.76666667],[24.5193945],[0.03304728]
234,[24.76738617 -8.32408092 28.625     ],[24.74961745],[24.53929948 -7.87858092 26.6       ],[24.49543941],[0.03753531]
235,[24.74961745 -8.28558092 28.45      ],[24.73160345],[24.51893816 -7.84191426 26.43333333],[24.47095105],[0.04231246]
236,[24.73160345 -8.24708093 28.275     ],[24.7133466],[24.49837911 -7.80524759 26.26666667],[24.44592999],[0.04736382]
237,[24.7133466  -8.20858092 28.1       ],[24.69484926],[24.47762409 -7.76858093 26.1       ],[24.42037806],[0.05267306]
238,[24.69484926 -8.17191426 27.93333333],[24.67613702],[24.45667489 -7.75574759 26.04166667],[24.39347218],[0.05728778]
