,x_train,y_train,x_test,y_pred,y_std
0,[ 0.20855999  0.440442   -0.53437926],[0.31200573],[-3.14159265 -9.42477796 -1.        ],[9.23368487],[0.71424431]
1,[-2.86154243  9.38922929  0.19706413],[8.14045848],[-3.07812614 -9.23437841 -0.97979798],[8.9586984],[0.62421416]
2,[-1.71795242  5.24675186 -0.97644898],[2.82335465],[-3.01465962 -9.04397885 -0.95959596],[8.67690628],[0.54536565]
3,[-2.05006616  8.6656787  -0.70435641],[3.98650164],[-2.9511931  -8.8535793  -0.93939394],[8.38940659],[0.47665335]
4,[ 1.11527007 -5.10311028 -0.07009227],[1.19578259],[-2.88772658 -8.66317974 -0.91919192],[8.09728964],[0.41705031]
5,[-2.31305389  8.85908291  0.73113991],[5.40821615],[-2.82426006 -8.47278019 -0.8989899 ],[7.80163055],[0.36556146]
6,[ 0.67407063 -8.2520461  -0.61969187],[0.42654265],[-2.76079354 -8.28238063 -0.87878788],[7.50348216],[0.32123697]
7,[-1.14966958 -0.3456071  -0.20633016],[1.31592088],[-2.69732703 -8.09198108 -0.85858586],[7.20386847],[0.28318632]
8,[ 0.93781658  5.01316004 -0.91915275],[0.79665107],[-2.63386051 -7.90158152 -0.83838384],[6.9037785],[0.25059067]
9,[2.02814721 4.93958913 0.73882449],[4.3776843],[-2.57039399 -7.71118197 -0.81818182],[6.60416079],[0.22271301]
10,[ 1.56480032 -8.1727688  -0.73889169],[2.69814472],[-2.50692747 -7.52078241 -0.7979798 ],[6.30591854],[0.19890248]
11,[ 2.6768231  -3.5416846   0.80788665],[7.18079326],[-2.44346095 -7.33038286 -0.77777778],[6.00990538],[0.17859717]
12,[ 1.41644447 -0.15338976  0.19691753],[1.93713517],[-2.37999443 -7.1399833  -0.75757576],[5.71692185],[0.16131636]
13,[ 0.40133806 -1.38066979  0.05972381],[0.148494],[-2.31652792 -6.94958375 -0.73737374],[5.42771266],[0.14665185]
14,[ 0.55211907  2.08969127 -0.36080593],[0.3801012],[-2.2530614  -6.75918419 -0.71717172],[5.14296463],[0.13425493]
15,[-0.45542529 -8.09737637 -0.57451904],[0.1678538],[-2.18959488 -6.56878464 -0.6969697 ],[4.86330541],[0.12382035]
16,[0.26839745 2.60533873 0.98684447],[0.17026273],[-2.12612836 -6.37838508 -0.67676768],[4.58930291],[0.11507468]
17,[ 0.65750747 -8.55122887 -0.45657074],[0.35140185],[-2.06266184 -6.18798553 -0.65656566],[4.32146542],[0.10776505]
18,[ 3.07375758 -3.44281041 -0.18815116],[9.42166564],[-1.99919533 -5.99758598 -0.63636364],[4.06024247],[0.10165573]
19,[ 0.20178455 -2.38455085 -0.49033802],[-0.00289422],[-1.93572881 -5.80718642 -0.61616162],[3.8060263],[0.09652699]
20,[2.42282853 3.54905907 0.77384302],[6.01050837],[-1.87226229 -5.61678687 -0.5959596 ],[3.55915388],[0.09217956]
21,[ 1.56337027 -1.80189408  0.21846277],[2.39771418],[-1.80879577 -5.42638731 -0.57575758],[3.31990953],[0.08843841]
22,[-0.89336786 -2.18654856 -0.37343474],[0.82331619],[-1.74532925 -5.23598776 -0.55555556],[3.08852799],[0.08515881]
23,[-1.97512694  7.54481969 -0.23340602],[3.97511405],[-1.68186273 -5.0455882  -0.53535354],[2.86519788],[0.08222517]
24,[1.06440025 4.86459533 0.19749817],[1.19475903],[-1.61839622 -4.85518865 -0.51515152],[2.6500655],[0.07955319]
25,[-0.63050538 -5.16472164 -0.18424506],[0.4324734],[-1.5549297  -4.66478909 -0.49494949],[2.44323892],[0.07708795]
26,[-1.47099061  3.64648783  0.5835813 ],[2.13427788],[-1.49146318 -4.47438954 -0.47474747],[2.24479219],[0.07480156]
27,[-0.92510777 -7.63375023 -0.81058433],[0.93264678],[-1.42799666 -4.28398998 -0.45454545],[2.05476972],[0.07267836]
28,[ 7.69954394e-01 -9.26422903e+00  1.40414747e-03],[0.47006277],[-1.36453014 -4.09359043 -0.43434343],[1.87319064],[0.0707201]
29,[ 1.76650163 -6.4622102  -0.34158683],[3.09042359],[-1.30106362 -3.90319087 -0.41414141],[1.70005312],[0.06893706]
30,[-0.26453018 -0.95261783  0.62362524],[0.03063973],[-1.23759711 -3.71279132 -0.39393939],[1.53533863],[0.06733605]
31,[-2.38598749  5.11610378 -0.26634967],[5.72051377],[-1.17413059 -3.52239176 -0.37373737],[1.37901593],[0.06592391]
32,[-0.34637368 -4.23720815  0.59209401],[0.13248545],[-1.11066407 -3.33199221 -0.35353535],[1.2310449],[0.06470109]
33,[ 3.13696015 -5.11561156 -0.29405124],[9.91196612],[-1.04719755 -3.14159265 -0.33333333],[1.09138007],[0.06366073]
34,[ 1.42123024 -8.04643457 -0.30865727],[2.0526953],[-0.98373103 -2.9511931  -0.31313131],[0.95997373],[0.06278855]
35,[ 2.45439781 -8.76231707  0.53314803],[6.13591012],[-0.92026451 -2.76079354 -0.29292929],[0.83677885],[0.06206595]
36,[1.39042263 1.98467072 0.35965986],[2.00494653],[-0.856798   -2.57039399 -0.27272727],[0.72175138],[0.06147143]
37,[-3.08229364  6.49068069 -0.65691108],[9.46240269],[-0.79333148 -2.37999443 -0.25252525],[0.61485233],[0.06098178]
38,[-3.03919015 -5.48102469 -0.87216394],[9.21895121],[-0.72986496 -2.18959488 -0.23232323],[0.51604933],[0.0605783]
39,[0.91068732 4.70335243 0.96714329],[0.68429359],[-0.66639844 -1.99919533 -0.21212121],[0.42531775],[0.060247]
40,[ 2.16774951  5.26648269 -0.2091311 ],[4.61442535],[-0.60293192 -1.80879577 -0.19191919],[0.3426415],[0.05997695]
41,[-0.05948908  5.06385287  0.32454107],[0.00585693],[-0.53946541 -1.61839622 -0.17171717],[0.26801332],[0.05976696]
42,[ 0.81871477 -9.21349712 -0.21351005],[0.75308354],[-0.47599889 -1.42799666 -0.15151515],[0.2014348],[0.05961491]
43,[-0.64573483  3.61844286  0.61725373],[0.48883559],[-0.41253237 -1.23759711 -0.13131313],[0.14291598],[0.05953292]
44,[-0.40957525  4.78873229  0.26384098],[0.35021713],[-0.34906585 -1.04719755 -0.11111111],[0.09247469],[0.0595244]
45,[ 1.12747304 -6.85020651 -0.35935536],[1.32647019],[-0.28559933 -0.856798   -0.09090909],[0.05013563],[0.0596001]
46,[-1.44160989 -8.6727592  -0.38169147],[2.0455493],[-0.22213281 -0.66639844 -0.07070707],[0.01592923],[0.05976575]
47,[ 2.7892843  -2.64525273 -0.05327079],[7.7272281],[-0.1586663  -0.47599889 -0.05050505],[-0.01010967],[0.0600241]
48,[ 0.12228892  0.09340465 -0.05474246],[0.06225983],[-0.09519978 -0.28559933 -0.03030303],[-0.02794323],[0.06037369]
49,[ 0.90699575 -3.25470113 -0.3955895 ],[0.81418868],[-0.03173326 -0.09519978 -0.01010101],[-0.03753208],[0.06080278]
50,[ 3.125553    8.10617928 -0.58192937],[9.81522569],[0.03173326 0.09519978 0.01010101],[-0.03883685],[0.06129814]
51,[-2.56706165 -7.61605754 -0.45574028],[6.60237428],[0.09519978 0.28559933 0.03030303],[-0.03181957],[0.06183926]
52,[ 1.25920628  0.40050559 -0.80240289],[1.62723471],[0.1586663  0.47599889 0.05050505],[-0.0164451],[0.06240037]
53,[2.56556276 1.05589862 0.28563635],[6.57332701],[0.22213281 0.66639844 0.07070707],[0.00731764],[0.06295197]
54,[-2.02543772 -5.05288205  0.26971179],[4.15653688],[0.28559933 0.856798   0.09090909],[0.03949459],[0.06346642]
55,[ 1.19114801 -2.02746308  0.54769107],[1.4342136],[0.34906585 1.04719755 0.11111111],[0.08010557],[0.06391266]
56,[2.84889032 8.88992901 0.40998396],[8.25880772],[0.41253237 1.23759711 0.13131313],[0.12916366],[0.06426544]
57,[-1.60280804 -5.84591332  0.3873888 ],[2.62977752],[0.47599889 1.42799666 0.15151515],[0.18667464],[0.06450146]
58,[-1.60727222 -9.17324796  0.64281677],[2.69725869],[0.53946541 1.61839622 0.17171717],[0.2526368],[0.06460488]
59,[2.5321434  2.15963431 0.07027778],[6.56540021],[0.60293192 1.80879577 0.19191919],[0.32704087],[0.06456464]
60,[ 0.69308518 -8.79864382  0.36288295],[0.47883467],[0.66639844 1.99919533 0.21212121],[0.40987028],[0.06437972]
61,[-0.76105639  8.18024949 -0.55420455],[0.77938738],[0.72986496 2.18959488 0.23232323],[0.50110153],[0.06405771]
62,[-0.34910938  8.66920171  0.35464598],[0.19430561],[0.79333148 2.37999443 0.25252525],[0.60070482],[0.06361667]
63,[ 2.34202951 -0.95620729  0.11824114],[5.65800757],[0.856798   2.57039399 0.27272727],[0.70864484],[0.06308659]
64,[1.5757596  6.02632051 0.61149752],[2.57980245],[0.92026451 2.76079354 0.29292929],[0.82488161],[0.0625038]
65,[-0.41144272  0.26370211 -0.62051528],[0.08036024],[0.98373103 2.9511931  0.31313131],[0.94937156],[0.06191601]
66,[ 0.4822514  -5.56088072 -0.6001841 ],[0.12476272],[1.04719755 3.14159265 0.33333333],[1.08206851],[0.06137965]
67,[ 1.98626871 -4.01679878  0.42086582],[4.05898234],[1.11066407 3.33199221 0.35353535],[1.22292471],[0.06095152]
68,[ 2.52935917 -2.36230662  0.43544257],[6.39573408],[1.17413059 3.52239176 0.37373737],[1.3718919],[0.06069273]
69,[-2.89166487  8.30108232 -0.74456515],[8.48197282],[1.23759711 3.71279132 0.39393939],[1.52892217],[0.06065334]
70,[0.86572569 3.02076238 0.81854393],[0.71385228],[1.30106362 3.90319087 0.41414141],[1.69396878],[0.06088108]
71,[ 2.14465844 -0.32163157 -0.81054522],[4.64017948],[1.36453014 4.09359043 0.43434343],[1.86698675],[0.06140759]
72,[0.93934271 4.33682964 0.27573825],[0.65706265],[1.42799666 4.28398998 0.45454545],[2.04793321],[0.06224834]
73,[-0.15902509 -8.1857566   0.8303296 ],[0.09508166],[1.49146318 4.47438954 0.47474747],[2.23676758],[0.06340385]
74,[-0.3317853  -9.27352088  0.21705094],[0.10298139],[1.5549297  4.66478909 0.49494949],[2.43345131],[0.06486555]
75,[-0.17650173  3.25346076 -0.86924039],[0.18203526],[1.61839622 4.85518865 0.51515152],[2.63794747],[0.06661766]
76,[-1.04646609 -5.31248001 -0.78336478],[1.16605201],[1.68186273 5.0455882  0.53535354],[2.85021987],[0.06864812]
77,[0.61452923 2.34677282 0.02354302],[0.35217179],[1.74532925 5.23598776 0.55555556],[3.07023187],[0.07095485]
78,[-1.97361382  6.7620836   0.6978583 ],[3.96192423],[1.80879577 5.42638731 0.57575758],[3.29794485],[0.07355318]
79,[-0.74017558  0.39561771 -0.35107379],[0.60781088],[1.87226229 5.61678687 0.5959596 ],[3.53331628],[0.07648142]
80,[-2.09912663  7.39770126 -0.92631381],[4.30833965],[1.93572881 5.80718642 0.61616162],[3.7762975],[0.07980645]
81,[-0.32009743  8.48095995  0.38678723],[0.02165953],[1.99919533 5.99758598 0.63636364],[4.02683115],[0.08362358]
82,[-2.76503055  1.83471552  0.27560461],[7.59759284],[2.06266184 6.18798553 0.65656566],[4.28484827],[0.08805624]
83,[-1.09732728  2.88128887  0.48405282],[1.35513453],[2.12612836 6.37838508 0.67676768],[4.55026519],[0.09325152]
84,[ 2.62178959 -8.475507   -0.35883094],[6.88930128],[2.18959488 6.56878464 0.6969697 ],[4.82298019],[0.09937359]
85,[-3.01119207  4.55427089 -0.80524521],[9.11575883],[2.2530614  6.75918419 0.71717172],[5.10286997],[0.10660126]
86,[-0.74754268 -0.44559783  0.90189295],[0.45188998],[2.31652792 6.94958375 0.73737374],[5.38978605],[0.11512372]
87,[-1.57021359  1.38044637  0.95677935],[2.41610959],[2.37999443 7.1399833  0.75757576],[5.68355106],[0.12514424]
88,[-2.06651894  2.89180264 -0.25671743],[4.27996957],[2.44346095 7.33038286 0.77777778],[5.98395508],[0.1368854]
89,[-2.43688924  8.59111086 -0.41919674],[5.89515909],[2.50692747 7.52078241 0.7979798 ],[6.29075211],[0.15060249]
90,[ 2.79548665 -2.59335961 -0.84311296],[7.94441202],[2.57039399 7.71118197 0.81818182],[6.60365655],[0.16660014]
91,[-0.18875996  8.74288663 -0.09142139],[-0.08627197],[2.63386051 7.90158152 0.83838384],[6.92234004],[0.1852491]
92,[ 0.92700921 -2.14148225  0.94937715],[1.08310273],[2.69732703 8.09198108 0.85858586],[7.24642855],[0.20700127]
93,[ 1.62730042 -2.5911976  -0.80773573],[2.81635783],[2.76079354 8.28238063 0.87878788],[7.57549973],[0.2324028]
94,[-0.76952651 -6.90413589 -0.9633316 ],[0.64606822],[2.82426006 8.47278019 0.8989899 ],[7.90908082],[0.2620995]
95,[-2.90551233  6.22880105 -0.2362461 ],[8.5882873],[2.88772658 8.66317974 0.91919192],[8.24664693],[0.29683639]
96,[-1.20015965 -7.4510619   0.22435205],[1.41256954],[2.9511931  8.8535793  0.93939394],[8.5876199],[0.33745068]
97,[ 0.80978893  6.6542465  -0.08808571],[0.58016272],[3.01465962 9.04397885 0.95959596],[8.93136767],[0.38485872]
98,[ 2.02867761  5.10216844 -0.11988047],[4.29088345],[3.07812614 9.23437841 0.97979798],[9.27720435],[0.44004103]
99,[1.83584117 6.65748068 0.11405865],[3.27054651],[3.14159265 9.42477796 1.        ],[9.62439085],[0.50402516]
100,[ 1.79781152 -4.33066194 -0.14460536],[3.19681111],,,
101,[-1.07803467 -6.5959839   0.63658605],[1.26351639],,,
102,[ 0.74436653  8.64887501 -0.79101658],[0.62806868],,,
103,[-0.85984613 -0.90630823  0.74233372],[0.77451057],,,
104,[-1.01253127  7.46765463 -0.14755893],[0.93672152],,,
105,[-0.27931027 -1.10425133  0.44167319],[0.0334129],,,
106,[-2.96038687  8.69245791  0.71071268],[8.71541128],,,
107,[2.38142502 9.42100245 0.2710115 ],[5.63800103],,,
108,[ 1.31856751  1.91589551 -0.12242485],[1.70928434],,,
109,[ 0.50387036 -6.30528412 -0.08283142],[0.39790713],,,
110,[ 1.7470879   9.06660695 -0.15765921],[3.01175564],,,
111,[ 0.66012816 -2.87862075 -0.46365902],[0.39936434],,,
112,[-3.12542035 -2.18824838  0.55548057],[9.58145616],,,
113,[2.07521228 6.9455846  0.40853198],[4.3263761],,,
114,[-0.0715819  -2.04913929  0.83160826],[-0.10244928],,,
115,[-2.50369412  7.73715927  0.77577077],[6.27157581],,,
116,[ 3.12683468 -0.72615585  0.23481848],[10.0225446],,,
117,[2.22191118 3.70859056 0.38760968],[4.82739857],,,
118,[-2.23379293  6.71667995  0.11742131],[5.00767264],,,
119,[0.43480057 8.66518909 0.16228754],[0.01067942],,,
120,[ 1.39761224  7.03240879 -0.01830242],[2.06195426],,,
121,[-2.91320383 -4.23573693 -0.88726005],[8.37827718],,,
122,[2.25575067 3.89149952 0.08622297],[5.02422438],,,
123,[1.26694881 6.48516463 0.68628862],[1.49034331],,,
124,[1.72633589 2.27947354 0.84261823],[2.94355854],,,
125,[-1.41809258  1.06544336 -0.18442802],[2.01254839],,,
126,[-0.90072995 -6.4440401  -0.79729444],[0.68473308],,,
127,[-0.84707111 -8.22299262 -0.11909904],[0.73789434],,,
128,[-2.05137741 -1.67463842  0.81505499],[4.18332237],,,
129,[-2.60134552  5.04221101 -0.402117  ],[6.75606],,,
130,[-0.58809924  7.71263262  0.50133903],[0.19569836],,,
131,[-1.95190058 -2.47436804  0.95172671],[3.82395638],,,
132,[-0.51972978  7.50240542 -0.86837661],[0.25467092],,,
133,[ 1.43139686 -5.61663571  0.57978354],[2.09385202],,,
134,[ 2.93932392 -8.48172088  0.3439204 ],[8.69791687],,,
135,[-0.88271501  8.15017681  0.26933871],[0.55552769],,,
136,[-1.99502022 -3.7787757   0.94521626],[4.07727524],,,
137,[-0.76391553  1.66014465 -0.9612299 ],[0.70701295],,,
138,[ 1.02989332 -7.54123536 -0.5086874 ],[1.106106],,,
139,[-2.76574425  6.73928766  0.24409733],[7.72458317],,,
140,[ 3.12599884 -7.90462909  0.81073375],[9.8378064],,,
141,[-1.59040121 -9.19821154  0.51503994],[2.47050763],,,
142,[-1.47763036  4.62675077 -0.40733835],[2.32631015],,,
143,[-2.00098506  1.03707752  0.29587303],[3.91232329],,,
144,[ 2.30785914  3.06484334 -0.38003167],[5.21194176],,,
145,[-1.62952529 -7.46537375  0.5198081 ],[2.65285325],,,
146,[-1.23047402 -7.01434348 -0.14124894],[1.51077803],,,
147,[ 2.1983356  -0.21569249 -0.64812325],[4.75097625],,,
148,[-1.23844391 -3.05365463 -0.96667592],[1.47618767],,,
149,[-1.13215425 -4.51358145 -0.36484689],[1.45440477],,,
150,[ 0.32279212  7.90123356 -0.65382774],[0.28291621],,,
151,[ 0.59146655 -7.76337898 -0.90154587],[0.44966067],,,
152,[-1.16839489 -3.49797561 -0.21285257],[1.45394293],,,
153,[ 1.01809506  3.36251679 -0.37850065],[0.93592224],,,
154,[-0.08971416  4.92214046 -0.16293589],[0.04035044],,,
155,[-0.21714904 -9.35487255  0.55372895],[-0.09689454],,,
156,[-1.9960955   8.43708057 -0.89276578],[3.89671048],,,
157,[-1.56821898  6.44824637 -0.71582076],[2.4127336],,,
158,[ 3.04757319 -5.51722302 -0.54277714],[9.18202376],,,
159,[ 0.31189121 -1.64673075  0.60860793],[0.15041452],,,
160,[-1.99082538 -6.44487167  0.58005202],[3.90196563],,,
161,[2.21693133 4.83077396 0.06472001],[4.86244872],,,
162,[ 1.63534751  7.33391069 -0.64160797],[2.79479203],,,
163,[-2.31616563  5.89024408  0.68086112],[5.29721087],,,
164,[ 0.5406553   2.32596485 -0.30515042],[0.222975],,,
165,[2.25349118 8.04219008 0.43260771],[5.22165536],,,
166,[ 1.69111583 -5.2139326   0.98382156],[2.89468219],,,
167,[ 0.73652293 -4.4133628  -0.87576108],[0.60721706],,,
168,[ 2.52409111 -2.76805141 -0.61946378],[6.44989167],,,
169,[ 0.32651556 -7.72111313 -0.19456524],[0.11169575],,,
170,[ 2.82869984 -1.80582004  0.75514831],[8.07527392],,,
171,[2.20397499 2.98929375 0.30392251],[4.90539415],,,
172,[-2.26902573  2.08388954  0.02091847],[5.22354418],,,
173,[-0.97720455 -1.82174077  0.36793548],[1.00685437],,,
174,[ 2.96961342  0.42854638 -0.86930066],[8.8618842],,,
175,[-1.45509824 -8.37260912 -0.37333616],[2.22374823],,,
176,[-3.11122583 -2.31763104  0.2995316 ],[9.58413796],,,
177,[1.18473438 3.55178662 0.05534871],[1.62594279],,,
178,[-0.57300586  0.34926952  0.77622757],[0.32601657],,,
179,[ 1.72356856 -5.87887453 -0.62416264],[3.08311036],,,
180,[-1.23742497 -4.57796189  0.8313328 ],[1.67467823],,,
181,[-3.05195735  8.54024738  0.49816901],[9.37368603],,,
182,[-0.26937929 -0.56915167  0.93564667],[-0.00974404],,,
183,[-1.72501092e+00 -4.64095884e+00  1.44130311e-03],[2.98276471],,,
184,[-0.86765313  0.39375837 -0.5722393 ],[0.57088362],,,
185,[-2.69994683 -1.98065305 -0.10248335],[7.38406118],,,
186,[ 0.77764905 -8.6517943   0.48847102],[0.43253197],,,
187,[1.49585684 0.23431322 0.59724304],[2.15391784],,,
188,[-3.13975042  3.01742501  0.81888933],[9.77029678],,,
189,[-2.45652203 -4.27777052 -0.37593174],[5.89362486],,,
190,[1.85073942 3.3190708  0.456481  ],[3.33578869],,,
191,[-1.24446777  4.32389766  0.49793309],[1.39658489],,,
192,[ 0.98718205 -1.7391972  -0.87371572],[0.98805557],,,
193,[-1.02837596 -5.67011338  0.81657038],[0.89499765],,,
194,[-1.09431396  6.89575688 -0.54159725],[1.13681681],,,
195,[ 0.7752862  -4.12775305 -0.3600023 ],[0.5417564],,,
196,[-0.21709452  0.20292778  0.44505494],[0.02336726],,,
197,[-3.11204506  6.53972297  0.41700078],[9.65071547],,,
198,[ 2.89518074  4.06463067 -0.71158459],[8.54595545],,,
199,[ 1.29445944e+00 -4.26734235e+00  1.78499950e-03],[1.8816206],,,
200,[1.41308226 3.36094352 0.98734838],[1.85782009],,,
201,[ 0.45314228 -1.71110301 -0.60371022],[0.23634908],,,
202,[-2.34420879  1.01019244  0.15010731],[5.35807906],,,
203,[ 3.05950111  2.9610977  -0.82790242],[9.31430395],,,
204,[ 3.11596588  9.00187269 -0.33454787],[9.70962568],,,
205,[-1.03724379 -6.96223528  0.62014468],[1.16336425],,,
206,[1.69372849 4.01287607 0.1019079 ],[2.86131034],,,
207,[ 2.5847256  -5.18738053  0.50565278],[6.74565374],,,
208,[ 2.53074557 -7.39751073  0.37020467],[6.32687556],,,
209,[ 1.91933515 -8.4497575   0.63917138],[3.69713548],,,
210,[ 0.3821167  -7.60292705  0.94495739],[0.13248229],,,
211,[1.01579732 5.30065219 0.19652018],[0.90700941],,,
212,[-0.62280087 -8.59361396 -0.64140545],[0.47163867],,,
213,[-0.24730508  9.06990261  0.59880044],[-0.01288002],,,
214,[-1.17652765 -1.48591584 -0.23182809],[1.28136082],,,
215,[-1.45769847 -2.99462206 -0.5793011 ],[1.99415909],,,
216,[ 3.02386904 -5.63772843  0.43355477],[9.15580868],,,
217,[ 3.06225759 -6.40015137 -0.2919135 ],[9.41725999],,,
218,[ 1.26215749 -3.75364553 -0.57154198],[1.53556384],,,
219,[-1.49320297  6.5749125  -0.75919333],[2.13101717],,,
220,[-2.51159204  4.52711819 -0.54669176],[6.30127948],,,
221,[ 0.4663942   5.51172593 -0.70615355],[0.19558036],,,
222,[-1.8501021  -3.59695515 -0.5926295 ],[3.41088846],,,
223,[-1.49760785 -7.43647546  0.7336709 ],[2.12337901],,,
224,[-2.94689425 -2.11921138 -0.6409126 ],[8.70824405],,,
225,[ 0.87940795 -1.49805473 -0.3151972 ],[0.8029256],,,
226,[-2.71308468  8.10435546  0.60930637],[7.28571867],,,
227,[-2.25319075 -5.76556088  0.64992574],[5.00547704],,,
228,[2.49799781 5.98648478 0.70721564],[6.15387676],,,
229,[-0.59179476 -0.2153866  -0.61150048],[0.15673104],,,
230,[-3.07293824 -1.05582026  0.84071005],[9.4304683],,,
231,[ 2.54106897 -6.21784171 -0.75232272],[6.37988879],,,
232,[-0.37582915 -2.02057057  0.08707641],[0.18594599],,,
233,[2.13716437 0.73728034 0.45454207],[4.46841204],,,
234,[0.48882099 7.19615596 0.97275509],[0.24207582],,,
235,[-0.12507139  3.0870452   0.51455441],[-0.11619897],,,
236,[-2.83724902  3.62215577  0.27373617],[7.99674802],,,
237,[ 1.93714994  9.35456013 -0.42464091],[3.96139037],,,
238,[ 0.02098164 -9.36339041  0.01725861],[-0.04606613],,,
239,[ 2.90272017 -8.36913925  0.44046144],[8.58548783],,,
240,[ 1.3190484   2.4339403  -0.60677548],[1.70359262],,,
241,[ 0.55059922 -8.81050726  0.34784183],[0.2045625],,,
242,[-1.1355336   9.01777531 -0.95980891],[1.30719984],,,
243,[0.26840377 4.56528881 0.98696129],[0.07582524],,,
244,[-1.88619013 -7.68469588  0.94723485],[3.61313827],,,
245,[-1.94497951  4.92009659  0.17477917],[3.64599902],,,
246,[-1.45094988  8.82334033 -0.35875307],[2.18092411],,,
247,[ 2.1967166  -8.70616926  0.2352083 ],[4.61204714],,,
248,[ 1.71465292 -4.50645081 -0.71279407],[2.82791512],,,
249,[ 2.17823658 -0.8975141  -0.37293018],[4.80476663],,,
250,[ 0.96857396 -2.33035028 -0.82827648],[0.9876884],,,
251,[-2.80785125 -3.38543057  0.13989243],[7.86186542],,,
252,[ 1.56853326 -0.39880571 -0.72494213],[2.5503296],,,
253,[-0.92090561  3.88285799 -0.71019283],[0.74957877],,,
254,[ 1.74020316 -5.5420499   0.0750467 ],[3.16674384],,,
255,[ 2.04651284  6.06377908 -0.9543916 ],[4.26075432],,,
256,[ 1.02840312 -0.68117388  0.14722688],[0.97311217],,,
257,[ 2.17010483  7.24282303 -0.83482609],[4.74284117],,,
258,[-2.94401157  4.65115922  0.67008026],[8.60163625],,,
259,[ 2.75016256  3.34062103 -0.28805667],[7.50604626],,,
260,[ 0.10506493 -7.38342452  0.88417996],[0.05780743],,,
261,[-2.05741525  8.79202585  0.50029738],[4.23937197],,,
262,[ 1.46157455 -4.81709928  0.53865707],[2.13979226],,,
263,[2.11964075 0.85770137 0.66007468],[4.3261308],,,
264,[-1.23844522 -7.0025668  -0.26259003],[1.59289744],,,
265,[-2.0667326  -2.07714605 -0.12517083],[4.30217101],,,
266,[-3.1238942   0.84492926  0.59497789],[9.68540238],,,
267,[-2.70778642 -2.06874788  0.77557308],[7.44451369],,,
268,[-0.75033386 -4.86733593  0.21201553],[0.54293208],,,
269,[-0.6989681  -5.16060417  0.77716636],[0.48360511],,,
270,[-0.24998963  6.61608559 -0.58670773],[0.10349358],,,
271,[ 0.3805533  -4.75202156 -0.89596913],[0.14145815],,,
272,[3.08526794 6.26646957 0.01706955],[9.53917511],,,
273,[-2.28402351  0.60460792 -0.52291631],[5.19899232],,,
274,[ 2.04479832 -7.55154717  0.02106856],[4.31988648],,,
275,[2.67224169 7.71234188 0.67493696],[7.1350851],,,
276,[2.07461951 3.5857565  0.85751615],[4.38226236],,,
277,[-1.6041424   4.27509476  0.97335704],[2.59445401],,,
278,[-3.04351173  2.79586152  0.4793745 ],[9.28272859],,,
279,[-1.09926574 -3.42349005  0.99292901],[1.2872721],,,
280,[ 1.34589676 -7.93899907 -0.09133605],[1.77434279],,,
281,[ 1.45978771 -7.37550208 -0.31558411],[1.91171954],,,
282,[2.01482681 7.76982006 0.33687662],[4.06774527],,,
283,[-1.06082448  2.83180739  0.00417099],[1.10170453],,,
284,[-2.77484175 -6.18164842  0.49917187],[7.70160822],,,
285,[-0.59835763  7.08769897  0.44456032],[0.3050621],,,
286,[ 1.72818837 -7.83456211  0.94092153],[2.91544355],,,
287,[ 0.28816995 -2.31083274  0.33754299],[0.26144433],,,
288,[-3.03163587 -2.51559307  0.78919038],[9.19114812],,,
289,[-2.80973448 -0.44815991  0.82476989],[7.84031971],,,
290,[-2.53435285  1.43681812 -0.40505792],[6.31988124],,,
291,[-1.53159063 -1.41907973 -0.398218  ],[2.23297488],,,
292,[ 2.2585233  -7.95269713 -0.68630283],[5.08518201],,,
293,[ 2.23061968 -2.33480183  0.87557211],[4.87966191],,,
294,[ 2.77049617 -1.43913613  0.08772945],[7.6740779],,,
295,[ 0.86992803 -0.67040763 -0.76168309],[0.69096243],,,
296,[-1.81275888  5.38711372 -0.69291413],[3.38636422],,,
297,[ 2.10536397 -4.24215606  0.88372548],[4.42700695],,,
298,[-0.89341449 -9.14387441  0.38440622],[0.71278318],,,
299,[-2.75127395  7.46258889  0.67920319],[7.67418156],,,
300,[2.51112518 6.195697   0.48780861],[6.14573459],,,
301,[-2.4438098  -4.97599419 -0.45134861],[5.9377288],,,
302,[-2.78791707 -3.89038347  0.34429192],[7.68037645],,,
303,[-1.03630817 -4.15473985  0.33672518],[1.11064334],,,
304,[-2.92188477e+00 -6.12506863e+00  6.66027799e-04],[8.41665197],,,
305,[ 0.87599205 -0.86583444 -0.95848031],[0.81610323],,,
306,[-0.60889182  4.62027809  0.39710222],[0.35926899],,,
307,[-1.98973284 -9.10639089 -0.40034198],[3.84846562],,,
308,[ 1.77253939  5.25956378 -0.88469739],[3.12017191],,,
309,[-2.76071898  2.45418819  0.73422072],[7.52010769],,,
310,[-2.27877434 -1.8133604  -0.93002354],[5.05354652],,,
311,[-1.69239328 -4.39436018  0.43370906],[2.87114892],,,
312,[ 1.97261768 -2.83621692 -0.99945857],[3.96262806],,,
313,[ 0.15336246  7.57686182 -0.85736093],[0.03467098],,,
314,[-1.52188269  6.99666355  0.43718517],[2.19882119],,,
315,[ 0.13120063  3.25897435 -0.66047202],[-0.12215659],,,
316,[-1.58302037  3.53327632  0.76813261],[2.54582633],,,
317,[ 0.117391   -6.80267704  0.80258682],[-0.02316102],,,
318,[1.94247816 2.49356529 0.3520661 ],[3.79038448],,,
319,[-2.91301788  0.1552708  -0.78503622],[8.50204166],,,
320,[-2.84972534  3.4648617   0.27853034],[8.0014801],,,
321,[-2.64819396 -8.03262646  0.13107541],[6.90912836],,,
322,[-1.71507172 -0.70414447 -0.83740562],[2.96588256],,,
323,[-2.76330637  3.91392002 -0.65792883],[7.66860993],,,
324,[-2.0715166  -1.8091792  -0.64869199],[4.29595021],,,
325,[1.54321274 2.69620268 0.55504306],[2.43086866],,,
326,[-1.25958285 -7.45630769  0.26363949],[1.49237848],,,
327,[-0.45677459  8.57650169 -0.56381273],[0.15730338],,,
328,[-0.18681372 -0.95585     0.05126216],[0.05364777],,,
329,[-1.84685248 -2.11131013  0.16164782],[3.35332479],,,
330,[-2.60304293  3.61783725 -0.65345518],[6.83766062],,,
331,[-2.92863805 -5.34834053  0.98008678],[8.48265525],,,
332,[ 0.59056477 -0.46114349  0.28371791],[0.46453043],,,
333,[-2.90638533  7.48649027  0.23011594],[8.32954781],,,
334,[-0.08084444 -7.30352708  0.22893759],[0.20865041],,,
335,[-1.38345568 -7.20760459 -0.60945639],[1.89420465],,,
336,[ 0.03447257 -5.4429674   0.56117133],[-0.07985588],,,
337,[2.53975387 4.89291366 0.5278882 ],[6.50037472],,,
338,[-0.20644308  3.38772525  0.26296795],[0.08970252],,,
339,[ 2.92596522  5.25285168 -0.0925381 ],[8.60440905],,,
340,[2.02316923 1.62690552 0.07911609],[4.25025426],,,
341,[-0.66904811  7.19551585  0.43371322],[0.49459621],,,
342,[-0.98542795  3.07320632  0.36802971],[1.10384141],,,
343,[-2.38167096 -7.93848549 -0.20957112],[5.75361508],,,
344,[-1.51473245 -4.78253898  0.28774772],[2.36587895],,,
345,[-1.83922067 -1.91843257 -0.47215263],[3.28649462],,,
346,[-1.42763406  1.69784348 -0.6312074 ],[2.16699124],,,
347,[-2.23994559 -6.95874553 -0.34953431],[5.15420999],,,
348,[-0.12756262 -2.36589949 -0.34155475],[0.01066945],,,
349,[-0.69684641  8.54669053  0.16736888],[0.49534983],,,
350,[-0.83713972  2.18484764  0.50012299],[0.66201655],,,
351,[ 2.19691363 -3.32586888  0.79993705],[4.82255515],,,
352,[ 1.09078147  2.1757241  -0.58079044],[1.28710513],,,
353,[2.91745089 4.09863656 0.60163055],[8.6903044],,,
354,[-0.81120199  2.53257564 -0.32425777],[0.44917452],,,
355,[ 3.01752805 -3.74855658  0.58992047],[9.13813591],,,
356,[-2.97163493 -2.62985794  0.67062687],[8.9071756],,,
357,[2.02872992 0.59474395 0.87959542],[3.97183198],,,
358,[-1.99129164  0.0282128  -0.63043768],[3.97987804],,,
359,[-0.64642102 -8.60686755  0.03158434],[0.51019165],,,
360,[ 2.59382855 -6.12551762 -0.2435292 ],[6.62928336],,,
361,[-2.12615973 -5.75611459  0.00876855],[4.52333558],,,
362,[ 2.62229704  4.46473193 -0.23943011],[6.90110572],,,
363,[-2.21754832  8.27810658  0.1152822 ],[4.81288874],,,
364,[-2.9458313   2.57896159  0.18527857],[8.6992246],,,
365,[-1.27572741  3.66326486 -0.32981335],[1.73108993],,,
366,[-0.31319931  1.95551802 -0.19659984],[0.11637834],,,
367,[ 1.19990128 -2.20390613  0.70200348],[1.26939996],,,
368,[-2.33734322  4.31255824 -0.73015095],[5.43871749],,,
369,[ 1.58641235  0.63421019 -0.86647998],[2.60277191],,,
370,[ 2.91487594 -4.82470803 -0.79662296],[8.47128992],,,
371,[-2.12478835 -7.4019461   0.96245372],[4.47682508],,,
372,[ 1.26462115 -4.14713501  0.43975539],[1.59552702],,,
373,[ 1.8055729  -3.70062086 -0.77286628],[3.20473028],,,
374,[ 1.12650791 -5.82202625  0.6394832 ],[1.2025954],,,
375,[ 2.59271203  3.79752384 -0.65903577],[6.64388708],,,
376,[ 0.72551481  3.37872501 -0.52701283],[0.5317379],,,
377,[ 1.99766816 -3.87434602 -0.08077203],[3.68839172],,,
378,[-2.76067441  6.83374535 -0.31076616],[7.56681854],,,
379,[-2.50597468  7.97634603  0.43533241],[6.37194384],,,
380,[ 0.50590356 -5.83047724  0.12297941],[0.17954686],,,
381,[ 2.8522477   5.7838178  -0.78347903],[7.91296768],,,
382,[2.49121478 2.54155652 0.25439867],[6.20347224],,,
383,[ 1.83284391 -6.90321551 -0.94523617],[3.37331228],,,
384,[-1.99260301 -0.1965843   0.98300244],[3.95996495],,,
385,[1.85518421 2.28020912 0.39459538],[3.5278912],,,
386,[ 1.05964107  0.16393383 -0.46112894],[1.13562844],,,
387,[-1.8973346  -1.55713528  0.77009077],[3.77955349],,,
388,[ 2.51335245 -4.28745997  0.27972129],[6.40917245],,,
389,[-1.53707543 -1.88955055 -0.9143995 ],[2.40750307],,,
390,[ 2.9469225  -2.0058031   0.00440031],[8.71549337],,,
391,[-2.99414038 -4.21020936 -0.46819816],[8.99934099],,,
392,[2.68203641 5.79222076 0.11902928],[7.24952033],,,
393,[-0.06891024 -3.67938915  0.53710816],[0.0792906],,,
394,[ 0.23142616 -8.84445375 -0.95985265],[0.02860204],,,
395,[0.7667278  5.29615208 0.18756352],[0.57455877],,,
396,[-2.86897921 -3.05986202 -0.63527746],[8.29690376],,,
397,[1.58328985 7.00477562 0.49400695],[2.52706538],,,
398,[0.18679655 6.84852612 0.31234627],[-0.03086097],,,
399,[ 1.07520252 -0.09968981  0.9572618 ],[1.14578283],,,
400,[-1.29243635  2.2104555  -0.54867328],[1.61576769],,,
401,[-0.15981209  6.55673908  0.28539572],[0.15108265],,,
402,[ 1.77472039 -5.78984329 -0.12876725],[3.10645375],,,
403,[-0.02457443 -3.46372574 -0.11735238],[-0.04274766],,,
404,[-2.40678806 -3.97781573 -0.02218688],[5.76708759],,,
405,[ 1.15528262  2.54784469 -0.87086881],[1.10577086],,,
406,[-0.76352835  9.21974646 -0.70192408],[0.72742957],,,
407,[-0.40238093 -5.18705918 -0.49506828],[0.36351012],,,
408,[ 2.43202191 -4.76223575  0.60241746],[5.95014328],,,
409,[-1.52507647  5.13260107  0.45187311],[2.31642327],,,
410,[ 0.58083226 -2.23094785  0.6036775 ],[0.24034436],,,
411,[-1.92513708  3.11182905  0.80511083],[3.79124996],,,
412,[ 1.46651018 -7.22203216 -0.58617671],[2.21926188],,,
413,[-2.80759377  6.0489658   0.5065867 ],[7.83544285],,,
414,[1.97414157 0.81734979 0.20722109],[3.79707398],,,
415,[-1.30502462 -0.50023341  0.4281259 ],[1.72126128],,,
416,[ 0.80032475  1.64839652 -0.35725455],[0.64520478],,,
417,[2.6859678  7.50955409 0.73978116],[7.0840551],,,
418,[-0.80737306 -4.93053114  0.54587869],[0.73452729],,,
419,[ 2.72735143 -6.05142913 -0.25413777],[7.35601981],,,
420,[ 2.50500631 -0.08959068  0.89353341],[6.17611597],,,
421,[-1.58578461 -4.36445543  0.66104547],[2.51500386],,,
422,[ 2.59005531 -2.63109168 -0.80941765],[6.72130725],,,
423,[-1.54467818  5.14079697  0.99278442],[2.55527189],,,
424,[-1.3485136   5.01935561  0.99743227],[1.95283888],,,
425,[ 2.31050997 -6.28504344  0.99299981],[5.50022606],,,
426,[ 1.82114072 -6.13434506  0.81116639],[3.39651228],,,
427,[-1.16597432  0.95021091  0.44714854],[1.38265102],,,
428,[-1.28994723  8.44444557 -0.68203839],[1.82474285],,,
429,[ 0.69240313 -0.07254821 -0.00401552],[0.42356724],,,
430,[-1.04285441  3.79978312  0.57667545],[1.11000491],,,
431,[-0.17599259 -1.69018587  0.10212562],[0.03615281],,,
432,[ 2.95728776  1.97282876 -0.51989016],[8.73978412],,,
433,[ 0.29088246  8.75318549 -0.44879325],[0.01418171],,,
434,[ 3.06636193 -0.14829697 -0.95735305],[9.56850927],,,
435,[1.33795276 7.50859976 0.34010344],[1.78830224],,,
436,[0.78419273 5.46649761 0.36610622],[0.68790496],,,
437,[-2.77244057  1.68517471 -0.64067581],[7.65360978],,,
438,[-2.60165297  6.26650297  0.36498704],[6.75054595],,,
439,[-1.96119311 -0.77152574  0.96565281],[3.96812628],,,
440,[-0.93838101 -6.64732693 -0.58074416],[1.04660683],,,
441,[ 0.21691908 -3.59256337 -0.96677395],[-0.11143666],,,
442,[-1.12577317 -3.63428974 -0.868536  ],[1.19063369],,,
443,[ 2.64757289  3.53655848 -0.04041529],[7.04700963],,,
444,[ 2.29429573 -7.59645552  0.5204692 ],[5.31032759],,,
445,[-1.17671693  4.9164271   0.34859996],[1.29778146],,,
446,[ 2.60203215 -8.36603755 -0.16478205],[6.89431602],,,
447,[-0.25263163 -0.70210397 -0.70965157],[0.01656221],,,
448,[ 5.33430681e-02  8.53110624e+00 -7.93184753e-03],[0.12375997],,,
449,[-1.71669526 -3.00279404 -0.11604008],[2.89688919],,,
450,[-2.21163218  7.62188614 -0.1139172 ],[4.82474017],,,
451,[0.64993159 3.43277796 0.9756803 ],[0.35148682],,,
452,[ 1.33378814  5.49200672 -0.13572369],[1.78631052],,,
453,[-1.94180685  8.80191607  0.75548125],[3.73670188],,,
454,[1.36541869 0.20757044 0.99675665],[1.84337981],,,
455,[1.20098991 5.22957446 0.68083859],[1.52055236],,,
456,[ 2.00603851  8.85236367 -0.54410582],[3.92412756],,,
457,[-1.57743059  7.68773365 -0.73990595],[2.45748058],,,
458,[-1.17806515  2.25816242  0.44014547],[1.35693892],,,
459,[0.75977229 9.0555135  0.57006764],[0.75046911],,,
460,[ 1.36630509 -6.00530918 -0.70425533],[1.98371208],,,
461,[-0.18016177  9.22083993  0.24566414],[-0.05838421],,,
462,[-0.25623919 -1.68701855  0.03871626],[0.14490793],,,
463,[-0.19158238  2.18454861  0.26367485],[0.00880531],,,
464,[3.09922755 2.03877836 0.82224693],[9.70221289],,,
465,[-0.87012371  6.05454267 -0.95296221],[0.80639531],,,
466,[ 3.05465414  2.48721774 -0.48470922],[9.40682555],,,
467,[-0.60219978  9.08973657  0.48614112],[0.42526616],,,
468,[1.61086031 7.87115372 0.22527519],[2.72783284],,,
469,[-1.61590568  2.98714967  0.11706633],[2.53613347],,,
470,[ 2.74698718  8.12268954 -0.3243795 ],[7.67455482],,,
471,[-1.47170143  4.10302133 -0.86411947],[2.24383824],,,
472,[-2.54178488 -4.90912674  0.69776747],[6.47366377],,,
473,[ 0.60143723  5.07742769 -0.28317368],[0.22030012],,,
474,[-1.78435307 -2.19187124  0.51178529],[3.24106573],,,
475,[-3.108828    0.24798766 -0.26309596],[9.6098699],,,
476,[-2.55327155 -7.84492296  0.83225707],[6.51784249],,,
477,[-1.42815761  5.93596437  0.01311209],[2.046894],,,
478,[-0.53956101 -8.52225019  0.43566599],[0.38891278],,,
479,[-0.72235962 -0.40856242 -0.42927578],[0.56130499],,,
480,[-2.65603509  5.02379233 -0.26138818],[6.98178828],,,
481,[ 2.69161674 -7.72041939  0.33057914],[7.18018788],,,
482,[-0.9721786   4.98009188  0.94740921],[0.95605787],,,
483,[ 0.31483138 -2.37895324  0.24802193],[0.21593867],,,
484,[-1.20578619 -3.68271008 -0.16960436],[1.50142945],,,
485,[-2.51229217  1.0543918  -0.69282623],[6.25330159],,,
486,[ 2.14192515  4.99590583 -0.02750631],[4.54664506],,,
487,[ 2.37639183 -0.46251272 -0.71879997],[5.52567705],,,
488,[-1.42908807 -7.14234374  0.14438521],[2.18307811],,,
489,[-0.11470352  3.01923957 -0.88046386],[0.07230738],,,
490,[1.20558789 4.05353268 0.03758457],[1.58483428],,,
491,[-0.85447354 -2.48993896 -0.66408401],[0.64020474],,,
492,[ 2.07946839  3.84942528 -0.28243324],[4.39774575],,,
493,[-2.80007193 -8.7799132  -0.0147749 ],[7.77656144],,,
494,[-1.79160216  2.30168631  0.1389036 ],[3.2341384],,,
495,[-1.30908385  1.72176765 -0.64415311],[1.68084441],,,
496,[ 2.56292041 -4.31682969 -0.32256578],[6.47977775],,,
497,[-0.83944223 -6.65891118  0.13670861],[0.54365167],,,
498,[ 0.8062736  -5.28249295  0.21108253],[0.7027336],,,
499,[3.10711987e+00 9.36169789e+00 6.38064457e-03],[9.73262734],,,
