,x_train,y_train,x_test,y_pred,y_std,score
0,[-3.93098403 -7.37432706  0.85789826],[14.91153448],[-9.42477796 -9.42477796 -1.        ],[82.71866122],[0.37662476],0.9951483982440584
1,[-6.87283172  2.00027945 -0.58695927],[46.98941398],[-9.23437841 -9.23437841 -0.97979798],[79.97070346],[0.35291593],
2,[7.93799042 2.89317399 0.78648428],[63.22719108],[-9.04397885 -9.04397885 -0.95959596],[77.23307065],[0.33047171],
3,[-7.9337592  -7.04323339 -0.58912225],[62.5995056],[-8.8535793  -8.8535793  -0.93939394],[74.50811901],[0.30928316],
4,[-1.07671893  5.00386024  0.58408163],[0.37247532],[-8.66317974 -8.66317974 -0.91919192],[71.79820376],[0.28934103],
5,[-1.21554475  4.67232374  0.73629168],[1.60445711],[-8.47278019 -8.47278019 -0.8989899 ],[69.10567665],[0.27063562],
6,[-2.95461841  3.03870506 -0.40276717],[7.76131351],[-8.28238063 -8.28238063 -0.87878788],[66.43288346],[0.25315644],
7,[-3.48454383 -0.01174546 -0.15039254],[11.70971491],[-8.09198108 -8.09198108 -0.85858586],[63.7821615],[0.23689189],
8,[1.49185927 2.46218226 0.35306156],[1.73618177],[-7.90158152 -7.90158152 -0.83838384],[61.15583713],[0.22182866],
9,[-6.88979109 -1.27040929  0.645831  ],[47.83652258],[-7.71118197 -7.71118197 -0.81818182],[58.55622318],[0.20795101],
10,[ 3.60948346  7.48301609 -0.16055402],[14.12423224],[-7.52078241 -7.52078241 -0.7979798 ],[55.98561655],[0.19523991],
11,[-5.44166626 -4.43490889 -0.54383942],[30.2496358],[-7.33038286 -7.33038286 -0.77777778],[53.44629561],[0.18367197],
12,[3.51444674 2.0387174  0.660713  ],[11.19648687],[-7.1399833  -7.1399833  -0.75757576],[50.9405178],[0.17321827],
13,[-5.996702    1.71973838 -0.96061628],[36.54220191],[-6.94958375 -6.94958375 -0.73737374],[48.47051709],[0.16384326],
14,[-2.42400364  9.11259457 -0.02125504],[5.65366626],[-6.75918419 -6.75918419 -0.71717172],[46.03850154],[0.15550374],
15,[ 4.89653459  2.42319997 -0.4458702 ],[26.24738075],[-6.56878464 -6.56878464 -0.6969697 ],[43.64665088],[0.14814813],
16,[-1.17756726 -6.58334799  0.67653521],[-1.09022018],[-6.37838508 -6.37838508 -0.67676768],[41.29711407],[0.14171633],
17,[ 7.55685598 -3.00174543 -0.42034972],[56.67430712],[-6.18798553 -6.18798553 -0.65656566],[38.99200688],[0.13614009],
18,[ 2.43835344 -3.7000579  -0.89428747],[6.0293926],[-5.99758598 -5.99758598 -0.63636364],[36.73340961],[0.13134415],
19,[ 8.38191169  5.10739939 -0.40401987],[70.88839426],[-5.80718642 -5.80718642 -0.61616162],[34.52336465],[0.12724802],
20,[ 8.6097135   7.72469412 -0.96440342],[74.38644989],[-5.61678687 -5.61678687 -0.5959596 ],[32.36387428],[0.12376817],
21,[ 3.38555619  2.43002695 -0.0219292 ],[13.40665731],[-5.42638731 -5.42638731 -0.57575758],[30.25689835],[0.12082055],
22,[ 5.33095974  7.10287822 -0.25956119],[28.63975054],[-5.23598776 -5.23598776 -0.55555556],[28.20435208],[0.11832305],
23,[-1.49756955 -5.54770643  0.47874116],[1.65074125],[-5.0455882  -5.0455882  -0.53535354],[26.20810392],[0.11619769],
24,[-3.7360334  -3.09150612 -0.31126106],[13.78568804],[-4.85518865 -4.85518865 -0.51515152],[24.26997338],[0.11437243],
25,[ 2.91650004  6.32011439 -0.98347282],[8.74584646],[-4.66478909 -4.66478909 -0.49494949],[22.39172899],[0.11278244],
26,[-1.24152214  0.73804622  0.4328095 ],[1.21826322],[-4.47438954 -4.47438954 -0.47474747],[20.57508627],[0.11137084],
27,[ 3.54599518  1.70229071 -0.89391081],[12.76561897],[-4.28398998 -4.28398998 -0.45454545],[18.82170577],[0.11008903],
28,[3.50487399 7.42867302 0.39564378],[12.17977291],[-4.09359043 -4.09359043 -0.43434343],[17.13319117],[0.10889662],
29,[ 3.88976086  3.67646897 -0.99668606],[14.17637505],[-3.90319087 -3.90319087 -0.41414141],[15.51108743],[0.10776106],
30,[6.14331281 2.31079529 0.67869697],[37.60419005],[-3.71279132 -3.71279132 -0.39393939],[13.95687905],[0.10665718],
31,[ 5.67321578e+00  9.03390684e+00 -4.05309469e-03],[30.81365661],[-3.52239176 -3.52239176 -0.37373737],[12.47198831],[0.10556653],
32,[0.16444929 7.21366332 0.50289746],[0.69556714],[-3.33199221 -3.33199221 -0.35353535],[11.05777367],[0.10447671],
33,[ 2.89516644 -0.91910009 -0.20208852],[9.09422506],[-3.14159265 -3.14159265 -0.33333333],[9.71552818],[0.1033807],
34,[ 0.01903548  7.49649291 -0.28771956],[0.97994467],[-2.9511931  -2.9511931  -0.31313131],[8.44647801],[0.10227621],
35,[-1.87176171  8.97882239  0.38316329],[3.36958157],[-2.76079354 -2.76079354 -0.29292929],[7.25178102],[0.10116502],
36,[-1.23673628 -6.51224992 -0.86722744],[0.7124793],[-2.57039399 -2.57039399 -0.27272727],[6.13252544],[0.10005242],
37,[4.64447376 7.72718493 0.11636628],[21.9666879],[-2.37999443 -2.37999443 -0.25252525],[5.08972857],[0.09894662],
38,[-8.40730645  1.20171964  0.26278057],[70.11733391],[-2.18959488 -2.18959488 -0.23232323],[4.12433565],[0.09785825],
39,[ 2.39311721  3.99906077 -0.20392466],[7.0554104],[-1.99919533 -1.99919533 -0.21212121],[3.23721876],[0.09679977],
40,[-3.20695401  5.80445808 -0.62376462],[12.14068502],[-1.80879577 -1.80879577 -0.19191919],[2.42917578],[0.09578506],
41,[-0.74729465 -8.41035247 -0.93229444],[-0.93035622],[-1.61839622 -1.61839622 -0.17171717],[1.70092953],[0.09482882],
42,[1.18495516 1.98412523 0.38555559],[1.93229441],[-1.42799666 -1.42799666 -0.15151515],[1.05312687],[0.09394614],
43,[-2.86647817  4.54017056  0.53176713],[8.54094867],[-1.23759711 -1.23759711 -0.13131313],[0.48633802],[0.09315198],
44,[-6.49155417  1.50073583 -0.61287096],[41.1163342],[-1.04719755 -1.04719755 -0.11111111],[0.00105587],[0.09246064],
45,[ 0.54306211 -5.20489675 -0.31672156],[0.58704279],[-0.856798   -0.856798   -0.09090909],[-0.40230458],[0.09188534],
46,[-5.74133432 -5.09501858 -0.0922343 ],[33.58633193],[-0.66639844 -0.66639844 -0.07070707],[-0.72340666],[0.09143771],
47,[ 4.641258   -4.67598576 -0.94187142],[23.05160768],[-0.47599889 -0.47599889 -0.05050505],[-0.96199245],[0.09112744],
48,[ 8.90816891  3.6441743  -0.64108016],[80.11545659],[-0.28559933 -0.28559933 -0.03030303],[-1.11788301],[0.09096186],
49,[1.76172362 4.3598399  0.08139101],[3.37137853],[-0.09519978 -0.09519978 -0.01010101],[-1.19097862],[0.09094579],
50,[ 4.47725648  3.25075668 -0.58101213],[17.84553851],[0.09519978 0.09519978 0.01010101],[-1.18125884],[0.09108126],
51,[-7.03264135  5.96806983 -0.08511416],[47.23544904],[0.28559933 0.28559933 0.03030303],[-1.08878255],[0.09136757],
52,[ 2.88950563  3.93434788 -0.40863767],[9.79469472],[0.47599889 0.47599889 0.05050505],[-0.91368779],[0.09180128],
53,[ 2.4480823  -3.78909027 -0.8008902 ],[7.23691124],[0.66639844 0.66639844 0.07070707],[-0.65619167],[0.09237643],
54,[-3.27842354  8.51307608 -0.26925375],[12.10490639],[0.856798   0.856798   0.09090909],[-0.31658999],[0.09308481],
55,[ 3.63974204 -7.2577415  -0.16053084],[13.89776911],[1.04719755 1.04719755 0.11111111],[0.10474305],[0.09391628],
56,[-5.61159825  5.96837026 -0.11756706],[31.47890955],[1.23759711 1.23759711 0.13131313],[0.60735538],[0.09485924],
57,[ 5.01514534 -0.80838111  0.94780778],[25.41356094],[1.42799666 1.42799666 0.15151515],[1.19071755],[0.09590106],
58,[-4.78942873  0.48981276  0.86213527],[23.73515383],[1.61839622 1.61839622 0.17171717],[1.85422344],[0.09702858],
59,[ 5.99384337 -2.70947349  0.08580501],[34.77662498],[1.80879577 1.80879577 0.19191919],[2.59719097],[0.0982286],
60,[-0.7598005   3.28802911 -0.7268406 ],[1.18465046],[1.99919533 1.99919533 0.21212121],[3.41886291],[0.09948839],
61,[-8.92266691  4.71768779  0.34057112],[80.24110175],[2.18959488 2.18959488 0.23232323],[4.31840784],[0.10079618],
62,[7.47745209 7.03019956 0.18654388],[58.08643044],[2.37999443 2.37999443 0.25252525],[5.29492109],[0.10214167],
63,[-2.40124804  0.11539189  0.11563178],[5.84075282],[2.57039399 2.57039399 0.27272727],[6.34742589],[0.10351647],
64,[-8.62910249 -4.78166274 -0.46363036],[73.76558267],[2.76079354 2.76079354 0.29292929],[7.4748745],[0.10491465],
65,[-0.24853867 -0.92761024 -0.93063459],[-0.74414743],[2.9511931  2.9511931  0.31313131],[8.67614943],[0.10633319],
66,[-3.8204547   2.00026346  0.11378502],[13.82188024],[3.14159265 3.14159265 0.33333333],[9.95006487],[0.10777251],
67,[ 5.10420924 -6.03217739  0.73362823],[27.31038659],[3.33199221 3.33199221 0.35353535],[11.29536799],[0.10923694],
68,[-1.28675266  7.31078669 -0.93065285],[2.37416577],[3.52239176 3.52239176 0.37373737],[12.71074049],[0.11073532],
69,[-4.47158624 -4.72468946  0.60786501],[20.71150715],[3.71279132 3.71279132 0.39393939],[14.19480013],[0.11228145],
70,[-2.94046341 -8.74844616  0.13395208],[10.94272327],[3.90319087 3.90319087 0.41414141],[15.74610236],[0.11389465],
71,[ 4.49655851  3.48301857 -0.36190596],[20.31992379],[4.09359043 4.09359043 0.43434343],[17.36314203],[0.1156002],
72,[-9.10459029 -8.5450433   0.52844313],[82.01461991],[4.28398998 4.28398998 0.45454545],[19.04435516],[0.11742976],
73,[ 6.30503892  9.0460668  -0.70471008],[38.58850258],[4.47438954 4.47438954 0.47474747],[20.78812075],[0.11942165],
74,[2.71345924 4.71779753 0.9763765 ],[9.50856291],[4.66478909 4.66478909 0.49494949],[22.59276266],[0.12162097],
75,[9.36851514 2.13932759 0.91781189],[88.99405696],[4.85518865 4.85518865 0.51515152],[24.45655159],[0.12407947],
76,[-1.48298096 -7.47330895  0.35605431],[2.67674751],[5.0455882  5.0455882  0.53535354],[26.37770709],[0.12685515],
77,[3.95413043 3.26404692 0.24428994],[15.51954784],[5.23598776 5.23598776 0.55555556],[28.35439957],[0.13001157],
78,[ 4.775926   -1.86248915 -0.68447317],[23.83872464],[5.42638731 5.42638731 0.57575758],[30.38475244],[0.13361675],
79,[-1.98357765 -3.57966822  0.85404441],[2.84813058],[5.61678687 5.61678687 0.5959596 ],[32.4668443],[0.13774182],
80,[-8.43997269 -6.56588563 -0.46098533],[71.35237237],[5.80718642 5.80718642 0.61616162],[34.59871105],[0.1424594],
81,[ 5.99539406 -1.91141864 -0.70668088],[36.74979057],[5.99758598 5.99758598 0.63636364],[36.77834822],[0.14784185],
82,[ 6.43869459 -0.76772285 -0.32611034],[41.06565222],[6.18798553 6.18798553 0.65656566],[39.00371322],[0.15395953],
83,[ 8.43895923 -5.53316397 -0.27411438],[70.6635466],[6.37838508 6.37838508 0.67676768],[41.27272763],[0.16087921],
84,[3.74188187 5.68752978 0.05562793],[14.41738709],[6.56878464 6.56878464 0.6969697 ],[43.58327956],[0.16866287],
85,[-6.66940312 -7.81815827 -0.72511548],[44.91810308],[6.75918419 6.75918419 0.71717172],[45.93322605],[0.17736674],
86,[-1.30639163 -0.13464688 -0.59274846],[3.34785701],[6.94958375 6.94958375 0.73737374],[48.32039545],[0.18704091],
87,[-1.24919832 -8.12614928 -0.44939775],[1.85429777],[7.1399833  7.1399833  0.75757576],[50.74258981],[0.19772926],
88,[-2.60250426 -2.82548137  0.01743132],[6.66123286],[7.33038286 7.33038286 0.77777778],[53.19758739],[0.20946976],
89,[-4.65759702 -6.16266717  0.4037128 ],[20.4052025],[7.52078241 7.52078241 0.7979798 ],[55.68314505],[0.222295],
90,[ 6.20392875  0.70034138 -0.13584287],[39.22030932],[7.71118197 7.71118197 0.81818182],[58.19700076],[0.23623286],
91,[ 7.32714414 -7.19767173 -0.59245383],[52.88533066],[7.90158152 7.90158152 0.83838384],[60.73687604],[0.25130727],
92,[-3.83042822  0.73539291 -0.3984703 ],[15.0248403],[8.09198108 8.09198108 0.85858586],[63.30047849],[0.26753892],
93,[-8.90452718 -8.36629359 -0.61723596],[78.87072861],[8.28238063 8.28238063 0.87878788],[65.88550423],[0.28494587],
94,[-8.46027278  1.41476474  0.01559291],[71.2586345],[8.47278019 8.47278019 0.8989899 ],[68.4896404],[0.30354418],
95,[ 4.93350162 -8.86283433 -0.93234084],[22.80789336],[8.66317974 8.66317974 0.91919192],[71.11056764],[0.32334833],
96,[-9.18778269 -0.66386974 -0.04753613],[85.03726445],[8.8535793  8.8535793  0.93939394],[73.74596256],[0.34437162],
97,[ 4.57811922 -4.24347643 -0.27699003],[21.8238728],[9.04397885 9.04397885 0.95959596],[76.39350019],[0.3666264],
98,[ 2.54370797  5.53710099 -0.94614717],[6.38319679],[9.23437841 9.23437841 0.97979798],[79.05085645],[0.39012429],
99,[ 1.67992722 -8.23089046  0.09010925],[2.35554943],[9.42477796 9.42477796 1.        ],[81.71571054],[0.41487633],
100,[ 2.42832739  4.73303725 -0.54578538],[5.80892366],,,,
101,[ 2.8878982  -6.20956901  0.92316326],[6.98233986],,,,
102,[-1.45133449  5.95887634 -0.80854462],[1.77238013],,,,
103,[ 4.02165805 -1.97781985 -0.28989913],[14.36804337],,,,
104,[3.59910941 2.26008977 0.42072874],[13.70661049],,,,
105,[ 6.095922    5.78033963 -0.12956354],[35.69570632],,,,
106,[-2.09821013  8.3816407   0.5997288 ],[4.30364308],,,,
107,[3.02709401 3.84276471 0.74309506],[8.98707679],,,,
108,[ 7.29437121  6.10879661 -0.76817283],[52.30085112],,,,
109,[ 3.58216815 -5.08273906 -0.27654419],[14.07816219],,,,
110,[-5.3583943  -3.54343219 -0.37481402],[28.14082387],,,,
111,[6.96327318 8.80382583 0.43204514],[48.21558095],,,,
112,[1.44230735 7.29374632 0.17149284],[3.33247772],,,,
113,[-8.21515431  3.30107262  0.61501439],[67.22237871],,,,
114,[ 6.14330647 -0.69272993  0.27784122],[37.50130724],,,,
115,[ 2.95587574  8.51503269 -0.0887982 ],[9.21326408],,,,
116,[-2.52860251 -3.62499     0.37178821],[7.47743636],,,,
117,[-9.39065731  1.64465587  0.65448115],[89.21339853],,,,
118,[-6.80797087  0.67287497  0.26505682],[45.58588603],,,,
119,[5.92981929 3.40093532 0.70074022],[36.52287417],,,,
120,[ 5.21448033  8.50041783 -0.27744756],[25.51294194],,,,
121,[6.56479541 3.20985939 0.86908337],[43.68577681],,,,
122,[-9.0712197  -2.182046   -0.87042591],[80.87743404],,,,
123,[ 6.60172876  0.85964839 -0.82483898],[42.78654328],,,,
124,[-5.01383065  0.9676539  -0.3287934 ],[24.37239411],,,,
125,[-5.61601554 -6.88720351  0.94761749],[32.05014047],,,,
126,[2.33232124 4.5224511  0.4251326 ],[3.843345],,,,
127,[ 2.79871092  2.45914464 -0.74705708],[8.33499509],,,,
128,[-7.5779776  -9.17205713  0.24569817],[58.81719333],,,,
129,[-1.14700525  4.20931993  0.63691233],[0.98387902],,,,
130,[-0.86028396 -8.33690137 -0.64788297],[1.09907849],,,,
131,[ 8.77839107 -1.30399276  0.59655905],[77.49467662],,,,
132,[-1.7989848  -7.96886364 -0.12945002],[4.04416759],,,,
133,[-5.41660401  6.80535787 -0.3777702 ],[28.88586764],,,,
134,[ 1.59058341 -2.53666687  0.13346607],[2.9744353],,,,
135,[ 6.78713714 -2.21537898  0.28193029],[47.21721633],,,,
136,[ 3.23983321  5.14972441 -0.65442078],[12.40920966],,,,
137,[ 4.80622127 -7.12027095  0.32721806],[22.76925886],,,,
138,[-4.74545986 -5.88858283  0.90298993],[21.55082193],,,,
139,[6.90795621 2.69056321 0.41076975],[48.12388082],,,,
140,[-0.89478652  1.22451589  0.37801443],[-0.08305911],,,,
141,[-2.88945829  1.68681396 -0.87978751],[7.62882413],,,,
142,[-7.20056972 -8.17197368  0.03554339],[53.19095237],,,,
143,[ 3.34646969  9.21001349 -0.35501823],[11.4284165],,,,
144,[-8.92884237 -0.23486237 -0.51097921],[79.42375312],,,,
145,[-8.36305401  6.15086604 -0.22599721],[68.37270976],,,,
146,[ 4.20980715 -8.24179318  0.05317419],[17.91622628],,,,
147,[-3.74117093  0.77800657 -0.12454068],[14.74867466],,,,
148,[-8.62202816 -3.47010526 -0.37631239],[73.97165613],,,,
149,[ 1.38187668  8.6502891  -0.77573544],[2.08224745],,,,
150,[ 2.45767467 -4.29911013  0.06183259],[8.18251102],,,,
151,[-4.07473861 -1.05435288  0.52272404],[16.38523395],,,,
152,[-8.87049888  4.72838097 -0.81105249],[78.09160845],,,,
153,[ 0.63601553 -5.94621349 -0.01974984],[-0.91650468],,,,
154,[-6.32331563 -5.82848663  0.37161136],[41.06018973],,,,
155,[-0.69285037  1.44884262 -0.19385726],[0.71326055],,,,
156,[9.04091971 0.60196774 0.39942075],[79.23286555],,,,
157,[ 7.37252327 -2.79713852 -0.41122385],[54.25826923],,,,
158,[ 3.24696712  5.322314   -0.46145553],[9.1434027],,,,
159,[ 4.84940889 -3.62440453 -0.77437357],[24.12824243],,,,
160,[ 1.43011345 -6.79853129  0.91883266],[0.88230221],,,,
161,[ 6.37211354 -4.09619458 -0.84524493],[42.44796308],,,,
162,[-7.23484105  3.13926092  0.97878697],[51.9322976],,,,
163,[-1.92952883 -7.0466386  -0.74272216],[3.36313983],,,,
164,[-4.98566985 -7.47372103  0.46140041],[23.91108718],,,,
165,[0.23026472 8.15024532 0.50526627],[-0.56809401],,,,
166,[ 8.85795499 -5.26743397  0.21644097],[76.53633052],,,,
167,[-2.41724895  7.68318389 -0.10141319],[5.25652827],,,,
168,[ 9.07658485  6.96556411 -0.26745932],[83.60920997],,,,
169,[-2.7111765  -4.1756188  -0.72738972],[8.97123987],,,,
170,[ 4.15945543  0.60124188 -0.23689762],[18.2615874],,,,
171,[-4.6641371  -1.37886264 -0.70282406],[22.28333339],,,,
172,[-9.15808641 -5.34673924 -0.69859018],[83.86829725],,,,
173,[5.93578176 0.82482064 0.7762656 ],[35.96954162],,,,
174,[ 5.09126439 -0.55059009 -0.85515982],[25.97153236],,,,
175,[ 2.21403051 -1.8599148   0.66952051],[4.21445378],,,,
176,[-8.38278183  9.12573959  0.29600673],[70.7134137],,,,
177,[ 5.22355539  7.72805237 -0.18798292],[27.02111094],,,,
178,[ 3.96580091  4.16266745 -0.74909309],[16.09486995],,,,
179,[-2.52532309 -5.62872576  0.85015015],[6.30704585],,,,
180,[2.29674555 5.10654163 0.2617325 ],[5.35347098],,,,
181,[-0.05553931  2.69507382  0.55503969],[0.16537721],,,,
182,[-7.79025121 -0.63402311 -0.97691366],[61.74111709],,,,
183,[-2.02202943 -1.01822556  0.81206227],[2.85047497],,,,
184,[ 5.50341    -8.75325887 -0.10242116],[29.41884141],,,,
185,[ 2.09428207 -3.26858743 -0.02180426],[4.10833681],,,,
186,[-8.74261463  7.77400526  0.29806947],[76.23289302],,,,
187,[-6.90573811  1.63660999 -0.11982541],[47.66923611],,,,
188,[2.35115896 4.66329382 0.54502058],[6.18552146],,,,
189,[4.12806777 9.23060394 0.36086319],[18.04088565],,,,
190,[ 4.05945082 -0.03216945 -0.34509731],[18.53150882],,,,
191,[-5.70090848 -2.71917778 -0.96980049],[31.82563567],,,,
192,[-4.85041661  7.65036821 -0.85094855],[22.54236477],,,,
193,[-1.56782516  4.05703595 -0.37494687],[0.81749738],,,,
194,[-4.18765518 -6.62144187 -0.6904679 ],[18.57270776],,,,
195,[-5.49811397  4.88840242  0.25040253],[32.08604243],,,,
196,[8.8191381  8.10842216 0.42110423],[76.40387829],,,,
197,[-9.13496303 -4.53594211  0.23466183],[83.08556385],,,,
198,[-1.71012127 -1.83675831  0.39777867],[3.36018902],,,,
199,[ 3.76150316  0.8992725  -0.00792789],[12.51987033],,,,
200,[ 8.88566801  2.5829683  -0.22392362],[78.64825155],,,,
201,[-9.10888136  1.49306505  0.69638264],[81.20914365],,,,
202,[-9.20791942 -4.76866488  0.43375819],[84.1397986],,,,
203,[-7.23661458 -2.14054837 -0.01519956],[52.67607049],,,,
204,[-4.22453452  1.73487914 -0.64652824],[16.66597018],,,,
205,[ 7.96994771  7.46357095 -0.37966951],[61.32755984],,,,
206,[-3.45913552 -1.96373282 -0.30015622],[12.75559951],,,,
207,[-5.82970597 -8.26460027 -0.21185382],[34.75114783],,,,
208,[1.90081466 5.47408824 0.46424806],[1.60948024],,,,
209,[4.82018302 8.20406107 0.37717407],[23.80541446],,,,
210,[-6.17537677  5.1454289   0.39556688],[39.22342552],,,,
211,[7.09994319 5.7304665  0.21799672],[50.96166553],,,,
212,[-3.21435348  2.90971964 -0.50850831],[11.12555452],,,,
213,[ 4.04854442 -8.93232727 -0.93184682],[18.62456007],,,,
214,[ 1.61754963  9.14436025 -0.30626138],[2.32283115],,,,
215,[-9.38994225  0.38623862  0.58170629],[89.26512821],,,,
216,[-8.13407697  3.52934267  0.48577688],[67.68728408],,,,
217,[ 0.16103025  2.60391177 -0.72133596],[1.4075226],,,,
218,[-6.95585562 -6.41094554 -0.90825529],[46.7178768],,,,
219,[ 8.53162816 -4.79003712  0.82328879],[74.67152566],,,,
220,[-3.93039827  2.44137336 -0.80407496],[14.58977516],,,,
221,[8.29594229 3.16057939 0.08253268],[69.27356716],,,,
222,[-3.08339799 -3.82927527 -0.70503825],[12.508731],,,,
223,[5.88859746 4.91117565 0.52720635],[33.79718348],,,,
224,[8.75884155 1.24492075 0.40850683],[76.28699681],,,,
225,[-4.43367141 -3.00720895  0.62126692],[20.33623346],,,,
226,[3.03347383 5.5971872  0.69076095],[10.29984282],,,,
227,[8.43938104 5.69922164 0.20527401],[71.52243768],,,,
228,[-5.26865142 -7.65547773  0.03319279],[28.50926467],,,,
229,[ 1.98636207 -1.79763806 -0.02216473],[4.65043074],,,,
230,[ 7.17161041  7.52947147 -0.54611393],[50.62726307],,,,
231,[-3.40078233 -3.39348084  0.06151562],[10.25523487],,,,
232,[-8.09701674 -6.30161053 -0.62760188],[63.53002227],,,,
233,[ 0.98208161 -0.33206774  0.53744596],[0.18015372],,,,
234,[ 2.25394779 -7.91149679  0.29773869],[5.57156657],,,,
235,[-1.35873555 -2.52908828  0.1522136 ],[2.6354235],,,,
236,[ 9.3851039  -4.04202841  0.45228887],[88.96512475],,,,
237,[-4.04522555  2.52623264  0.82928134],[16.76838489],,,,
238,[-4.87151624  4.63196719 -0.14007149],[23.93382331],,,,
239,[-0.87905761 -3.16218768 -0.44925806],[2.25322666],,,,
240,[-0.26084077 -5.16181725  0.29533772],[0.61799706],,,,
241,[ 8.71157046 -2.55329341 -0.49719727],[76.99500151],,,,
242,[6.10518782 2.17845178 0.25963033],[36.71680045],,,,
243,[7.34046378 4.09561884 0.53558948],[53.89977811],,,,
244,[ 1.78024549 -0.9683894   0.78403659],[2.09881358],,,,
245,[-4.31462968 -0.46086522 -0.57088751],[16.99758501],,,,
246,[ 1.87716491 -8.25450421  0.26441221],[3.46563869],,,,
247,[-0.32911654  7.66619112  0.3022312 ],[0.36729993],,,,
248,[-6.85113955  2.61890229 -0.57958716],[47.59930657],,,,
249,[-8.50883565 -7.91923051  0.19123773],[73.02569451],,,,
250,[-7.36648627  1.01475596  0.62616188],[54.9208975],,,,
251,[-3.19468375  1.3559075  -0.65511525],[10.72070714],,,,
252,[-7.9401561   6.50596315  0.59240785],[63.11595411],,,,
253,[3.64719266 3.52090414 0.13024338],[13.06329891],,,,
254,[-5.30537107  7.60425865  0.26135691],[30.01690049],,,,
255,[ 0.02784437 -7.53617057  0.87085764],[-0.11365735],,,,
256,[-0.0205819  -6.35714265  0.8031785 ],[-0.27549181],,,,
257,[ 4.4047901  -5.73615253 -0.31126162],[19.92945455],,,,
258,[-7.11191212 -4.1950416  -0.13177208],[50.50387394],,,,
259,[ 7.4757905   7.80226999 -0.38174745],[56.62794491],,,,
260,[-1.51814128  3.58269189 -0.50426785],[2.00955032],,,,
261,[ 3.13583397 -8.31811511 -0.76592622],[9.80166322],,,,
262,[-7.75853415  8.63768272  0.41196696],[59.85153693],,,,
263,[-2.13751702 -7.55314254  0.3875212 ],[4.18705163],,,,
264,[-0.22318826 -3.40102922 -0.76915704],[-1.65800074],,,,
265,[ 1.90381244  5.43092315 -0.35794652],[4.00311858],,,,
266,[-3.18129349  4.14333706 -0.75931491],[9.81954258],,,,
267,[-9.22341513 -4.99855204 -0.37142362],[84.54180714],,,,
268,[7.98342763 6.04533037 0.38943116],[63.11382491],,,,
269,[ 5.68344567  5.41254121 -0.44666636],[32.18103297],,,,
270,[-0.98397097 -2.51893195 -0.88352256],[0.75348409],,,,
271,[-8.67258365 -7.12827353 -0.23208801],[75.1607249],,,,
272,[-2.85137404 -3.38999316  0.95698782],[8.43061639],,,,
273,[ 4.81320514 -4.8540311   0.53292611],[23.15610019],,,,
274,[ 2.78118709 -8.77980905 -0.92203153],[8.02702106],,,,
275,[-1.7554616  -5.34878517 -0.40342219],[1.76919694],,,,
276,[ 4.51321715 -0.26700794 -0.0876398 ],[19.22596519],,,,
277,[-7.88916904  8.00514083 -0.80051096],[61.99919687],,,,
278,[ 6.72971299  4.89279267 -0.52626907],[46.26578444],,,,
279,[ 1.37700728  4.21722353 -0.37506415],[3.84186989],,,,
280,[-6.70356356  5.87115673  0.62473256],[45.63409018],,,,
281,[-0.26247355 -3.47675862  0.55727391],[1.58267392],,,,
282,[-6.9291443   0.87577837 -0.6836624 ],[48.14295568],,,,
283,[-3.91015033 -7.1699145  -0.63025937],[16.49943507],,,,
284,[-3.75444631 -1.31764425  0.34347903],[13.21255172],,,,
285,[-7.342765   -0.33403484  0.96905112],[56.0792382],,,,
286,[-7.74810446 -5.64201266  0.08153446],[60.54889209],,,,
287,[ 2.12795502 -5.73322486 -0.79065913],[4.08647582],,,,
288,[-7.50223555 -4.04003761 -0.80062709],[54.97418996],,,,
289,[ 9.01485618  6.43064405 -0.97988107],[81.83539781],,,,
290,[-3.41994081  6.84182119 -0.2222662 ],[13.28436824],,,,
291,[-2.88172542  2.5973677  -0.79634164],[8.31555098],,,,
292,[-8.0564117   8.46150347  0.77106689],[65.54836558],,,,
293,[-0.81269296 -7.32895088 -0.26294886],[0.01805946],,,,
294,[-5.57008807 -1.1292278  -0.72741696],[30.66774311],,,,
295,[-2.56197832 -0.69864672  0.95299988],[6.96843975],,,,
296,[-1.28801754 -4.8069466   0.01719366],[1.92180174],,,,
297,[ 2.46175871 -7.26058322  0.58025178],[7.54791677],,,,
298,[-5.57945318  2.45314248  0.5563189 ],[29.94625085],,,,
299,[ 0.25160243 -7.31210798 -0.66275865],[0.84253067],,,,
300,[-3.83072508  8.07979984  0.12128679],[16.08695802],,,,
301,[ 3.61969892 -8.19615254 -0.30950182],[13.87233272],,,,
302,[ 2.2395593  -2.38036126  0.2440582 ],[5.04752535],,,,
303,[ 1.19501434 -0.77511443 -0.64863474],[2.92772488],,,,
304,[ 1.36913306 -8.1762208  -0.98032172],[0.60580158],,,,
305,[-6.53321515  6.53484425 -0.87517205],[42.52690708],,,,
306,[-2.13612907  3.1187416  -0.9837325 ],[4.77039529],,,,
307,[ 7.63886664 -5.04336522 -0.68518513],[58.83461779],,,,
308,[-0.45037761 -0.99367351  0.29434604],[-1.08528162],,,,
309,[ 2.94773754 -8.74974283 -0.80638277],[8.59344305],,,,
310,[-6.21192024  5.57493001 -0.67533866],[39.47383471],,,,
311,[8.54231784 1.19162504 0.75238849],[73.27681617],,,,
312,[-3.74471577  4.34281343 -0.57944974],[14.5993667],,,,
313,[-5.97402766 -3.33779943  0.91074152],[34.96395541],,,,
314,[9.05158812 3.27965337 0.71691581],[81.11513952],,,,
315,[ 5.10346014  6.96593755 -0.80084585],[26.71122478],,,,
316,[-6.95970833  5.42632489 -0.63363234],[48.01524721],,,,
317,[ 4.57489592 -7.47024217  0.67347512],[21.07249828],,,,
318,[ 0.58691554 -3.7506675   0.57879286],[1.41851608],,,,
319,[ 6.4535737  -0.49350027 -0.37858142],[41.25050986],,,,
320,[ 9.4007209  -3.94592136  0.48659568],[87.61262184],,,,
321,[ 0.33185821  7.13339011 -0.26954654],[0.20662429],,,,
322,[-0.27733199 -5.36070959 -0.3412573 ],[0.9724274],,,,
323,[ 1.79025711 -7.74753302  0.25699254],[4.23374584],,,,
324,[-4.26639977 -7.9932039  -0.80759312],[18.43478339],,,,
325,[ 9.28908811 -0.37842926  0.9691774 ],[86.77868659],,,,
326,[6.05277845 4.85612051 0.37531328],[34.87209515],,,,
327,[ 7.71447391 -3.30082737  0.86162556],[60.14073218],,,,
328,[ 2.49114249 -4.48833558 -0.84120833],[6.63817533],,,,
329,[ 6.09003172  1.18859587 -0.66141714],[36.77157147],,,,
330,[-9.33967976 -0.63555635  0.7434794 ],[86.05855011],,,,
331,[ 8.68087741  4.46129432 -0.63940082],[75.38360889],,,,
332,[ 1.77767616 -3.42468772 -0.37631086],[4.10463672],,,,
333,[ 8.91896188  2.56879397 -0.13730927],[79.49108108],,,,
334,[-4.04048853 -9.15684705  0.69997579],[17.25183856],,,,
335,[-3.01113776 -2.23801403  0.80197109],[8.52369817],,,,
336,[-5.92439173 -5.5342847   0.56429486],[34.44497227],,,,
337,[-6.07887864  6.52078634 -0.2849775 ],[37.14961708],,,,
338,[ 4.19464568  7.20335343 -0.24683154],[17.3297354],,,,
339,[ 7.16451034 -0.84390179  0.96364924],[52.79395277],,,,
340,[-2.96626542 -3.86040294  0.65592503],[9.78987779],,,,
341,[ 0.19334123  4.85457987 -0.55893846],[-0.01676551],,,,
342,[-0.67128125 -3.05633016  0.3715812 ],[-0.24895948],,,,
343,[ 5.94697481  7.88296841 -0.56217378],[34.1825461],,,,
344,[ 8.50542504 -9.15762188  0.00957934],[73.33241387],,,,
345,[-4.6875834  -1.46314632 -0.08784256],[19.64122159],,,,
346,[ 8.57023666  1.335312   -0.63602818],[74.80533798],,,,
347,[ 5.63114432  0.64974816 -0.56593219],[30.01428729],,,,
348,[ 2.84769368 -6.77077095  0.70673142],[7.84411793],,,,
349,[ 1.22720069 -0.72700286  0.29371246],[-0.08342294],,,,
350,[-6.30961167 -5.76095952 -0.3569748 ],[39.43967906],,,,
351,[-4.68110477 -9.35933337 -0.60990778],[22.25128304],,,,
352,[-6.61603401 -2.8873428   0.70954702],[42.7626978],,,,
353,[ 3.48844866  1.0086682  -0.37859186],[12.02609168],,,,
354,[ 0.84057372  2.34676376 -0.21240636],[-0.43779848],,,,
355,[-9.17382873  3.76497734  0.11922416],[84.83653314],,,,
356,[ 9.00327041  7.70629971 -0.31843618],[80.34247359],,,,
357,[-7.33387967 -0.69298099  0.77964318],[53.94987343],,,,
358,[ 8.86130282  3.18945974 -0.12840739],[80.23309477],,,,
359,[-3.00282314  2.19442701 -0.61376903],[9.53829784],,,,
360,[ 9.02759867  4.07535307 -0.49410375],[82.83377448],,,,
361,[ 0.38498775 -4.52495126  0.5246408 ],[-0.93882389],,,,
362,[ 1.63539234  3.49175195 -0.9425471 ],[1.71545772],,,,
363,[1.99782704 2.03114485 0.24816497],[4.20051338],,,,
364,[ 7.32668655  9.05651976 -0.40675874],[52.50793593],,,,
365,[ 2.45856614 -0.31428028  0.24539629],[5.03630837],,,,
366,[ 2.71724109 -4.03649036 -0.97904681],[7.9758211],,,,
367,[ 8.05614839  3.33879212 -0.49641614],[66.63663722],,,,
368,[-8.95653393  9.04462799 -0.25413055],[81.48905167],,,,
369,[-6.82198541  2.14060206  0.73492539],[46.42490689],,,,
370,[-1.8408497  -8.93042553  0.24054238],[3.25859654],,,,
371,[-7.38060111  2.72759997  0.72292443],[54.7065653],,,,
372,[-1.29387904 -5.64952035 -0.46123363],[2.43716844],,,,
373,[ 5.31961025 -8.43689301 -0.71271358],[28.98730169],,,,
374,[-4.51363844 -9.16471107  0.93014219],[19.44538228],,,,
375,[-0.83285271 -6.87751743 -0.1693849 ],[1.4011958],,,,
376,[-1.35505131 -2.10337271  0.42159536],[1.59987809],,,,
377,[-0.34698175 -6.6038079   0.40788911],[1.76176841],,,,
378,[ 0.21012137 -5.29386797  0.92234205],[-2.14527266],,,,
379,[-6.60140021 -5.21935244 -0.43562909],[44.46317143],,,,
380,[3.62841011 5.78310925 0.62744393],[13.61842417],,,,
381,[ 9.10278391 -1.22985118 -0.86476435],[80.66899766],,,,
382,[ 8.96650403  7.03521682 -0.8437848 ],[79.7793209],,,,
383,[ 7.79938429 -1.51979974 -0.69965026],[60.25478572],,,,
384,[ 0.50432623  1.11251106 -0.86702347],[1.02297588],,,,
385,[-3.58475703  8.18307456  0.5706531 ],[12.38654626],,,,
386,[ 3.2414649  -7.51276788 -0.63745715],[10.89225312],,,,
387,[-4.26307468  8.90944717  0.4029926 ],[18.53433023],,,,
388,[-1.71396635 -2.77226173  0.50634641],[1.89341776],,,,
389,[7.17092429 2.92269416 0.87545049],[51.93583971],,,,
390,[ 3.79831363 -7.97053133  0.94833504],[15.6550129],,,,
391,[-0.87350191  7.65357084 -0.46022611],[-0.07366092],,,,
392,[-6.51969278 -7.75454656 -0.88987772],[41.55068326],,,,
393,[-8.70669808  3.12067891  0.213793  ],[76.66727961],,,,
394,[-6.04508606  6.00332832  0.1330201 ],[35.70185904],,,,
395,[ 7.96027011 -8.57292126  0.45045394],[64.43105734],,,,
396,[-1.38573829 -5.67821735 -0.22379921],[2.24290331],,,,
397,[2.21436256 2.13482288 0.5072683 ],[5.96925458],,,,
398,[ 6.4071402  -4.69922272 -0.7042658 ],[39.36247181],,,,
399,[7.67726677 2.50192324 0.2807413 ],[58.19909894],,,,
400,[-6.52739404 -3.60152927  0.41315941],[42.86509289],,,,
401,[5.24534031 0.82321795 0.19688093],[27.86796082],,,,
402,[6.9788304  8.27421914 0.90730454],[49.50075771],,,,
403,[-8.01982899  0.97569875 -0.58376068],[62.77914761],,,,
404,[5.79027189 6.76762256 0.32557103],[32.18264843],,,,
405,[ 6.43034856  5.35409015 -0.95235922],[41.1177722],,,,
406,[ 7.11706548 -0.91101144  0.23513403],[50.33026503],,,,
407,[ 5.79692305 -4.86850987  0.31116655],[34.83404057],,,,
408,[-0.6093709   8.33745443 -0.76556288],[-0.90060913],,,,
409,[-8.13348853 -3.27300027  0.3077434 ],[66.1015883],,,,
410,[0.83863028 0.9906822  0.16257673],[1.30777515],,,,
411,[-2.88336979  2.45897756 -0.8870046 ],[9.29171323],,,,
412,[1.1852081  1.65707491 0.48981879],[2.82779038],,,,
413,[-4.66978044  1.35309978  0.40167247],[21.62621322],,,,
414,[-5.64322358 -1.11762969  0.39438653],[30.97791431],,,,
415,[ 1.49974704 -6.78016625 -0.86145806],[1.12620192],,,,
416,[-4.27327051 -5.02112988 -0.49793931],[19.98030144],,,,
417,[0.12374342 4.01188531 0.0238745 ],[1.12371915],,,,
418,[-2.90201445 -5.8225141  -0.32208563],[8.83147762],,,,
419,[-0.0492722   6.73798628  0.1448798 ],[-1.82548576],,,,
420,[8.33103602 0.66064175 0.30382918],[69.98303541],,,,
421,[ 4.63660813 -5.08088128 -0.62811572],[21.43722438],,,,
422,[-8.76405581  7.04946796 -0.92695345],[75.6033626],,,,
423,[-3.932054   -7.55877498  0.0497317 ],[16.03065444],,,,
424,[ 1.98982324 -5.45125681  0.59027146],[4.2511603],,,,
425,[-4.090329    3.82330346 -0.04721162],[17.20152467],,,,
426,[-7.78634427  1.58342087 -0.97368131],[60.63845685],,,,
427,[-2.83438029  7.7716447   0.02006255],[7.43492497],,,,
428,[-3.88704871 -9.1434318  -0.29680094],[15.21985276],,,,
429,[1.03601537 6.95299568 0.55327552],[1.90695011],,,,
430,[-6.99646639 -1.89795827 -0.12814613],[50.44033003],,,,
431,[ 7.24620262  6.75682911 -0.61764439],[53.12933478],,,,
432,[ 6.17754681 -2.00504862 -0.0674788 ],[39.5358775],,,,
433,[ 7.66702606  2.38516633 -0.24371016],[59.37431787],,,,
434,[-0.99327108  1.63913326  0.17190117],[0.69657352],,,,
435,[5.25744379 7.69317459 0.28147531],[27.36814795],,,,
436,[ 4.03163715  7.21733059 -0.25403231],[17.03031236],,,,
437,[-1.99019216 -5.14202958 -0.26167367],[5.4953327],,,,
438,[-7.15264579  5.92043255  0.64513592],[50.35222099],,,,
439,[-5.40885757  6.72273426  0.66385222],[29.49203662],,,,
440,[-7.64571852 -5.5678386  -0.4843419 ],[58.12036307],,,,
441,[-0.02899023  9.09128042  0.7314959 ],[0.29691715],,,,
442,[ 5.58977052 -8.93164014 -0.46601262],[29.92755562],,,,
443,[-2.70006494 -7.366935   -0.32052867],[7.40409543],,,,
444,[-5.60171272 -6.8057392  -0.73485324],[32.01153345],,,,
445,[-6.01455843 -8.25594447  0.82432753],[35.28742116],,,,
446,[ 5.30450202  6.4437867  -0.54557367],[29.01366487],,,,
447,[-1.83651977  1.22758721 -0.57898621],[4.68744273],,,,
448,[-3.96192477 -5.3810316  -0.76549182],[15.16697351],,,,
449,[-0.59036403 -7.98538417  0.76965413],[0.82264021],,,,
450,[ 6.4452724   9.15745429 -0.53217588],[44.1419985],,,,
451,[-8.99027533 -8.99294342 -0.16058519],[81.10646127],,,,
452,[ 7.7333117   7.27266119 -0.03688316],[59.31181714],,,,
453,[ 4.93251101  4.46788396 -0.76600124],[24.15450697],,,,
454,[ 8.75674894 -8.98938697  0.08285049],[76.4422473],,,,
455,[7.80447589 1.8151063  0.25372844],[59.73067361],,,,
456,[-6.81099938e+00 -2.70099670e+00  5.18144019e-03],[45.75666051],,,,
457,[-7.0007645  -4.34103716 -0.64676361],[50.0645361],,,,
458,[ 5.77069982 -3.37324497  0.54009353],[32.83160815],,,,
459,[1.42820796 3.02740223 0.06613284],[2.55590527],,,,
460,[6.7298054  4.89464584 0.19986925],[46.02347425],,,,
461,[1.12495903 3.38206904 0.2400863 ],[1.49876633],,,,
462,[-4.16734083 -5.93959232 -0.80892293],[18.02395326],,,,
463,[4.707937   8.66219889 0.35161699],[23.29379244],,,,
464,[-7.69446702  6.24077689  0.02212199],[57.70330843],,,,
465,[-6.93633112 -2.57944551 -0.21574133],[49.10088362],,,,
466,[-1.665866    2.8483209   0.22147607],[3.8686432],,,,
467,[-3.47814063  0.85444987  0.78714335],[11.89886294],,,,
468,[-9.29202975  0.58268459 -0.55507695],[86.0821019],,,,
469,[-9.28586325 -3.55908872 -0.05264086],[85.52738059],,,,
470,[-4.03068827  2.23146226  0.98296981],[17.60186086],,,,
471,[-1.55490278 -0.67062304  0.36617514],[4.04979718],,,,
472,[-0.94813778 -1.27120599  0.28976542],[0.21028151],,,,
473,[ 8.76420878 -8.71716106  0.87598463],[78.39539983],,,,
474,[-3.74647767 -4.11848761 -0.14072084],[14.30414048],,,,
475,[-3.91871077 -8.66350441  0.82062937],[16.37935863],,,,
476,[4.24992768 1.37380388 0.35835607],[18.97050815],,,,
477,[-4.352564   -8.98547383 -0.36200913],[19.58295172],,,,
478,[ 5.13562468 -5.79662526  0.83198859],[27.3312429],,,,
479,[-2.62391054  4.43982377 -0.3721167 ],[5.96669823],,,,
480,[ 8.32237917  4.09957112 -0.34489938],[70.37699165],,,,
481,[-1.08646786 -0.13489458 -0.44194708],[0.90081119],,,,
482,[-1.14773683 -2.17610318 -0.29022035],[0.79292653],,,,
483,[ 8.21983596  0.58326601 -0.73075267],[67.13902519],,,,
484,[-1.02992906 -5.33927356 -0.3265327 ],[-0.90187761],,,,
485,[ 5.87820571 -5.91053603  0.99409202],[34.02586354],,,,
486,[ 9.38103001 -9.29548394  0.38645776],[90.48990005],,,,
487,[-8.07530462  5.16865371  0.69251818],[64.55654394],,,,
488,[6.29368623 8.73806325 0.22475529],[39.42330859],,,,
489,[-9.25173901  5.2057845   0.63758021],[84.34282813],,,,
490,[-3.30789249  6.91902352  0.27857503],[11.49465675],,,,
491,[-7.89770214 -7.37648478 -0.33659185],[61.8894444],,,,
492,[ 6.55246364 -3.18359402 -0.48033574],[42.98468851],,,,
493,[-0.78455319 -0.51705324 -0.67442689],[-0.10719657],,,,
494,[ 0.80960296  3.68209714 -0.04335913],[0.62663781],,,,
495,[-1.90232619 -8.02529016 -0.88125014],[3.65616395],,,,
496,[-3.08195002 -6.30311476 -0.16796617],[10.03161956],,,,
497,[ 7.8073348   8.19261198 -0.71113002],[59.35206399],,,,
498,[2.11983651 5.16331747 0.65696203],[5.23598388],,,,
499,[ 7.32776207 -6.61671513  0.19071975],[53.29593196],,,,
