,x_train,y_train,x_test,y_pred,y_std
0,[-2.71923904 -6.87281576 -0.40001707],[-7.32125015],[-3.14159265 -9.42477796 -1.        ],[0.00909694],[0.33516699]
1,[-2.40817737  6.5273312  -0.72639071],[-13.40867936],[-3.07812614 -9.23437841 -0.97979798],[-1.05185685],[0.26195251]
2,[-0.33538092 -5.38322517  0.76539402],[-6.8507115],[-3.01465962 -9.04397885 -0.95959596],[-2.14424031],[0.20335397]
3,[-0.99213804 -7.15406413  0.78169773],[-16.55905715],[-2.9511931  -8.8535793  -0.93939394],[-3.25903629],[0.15750033]
4,[ 2.64452976 -2.96631804 -0.46171673],[9.47773896],[-2.88772658 -8.66317974 -0.91919192],[-4.38719298],[0.12246396]
5,[-3.10779585  9.3748237   0.06652869],[-1.54900077],[-2.82426006 -8.47278019 -0.8989899 ],[-5.51978029],[0.096416]
6,[3.12719191 8.24473808 0.13457463],[-0.53839683],[-2.76079354 -8.28238063 -0.87878788],[-6.64812929],[0.07779777]
7,[ 1.24421666 -5.71935446 -0.30594123],[18.16105018],[-2.69732703 -8.09198108 -0.85858586],[-7.76395052],[0.06542006]
8,[-2.97502349  6.28876724  0.86511194],[-3.80534054],[-2.63386051 -7.90158152 -0.83838384],[-8.85942777],[0.05835623]
9,[-1.92861667  1.2026735   0.76516997],[-18.18408798],[-2.57039399 -7.71118197 -0.81818182],[-9.92728593],[0.05562771]
10,[-1.3305505   7.09624666  0.944435  ],[-18.61245595],[-2.50692747 -7.52078241 -0.7979798 ],[-10.96083246],[0.0559962]
11,[ 3.0423687  -2.46626385 -0.74534551],[2.16697955],[-2.44346095 -7.33038286 -0.77777778],[-11.95397384],[0.05812204]
12,[ 0.37440794  2.60041826 -0.01436163],[7.31343889],[-2.37999443 -7.1399833  -0.75757576],[-12.90120954],[0.06085706]
13,[-1.63944119  2.44626524  0.15110301],[-19.33340133],[-2.31652792 -6.94958375 -0.73737374],[-13.79760723],[0.06338144]
14,[-0.71089304 -0.98944292 -0.99926522],[-12.7149769],[-2.2530614  -6.75918419 -0.71717172],[-14.63876387],[0.06518905]
15,[-0.52368955 -0.26862189  0.46836847],[-9.70903941],[-2.18959488 -6.56878464 -0.6969697 ],[-15.42075765],[0.06602283]
16,[ 0.5390754   4.40590812 -0.76249319],[10.2920359],[-2.12612836 -6.37838508 -0.67676768],[-16.14009612],[0.06581134]
17,[ 0.33578979  8.91641755 -0.30471696],[7.18624746],[-2.06266184 -6.18798553 -0.65656566],[-16.79366537],[0.06461664]
18,[0.16413164 4.97043566 0.72708924],[3.65434467],[-1.99919533 -5.99758598 -0.63636364],[-17.37868483],[0.06259149]
19,[ 2.92593928  7.84076561 -0.6408929 ],[3.42010072],[-1.93572881 -5.80718642 -0.61616162],[-17.892671],[0.059943]
20,[-2.0063654  -0.39262763 -0.40617923],[-17.53927251],[-1.87226229 -5.61678687 -0.5959596 ],[-18.33341271],[0.05690105]
21,[ 1.90067116 -8.06468332  0.5063181 ],[18.53801787],[-1.80879577 -5.42638731 -0.57575758],[-18.6989589],[0.05369084]
22,[ 1.63610426 -7.24209196 -0.96248601],[19.34016178],[-1.74532925 -5.23598776 -0.55555556],[-18.98761892],[0.05050996]
23,[-1.63112791  5.41109714  0.79110326],[-19.35500312],[-1.68186273 -5.0455882  -0.53535354],[-19.19797404],[0.04751097]
24,[ 2.61097691  4.83915352 -0.45844866],[9.39633991],[-1.61839622 -4.85518865 -0.51515152],[-19.32889776],[0.04479214]
25,[ 0.67021002 -8.52933821 -0.36987935],[11.36415857],[-1.5549297  -4.66478909 -0.49494949],[-19.37958192],[0.04239791]
26,[-1.27406638 -8.4614252   0.20574399],[-18.73703429],[-1.49146318 -4.47438954 -0.47474747],[-19.34956512],[0.04032977]
27,[ 2.29367863 -1.29036525  0.65566091],[14.59921988],[-1.42799666 -4.28398998 -0.45454545],[-19.23875965],[0.03856491]
28,[-0.32234089 -4.9730924  -0.50529259],[-6.57978567],[-1.36453014 -4.09359043 -0.43434343],[-19.04747381],[0.03707718]
29,[-1.63365192  3.32418963 -0.64322501],[-19.33681689],[-1.30106362 -3.90319087 -0.41414141],[-18.77642649],[0.03585408]
30,[-2.49737363 -5.25870954 -0.47096143],[-11.20672309],[-1.23759711 -3.71279132 -0.39393939],[-18.42675233],[0.03490439]
31,[ 2.99459002  0.72251564 -0.90637143],[2.77551956],[-1.17413059 -3.52239176 -0.37373737],[-17.99999623],[0.0342544]
32,[-0.39498335  6.57220483  0.94003039],[-6.8516655],[-1.11066407 -3.33199221 -0.35353535],[-17.49809726],[0.03393364]
33,[ 1.99363606 -5.32203339 -0.8597528 ],[17.85708799],[-1.04719755 -3.14159265 -0.33333333],[-16.92336313],[0.03395472]
34,[ 0.60643564  7.27700975 -0.35279074],[11.59377466],[-0.98373103 -2.9511931  -0.31313131],[-16.27843715],[0.03429631]
35,[ 1.50876701 -6.57276126  0.42867945],[19.28976981],[-0.92026451 -2.76079354 -0.29292929],[-15.56626019],[0.03489552]
36,[-1.05294069 -3.0783629  -0.83174645],[-16.98158617],[-0.856798   -2.57039399 -0.27272727],[-14.79003082],[0.03565424]
37,[ 0.45110533 -3.44709318 -0.63598661],[8.1423947],[-0.79333148 -2.37999443 -0.25252525],[-13.95316653],[0.03645489]
38,[ 1.96596726 -8.05311791  0.29367877],[18.14800283],[-0.72986496 -2.18959488 -0.23232323],[-13.05926904],[0.03718059]
39,[ 0.73623533 -1.97694489 -0.30179362],[12.84934847],[-0.66639844 -1.99919533 -0.21212121],[-12.11209579],[0.03773287]
40,[ 1.14513909 -1.20960214 -0.23522045],[17.60101863],[-0.60293192 -1.80879577 -0.19191919],[-11.11553927],[0.03804496]
41,[2.9218118  6.53589212 0.75917036],[3.58683171],[-0.53946541 -1.61839622 -0.17171717],[-10.07361462],[0.03808923]
42,[ 0.05219828 -5.44699552 -0.56829567],[0.49634927],[-0.47599889 -1.42799666 -0.15151515],[-8.99045523],[0.03787909]
43,[ 0.58662064 -6.28502439 -0.01104907],[10.19317537],[-0.41253237 -1.23759711 -0.13131313],[-7.87031492],[0.0374656]
44,[ 0.36619278  1.51058885 -0.46130243],[7.05941696],[-0.34906585 -1.04719755 -0.11111111],[-6.71757467],[0.03692872]
45,[ 1.45071622 -2.05570624 -0.44078277],[19.22045491],[-0.28559933 -0.856798   -0.09090909],[-5.53675124],[0.03636308]
46,[-0.57110135 -8.83558129 -0.10664676],[-11.17352843],[-0.22213281 -0.66639844 -0.07070707],[-4.33250478],[0.03586033]
47,[ 1.03562128 -6.71004587 -0.80685521],[16.30670975],[-0.1586663  -0.47599889 -0.05050505],[-3.10964272],[0.03549042]
48,[-0.05685957 -6.13231905 -0.48473732],[-1.6840545],[-0.09519978 -0.28559933 -0.03030303],[-1.87311747],[0.03528672]
49,[ 2.56377323 -6.58593847 -0.58500602],[11.09963313],[-0.03173326 -0.09519978 -0.01010101],[-0.62801616],[0.03524026]
50,[ 1.84533883  4.06990798 -0.6090774 ],[18.51333927],[0.03173326 0.09519978 0.01010101],[0.62045853],[0.03530463]
51,[-1.35994871  4.73583756 -0.25633818],[-18.83465673],[0.09519978 0.28559933 0.03030303],[1.86701625],[0.03540983]
52,[0.26504782 0.66951354 0.65949094],[5.13751579],[0.1586663  0.47599889 0.05050505],[3.10631483],[0.03547968]
53,[-0.66559204 -8.05898382 -0.27154729],[-12.55900134],[0.22213281 0.66639844 0.07070707],[4.33300208],[0.03544761]
54,[-2.00186571  9.02450457  0.57532088],[-17.92517794],[0.28559933 0.856798   0.09090909],[5.54176107],[0.03526806]
55,[-1.63714933 -8.46919604  0.89437015],[-19.2496295],[0.34906585 1.04719755 0.11111111],[6.72735618],[0.03492268]
56,[1.42185531 1.54151867 0.19922745],[19.16716164],[0.41253237 1.23759711 0.13131313],[7.8846768],[0.03442206]
57,[-2.49810705  7.76548848  0.38809376],[-12.20008557],[0.47599889 1.42799666 0.15151515],[9.00877614],[0.03380411]
58,[1.78297183 2.85963949 0.10891168],[18.87405598],[0.53946541 1.61839622 0.17171717],[10.09490311],[0.03312949]
59,[-2.04161918  3.8144038  -0.83446173],[-17.41800181],[0.60293192 1.80879577 0.19191919],[11.13852582],[0.03247487]
60,[-3.13225553  0.56146792  0.24449496],[-0.22846057],[0.66639844 1.99919533 0.21212121],[12.13534643],[0.03192325]
61,[ 1.1837447  -0.81865874  0.10040045],[17.90004412],[0.72986496 2.18959488 0.23232323],[13.08130805],[0.0315519]
62,[-2.82030446 -7.7089337   0.72587672],[-5.40112195],[0.79333148 2.37999443 0.25252525],[13.9725951],[0.03141948]
63,[-2.42065202  8.95786601  0.08646756],[-13.4183157],[0.856798   2.57039399 0.27272727],[14.80562952],[0.03155527]
64,[ 1.70394149 -3.3113769   0.05538241],[19.21430154],[0.92026451 2.76079354 0.29292929],[15.57706553],[0.03195437]
65,[1.13628993 2.66233269 0.00394199],[17.6726149],[0.98373103 2.9511931  0.31313131],[16.28378585],[0.03258159]
66,[-2.20674301  1.16337237  0.88765474],[-15.64575195],[1.04719755 3.14159265 0.33333333],[16.92290197],[0.03338257]
67,[-0.35031086 -7.41547679  0.74472433],[-7.29278643],[1.11066407 3.33199221 0.35353535],[17.49176076],[0.0342987]
68,[-1.37298817  9.42355629  0.35938853],[-18.78440071],[1.17413059 3.52239176 0.37373737],[17.98795841],[0.03528163]
69,[ 2.3905253  -5.76193413 -0.98248676],[13.61762128],[1.23759711 3.71279132 0.39393939],[18.40936223],[0.0363033]
70,[ 0.7195606  -5.78782019 -0.6835297 ],[12.32710659],[1.30106362 3.90319087 0.41414141],[18.75413911],[0.03736024]
71,[ 0.66613468 -5.90560493  0.51957494],[11.52274075],[1.36453014 4.09359043 0.43434343],[19.02078877],[0.03847108]
72,[-3.14025693 -8.71637732 -0.26528094],[0.82698291],[1.42799666 4.28398998 0.45454545],[19.20817887],[0.03966812]
73,[-0.87787066  1.56661715 -0.32455362],[-14.80885015],[1.49146318 4.47438954 0.47474747],[19.31557824],[0.04098505]
74,[-1.71671922  5.27981738 -0.4880851 ],[-19.21825271],[1.5549297  4.66478909 0.49494949],[19.3426845],[0.0424439]
75,[ 1.75602329 -7.69849135 -0.55595469],[19.14561205],[1.61839622 4.85518865 0.51515152],[19.28964224],[0.04404567]
76,[ 0.13665117  8.52012318 -0.15394785],[3.44991747],[1.68186273 5.0455882  0.53535354],[19.15704849],[0.04576738]
77,[-0.11810735  7.56693951  0.84172537],[-1.53421048],[1.74532925 5.23598776 0.55555556],[18.94594351],[0.0475666]
78,[ 0.12691067 -3.31324746  0.45636723],[2.12592728],[1.80879577 5.42638731 0.57575758],[18.65778571],[0.04939153]
79,[-0.03068793 -2.75078314  0.00291568],[-0.8436244],[1.87226229 5.61678687 0.5959596 ],[18.29441144],[0.0511933]
80,[-3.01150005 -7.33670919 -0.77864964],[-1.79440301],[1.93572881 5.80718642 0.61616162],[17.85798183],[0.05293714]
81,[-0.32087404  3.57595613  0.89972737],[-5.76692516],[1.99919533 5.99758598 0.63636364],[17.35092012],[0.0546095]
82,[3.01738524 8.12147593 0.35282116],[1.60520235],[2.06266184 6.18798553 0.65656566],[16.77584458],[0.05621957]
83,[0.71351839 4.98391444 0.51752454],[13.04075292],[2.12612836 6.37838508 0.67676768],[16.13550267],[0.0577954]
84,[-1.16747619 -7.68444719  0.41853154],[-18.08774455],[2.18959488 6.56878464 0.6969697 ],[15.43271256],[0.05937539]
85,[1.45998659 2.39697831 0.71507731],[19.27824304],[2.2530614  6.75918419 0.71717172],[14.67031812],[0.06099878]
86,[-2.11701201 -5.01313553  0.65149345],[-16.30468708],[2.31652792 6.94958375 0.73737374],[13.85116263],[0.06270058]
87,[ 1.00563221 -3.9523278   0.02170318],[16.13686721],[2.37999443 7.1399833  0.75757576],[12.97808526],[0.06452021]
88,[-1.65931628 -2.1117339  -0.80166076],[-19.26118944],[2.44346095 7.33038286 0.77777778],[12.05394279],[0.06653633]
89,[-2.62670083 -0.27795236  0.11588685],[-9.52199622],[2.50692747 7.52078241 0.7979798 ],[11.08165691],[0.06894436]
90,[-3.0570026   2.24007461 -0.35448527],[-1.86159512],[2.57039399 7.71118197 0.81818182],[10.06428528],[0.07219141]
91,[-3.03911116  5.36014465 -0.21971511],[-2.47858673],[2.63386051 7.90158152 0.83838384],[9.00511253],[0.07715998]
92,[ 3.04019478 -0.77013645  0.27912101],[2.01081542],[2.69732703 8.09198108 0.85858586],[7.90775512],[0.08532128]
93,[3.09362759 7.89022506 0.72719691],[0.17305029],[2.76079354 8.28238063 0.87878788],[6.7762726],[0.09868953]
94,[ 1.38657836  5.20731997 -0.370562  ],[19.13183829],[2.82426006 8.47278019 0.8989899 ],[5.6152765],[0.11948618]
95,[ 1.25717756  4.90898334 -0.81792832],[18.56177998],[2.88772658 8.66317974 0.91919192],[4.43002767],[0.14973984]
96,[-3.10409173 -3.13031262 -0.97755974],[-0.4065085],[2.9511931  8.8535793  0.93939394],[3.22651285],[0.19114146]
97,[-0.11530038 -3.41931295 -0.17300575],[-2.55902333],[3.01465962 9.04397885 0.95959596],[2.01149213],[0.24513921]
98,[-2.82841392 -5.05859625 -0.7211292 ],[-5.47095838],[3.07812614 9.23437841 0.97979798],[0.79251045],[0.31305868]
99,[ 0.24670579 -6.14459803  0.08114665],[4.14779689],[3.14159265 9.42477796 1.        ],[-0.42213214],[0.39614417]
100,[-2.04642105  3.37478136 -0.36560961],[-17.35923841],,,
101,[-0.6630431   6.82983986  0.62470918],[-11.39198105],,,
102,[-0.80594736  9.21213377  0.58005752],[-13.34350791],,,
103,[ 3.04630268 -3.84448806  0.50617638],[2.20685153],,,
104,[-2.87503212  8.96984231  0.31805955],[-5.91845112],,,
105,[-1.90128721 -1.17981916 -0.68404234],[-18.27053638],,,
106,[-2.54239794 -7.82891838 -0.79672109],[-10.27346778],,,
107,[ 0.9241546  -1.16456996 -0.31900962],[15.39589735],,,
108,[-1.99402047 -2.82091012  0.36953021],[-17.54523346],,,
109,[-2.42334879  9.01083745  0.10353733],[-13.36763086],,,
110,[ 0.07724978  1.01773103 -0.84558332],[1.59248693],,,
111,[-1.6146763   6.03504451 -0.59884362],[-19.3537237],,,
112,[-2.623326    3.15977398  0.26336696],[-9.85383825],,,
113,[ 2.43962161  3.08081417 -0.32748899],[12.27380607],,,
114,[-1.28408603 -3.9455033  -0.44284449],[-18.66746209],,,
115,[1.76391179 4.45140505 0.94376913],[18.91192451],,,
116,[ 0.78055156 -8.1877063   0.9850873 ],[13.03950657],,,
117,[ 2.74360163  5.21673928 -0.05815532],[7.01779093],,,
118,[-0.72323995  5.93745595 -0.49125151],[-12.36845836],,,
119,[-0.6162282  -0.95138287 -0.44420042],[-11.27806648],,,
120,[-0.26590448 -3.85415957 -0.46655283],[-5.45439197],,,
121,[ 0.01193558 -6.17008171  0.35422463],[-0.35614382],,,
122,[0.48883339 6.98652898 0.87310749],[9.68393737],,,
123,[-0.05213031  3.11434456  0.4232419 ],[-0.70696382],,,
124,[-1.98182091  2.09536811  0.09964023],[-17.83328286],,,
125,[-0.74830223  7.83847736 -0.42216845],[-12.59668778],,,
126,[-3.14056859  7.08040653  0.87825365],[-0.72109933],,,
127,[-1.32786426 -4.07517576 -0.8288682 ],[-18.88224197],,,
128,[ 1.63936583 -5.25725748  0.60948753],[19.37493638],,,
129,[ 1.45239859 -3.79762499 -0.89496948],[19.18205185],,,
130,[0.63549539 3.15417242 0.72184096],[11.74569761],,,
131,[-3.60107894e-01  2.73372556e+00  3.65620846e-04],[-6.57117635],,,
132,[ 2.96247124 -3.22434661 -0.61832701],[3.74857414],,,
133,[ 2.35142549 -0.64822396 -0.53250951],[13.79442462],,,
134,[ 0.46273194 -1.32021504 -0.6400173 ],[8.50864564],,,
135,[-2.20716732  7.87215953  0.0094645 ],[-16.02590134],,,
136,[ 2.02367809  5.379751   -0.50403268],[17.17116893],,,
137,[ 2.28505569 -6.45050346  0.65580547],[15.02699474],,,
138,[-1.36759174 -1.30765061  0.64954737],[-18.98706916],,,
139,[ 0.34680983 -4.12975305  0.2724666 ],[6.20832489],,,
140,[ 0.39544317 -6.96155887 -0.04439542],[6.84526429],,,
141,[-1.73270045 -8.67649763 -0.67247801],[-18.9324294],,,
142,[1.23359719 9.37655654 0.07277915],[18.54237108],,,
143,[-0.62837694  8.26254741  0.87590482],[-10.71185632],,,
144,[-0.11321899 -4.63490131  0.37605406],[-2.64061161],,,
145,[ 0.07980037 -1.6774942   0.14180745],[1.3825874],,,
146,[-1.30697901 -1.84417614  0.34433805],[-18.73184669],,,
147,[-0.52658326  7.60488401 -0.58292743],[-9.08888287],,,
148,[ 1.89613917 -6.58795539 -0.7561703 ],[18.5318084],,,
149,[ 0.49122049 -9.41133563  0.25006458],[8.32119418],,,
150,[-2.11233968 -8.83113289 -0.43072683],[-16.12331735],,,
151,[ 0.4744019   4.39194424 -0.34451473],[9.21515638],,,
152,[ 1.69881732 -6.32706689  0.12869355],[19.2482974],,,
153,[ 2.77529233 -0.89129824 -0.65192379],[7.03356137],,,
154,[ 0.06830224  3.18396657 -0.34746289],[1.63180333],,,
155,[1.99351219e-04 6.50997224e+00 5.23435008e-01],[0.63690435],,,
156,[1.55013521 0.93891505 0.11765726],[19.34497921],,,
157,[-1.69060078 -7.09101989  0.18364151],[-19.13987634],,,
158,[-1.95203925  3.64424734  0.2003508 ],[-18.08883076],,,
159,[ 1.93038449 -4.04109129  0.47225569],[18.2607986],,,
160,[-1.94564865  1.68473053 -0.2614476 ],[-18.07972184],,,
161,[ 1.40135911 -1.16616986  0.64737685],[19.05449],,,
162,[-0.31800673  0.95831018 -0.76062102],[-5.98926674],,,
163,[ 0.02505499 -2.47926827 -0.76681004],[0.23897841],,,
164,[-2.8706992  -3.14690819  0.83744691],[-4.9113795],,,
165,[-0.25423068 -8.67579667 -0.61961218],[-5.69793642],,,
166,[-1.09693522 -3.89782624  0.71101245],[-17.38321848],,,
167,[1.98864965 3.3872685  0.6333847 ],[17.55583],,,
168,[1.01641465 1.76283873 0.24944658],[16.55586437],,,
169,[-1.73425859 -5.43381527  0.3056887 ],[-19.02905528],,,
170,[-1.5420597  -6.74455796 -0.36941691],[-19.37599991],,,
171,[-1.25458249 -8.5229491  -0.60382638],[-18.64274208],,,
172,[-0.04205499 -0.0819383  -0.64439009],[-0.8291702],,,
173,[ 2.22521587 -8.9680197   0.1062107 ],[15.85108398],,,
174,[-1.93434147 -0.42994968 -0.90605365],[-18.09848021],,,
175,[-1.20425875 -5.42867314 -0.24818745],[-18.25750411],,,
176,[-1.3655157  -7.12431773 -0.00829222],[-19.09152506],,,
177,[-2.82419347 -1.41253267 -0.30721752],[-5.91440962],,,
178,[ 0.1064063  -3.83844643 -0.16149281],[1.68809271],,,
179,[ 1.82675422 -0.69344594  0.12723531],[18.72347465],,,
180,[-2.72663671 -6.89488072  0.35125942],[-7.19226761],,,
181,[ 2.93448079  4.28325203 -0.60257356],[3.572069],,,
182,[ 1.21476809 -6.05220459  0.58198824],[17.93995816],,,
183,[ 3.13882111  4.27609328 -0.30227751],[-0.37343821],,,
184,[-0.73018573 -9.41427887  0.51163404],[-13.57141798],,,
185,[-1.33963886 -9.09951304 -0.87075595],[-19.0339771],,,
186,[-1.21178355 -0.28786783  0.73008297],[-18.12488018],,,
187,[-1.16565597 -1.39883006 -0.88171136],[-17.84806481],,,
188,[ 2.87057624 -8.10448438  0.36241781],[5.93590537],,,
189,[1.9900139  9.00088688 0.42906682],[17.3068411],,,
190,[-0.19044522 -6.34769695  0.57361839],[-4.26328095],,,
191,[0.2936161  5.86910287 0.26775034],[6.13601075],,,
192,[-0.96880079  8.33997781  0.94743491],[-15.4896823],,,
193,[-2.89785063 -4.95224852 -0.39426011],[-4.19466051],,,
194,[-2.03656719  8.32728575  0.7900322 ],[-17.64080559],,,
195,[-0.19733567  9.17072881  0.69317138],[-2.90810345],,,
196,[-1.02309226 -6.59692204 -0.81605719],[-16.83865802],,,
197,[-2.0049087   2.0214354  -0.31039419],[-17.63413407],,,
198,[ 2.89971011 -7.5808292   0.5552009 ],[5.36329996],,,
199,[0.89526516 0.3082887  0.43742506],[15.14096361],,,
200,[2.20096542 5.94365503 0.98075993],[15.27186447],,,
201,[2.84138788 2.95982052 0.81674199],[5.43738813],,,
202,[1.63846296 0.03105918 0.62771947],[19.3318422],,,
203,[ 0.43188124 -0.419905    0.1451923 ],[8.06285931],,,
204,[ 2.82561266 -5.35877674 -0.9354129 ],[6.51138667],,,
205,[ 1.96735505 -0.39771067 -0.89245646],[17.8676334],,,
206,[ 0.70707967  4.66623854 -0.76465318],[12.91610328],,,
207,[2.67542389e-03 9.15998471e+00 2.99408037e-01],[0.93341357],,,
208,[ 1.60027219  1.32545889 -0.98846498],[19.34524803],,,
209,[ 2.61468654 -4.15646173  0.49121909],[10.06707644],,,
210,[1.30297329 1.41437262 0.89401555],[18.7153223],,,
211,[ 1.99284206 -8.75020483  0.76797057],[17.98759604],,,
212,[-0.9892626   7.02986953  0.73586626],[-15.80070579],,,
213,[0.45087685 2.78566915 0.85092915],[8.67780617],,,
214,[-0.2202339   3.24884878  0.58315953],[-3.90130523],,,
215,[ 0.01967269  0.23549868 -0.62680277],[0.38614622],,,
216,[ 1.52340198 -7.3283789   0.83966535],[19.31085908],,,
217,[-0.97335079 -5.62995617  0.94064198],[-16.29994359],,,
218,[ 1.5058512   8.61294337 -0.73977737],[19.35637055],,,
219,[-2.8759543   7.54182852 -0.93285171],[-5.77023187],,,
220,[ 1.68220728e+00 -6.12880811e+00 -4.36717202e-03],[19.29353476],,,
221,[ 2.1072964   5.50321329 -0.90827671],[16.37876688],,,
222,[2.46734216 3.13365739 0.03208039],[11.85946895],,,
223,[ 2.41895249  7.24092067 -0.86366508],[12.28099753],,,
224,[ 0.01238014 -4.71591479 -0.6717179 ],[-0.23326821],,,
225,[-2.88422778 -9.29995036  0.96593502],[-4.08359049],,,
226,[-1.62850466  1.26689498  0.439066  ],[-19.331387],,,
227,[-0.55925569 -6.00454208 -0.14657077],[-10.76949102],,,
228,[-2.55932837  8.55099646 -0.61470257],[-11.31471937],,,
229,[-2.64831423  3.62882307 -0.83807111],[-9.45739338],,,
230,[ 2.16471574  8.50271666 -0.72376053],[15.58092254],,,
231,[-2.44824898 -4.60711781  0.05123496],[-12.01592288],,,
232,[ 2.09284925 -3.42316738  0.37609807],[16.9361804],,,
233,[ 1.92081432 -0.10577489 -0.62225811],[18.1827898],,,
234,[-2.96142598  5.75964396 -0.1524124 ],[-4.01844771],,,
235,[2.50205684 1.26468874 0.33698473],[11.42598267],,,
236,[-1.3085296   4.51555556 -0.67016799],[-18.5730105],,,
237,[-2.69233443  2.78134427 -0.71597913],[-8.64619009],,,
238,[ 1.025594   -3.27698257 -0.344242  ],[16.3824903],,,
239,[-0.27764829  5.42520499 -0.1627997 ],[-4.80758029],,,
240,[ 0.89422337  1.01919604 -0.95357458],[15.15024272],,,
241,[-1.91474246 -1.84382419  0.30341823],[-18.17144149],,,
242,[ 2.59131701 -6.1839607  -0.26815529],[10.62369008],,,
243,[-1.06763445 -4.96847112  0.57657024],[-17.19346726],,,
244,[-2.22141192  5.66660571 -0.84809332],[-15.71598519],,,
245,[-0.04954821  7.42942186  0.8209525 ],[-0.22929201],,,
246,[ 1.4842327  -5.48858113  0.57238447],[19.21339846],,,
247,[ 1.54540691 -0.90160241  0.49251979],[19.35684725],,,
248,[-2.68612644 -0.54490931 -0.21621332],[-8.4729161],,,
249,[-1.78499563  8.76846485  0.6414311 ],[-19.06982797],,,
250,[-1.75143942 -8.54391008 -0.32415189],[-18.85510554],,,
251,[-2.35922314  4.02185666  0.78546186],[-13.91846422],,,
252,[-0.0239527  -9.34069166  0.97708754],[-1.35214485],,,
253,[ 0.13094771  4.8719068  -0.40028726],[2.98481536],,,
254,[-2.70866416  5.40272056 -0.6500638 ],[-8.58589027],,,
255,[ 0.98369246 -2.2657724  -0.77669137],[15.989838],,,
256,[1.74894394 5.26987299 0.1113104 ],[18.96007217],,,
257,[ 2.30608841  1.11883658 -0.24698114],[14.29259639],,,
258,[-1.78896648  1.34221136 -0.87417966],[-18.92160172],,,
259,[-2.23629175  9.38231207 -0.16062096],[-15.7476714],,,
260,[-2.63004098 -8.17713537 -0.74570492],[-8.75934507],,,
261,[ 0.58786752 -8.40900362  0.03445453],[10.04224219],,,
262,[ 2.59031898  2.79603148 -0.9040833 ],[9.93363789],,,
263,[ 1.05670728 -5.56151451  0.56947821],[16.59137731],,,
264,[-1.26219885 -7.59119533 -0.1868043 ],[-18.66241645],,,
265,[ 2.47102117  1.79648238 -0.56308196],[11.89135765],,,
266,[-0.35954513 -9.22303493 -0.73145066],[-7.64793361],,,
267,[-1.36741681 -4.68557064 -0.05957596],[-19.03373724],,,
268,[2.24536891 8.80622377 0.28002272],[14.55766822],,,
269,[ 2.45767999 -9.23644784 -0.25159933],[12.89571531],,,
270,[-0.64971676  1.93065935  0.10077418],[-11.56786047],,,
271,[ 0.51238214 -0.99942797 -0.3377661 ],[9.40045203],,,
272,[2.48778759 2.11810531 0.5960451 ],[11.60296079],,,
273,[ 0.04911229 -5.53088221 -0.58909501],[0.42187631],,,
274,[ 2.73812393  5.99747274 -0.84094007],[7.06143305],,,
275,[2.96766901 5.17259789 0.63968951],[2.84527345],,,
276,[2.36992079 3.01943947 0.97315164],[13.29189993],,,
277,[-2.10325448 -6.46400152  0.7120768 ],[-16.35161832],,,
278,[1.08813777 9.41853448 0.96472307],[17.56940347],,,
279,[-0.40686217 -3.22519164  0.22333969],[-7.95107239],,,
280,[ 0.17303576  5.03292284 -0.45875415],[3.80226481],,,
281,[0.150523   1.94377884 0.30664916],[3.09357063],,,
282,[2.84668241 2.13488184 0.45427065],[5.41320683],,,
283,[-2.35824193 -8.23117005  0.40118429],[-13.09563527],,,
284,[ 0.93633723 -7.57202406 -0.39406104],[15.14915316],,,
285,[-2.27458649  8.31514114  0.94427484],[-15.23432858],,,
286,[-2.58458104 -7.28335626  0.7820278 ],[-9.62553557],,,
287,[ 1.86390755  4.00739354 -0.05652297],[18.43382886],,,
288,[0.9968615  8.95987097 0.99283324],[16.71213034],,,
289,[-0.69282369 -1.93818433  0.67343344],[-12.50852559],,,
290,[-0.4719684   3.6866975   0.03977881],[-8.47012517],,,
291,[ 1.78296159  8.75053909 -0.45519268],[18.71934797],,,
292,[ 1.42811605 -7.78820984 -0.48283532],[19.04840028],,,
293,[-3.13271989 -1.66279073 -0.14866791],[-0.0074798],,,
294,[-1.9030558   7.71619428  0.54809201],[-18.5496502],,,
295,[-1.53756879 -8.43946964 -0.84162076],[-19.34936524],,,
296,[ 0.65284473 -3.99117611  0.45350599],[11.45447843],,,
297,[ 0.3723813   7.12160391 -0.16526714],[7.67237366],,,
298,[ 1.45662601 -9.25086883  0.27593586],[19.09624351],,,
299,[-2.24816631  1.38505392 -0.67765796],[-15.16670623],,,
300,[ 2.8877247  -8.40717334  0.54310071],[5.63266279],,,
301,[-1.7369915  -5.85789617  0.12602981],[-18.97864873],,,
302,[-0.64695533 -2.81415863 -0.63469314],[-11.89487691],,,
303,[ 0.62110466 -4.12244617  0.12073383],[10.95834999],,,
304,[ 2.53563065 -8.13683719 -0.6343771 ],[11.64500598],,,
305,[ 1.18570227 -3.29563085 -0.02057737],[17.83468108],,,
306,[ 2.24184967  5.99552212 -0.61887635],[14.77537138],,,
307,[ 2.1450921  -4.08309324  0.21179616],[16.46733274],,,
308,[ 2.66706765 -9.39069911  0.31707762],[9.62887946],,,
309,[-1.55829401 -1.8715683  -0.18310247],[-19.36730398],,,
310,[ 1.14284676  1.41607756 -0.612857  ],[17.67926156],,,
311,[-1.19975383  5.12395906  0.97313603],[-17.85814863],,,
312,[ 2.24679478 -6.13912374  0.14467404],[15.47883087],,,
313,[ 3.01922564 -0.75975984  0.52813708],[2.43027044],,,
314,[0.98574401 1.82153615 0.60341835],[16.25028694],,,
315,[-0.25046011 -3.01989377  0.91062339],[-5.06996349],,,
316,[-2.42243904 -6.81647636  0.91396142],[-12.2496743],,,
317,[ 1.89623139 -2.43297202 -0.05820652],[18.40482624],,,
318,[ 2.22847118  8.16201798 -0.02535936],[14.82690981],,,
319,[ 1.1477776   5.46660326 -0.62522397],[17.87623566],,,
320,[-2.69302202  7.57549613 -0.83080521],[-9.03160281],,,
321,[0.44220622 3.49404756 0.77824428],[8.58103772],,,
322,[ 2.52547391 -2.67602738 -0.78075623],[11.39592459],,,
323,[-1.92830722 -3.93732361 -0.74358726],[-17.98418168],,,
324,[-2.61180854 -1.67117794  0.54747572],[-9.65047618],,,
325,[ 2.79615617  1.0221443  -0.57075115],[6.48169962],,,
326,[ 1.31933907  4.57558807 -0.65368167],[18.83903991],,,
327,[-1.80699538  0.40055106 -0.5412563 ],[-18.84760147],,,
328,[ 0.19386189  3.46145064 -0.07819227],[4.05528493],,,
329,[2.88372706 7.87600421 0.42920673],[4.21228971],,,
330,[ 0.44429643  4.62354115 -0.72876453],[8.70708676],,,
331,[-1.23872143 -3.72832794  0.8278466 ],[-18.40984798],,,
332,[-1.57573137 -8.17560678 -0.75026236],[-19.34090072],,,
333,[ 2.7384081  -1.21071589 -0.23469998],[7.71363942],,,
334,[-1.75136014 -8.24320377  0.82599749],[-18.88894622],,,
335,[1.89434459 3.2003938  0.83896203],[18.24850135],,,
336,[-1.73125982  0.43997122 -0.9300654 ],[-19.14341574],,,
337,[ 1.1102086  -6.30402922  0.40415772],[17.06438952],,,
338,[ 2.08147573 -3.14876569  0.38164011],[17.03266869],,,
339,[ 0.77173382  6.51492368 -0.28311102],[13.9445168],,,
340,[-1.83095107  8.31411821 -0.4478717 ],[-18.87645572],,,
341,[ 2.89909088  8.98992033 -0.21093749],[3.80761853],,,
342,[-0.47829622 -3.33738008 -0.42487329],[-9.19212855],,,
343,[3.10731837 2.98864838 0.89549545],[0.37572626],,,
344,[-2.97320642 -7.72312727  0.4907026 ],[-2.50214623],,,
345,[-2.04739857 -8.12804379  0.40825916],[-16.83249152],,,
346,[-0.61704519 -0.77065161  0.69069009],[-11.26297169],,,
347,[2.26362675 3.12126768 0.21513178],[14.70215375],,,
348,[ 0.99985985 -1.31717055  0.67697448],[16.21904074],,,
349,[-2.39573263 -2.62625949 -0.5645912 ],[-12.94465834],,,
350,[-2.11243724 -8.95094624 -0.81743655],[-16.11396907],,,
351,[-0.66333279  0.40632532  0.10522633],[-11.91471021],,,
352,[-1.83607497 -1.25188917  0.71976155],[-18.64073274],,,
353,[-1.46488612 -2.57893688  0.49127425],[-19.27039305],,,
354,[-3.10713137  8.80549683 -0.88216567],[-1.51191963],,,
355,[2.90279146 5.63981977 0.04157931],[4.04346361],,,
356,[-2.82970067  7.31571576  0.76806986],[-6.62740102],,,
357,[ 2.91664655 -1.12976972  0.72670282],[4.40841038],,,
358,[-0.46151375  5.70770538  0.94589778],[-8.11988078],,,
359,[ 3.03556608  0.23600865 -0.44623262],[2.0381646],,,
360,[-1.59036725  1.29446373 -0.71609774],[-19.366871],,,
361,[-2.23729823  1.71833659  0.68286836],[-15.33355213],,,
362,[0.44578049 1.00849969 0.02101556],[8.44759778],,,
363,[-1.14801403  3.47907695  0.87804603],[-17.4929769],,,
364,[-1.08230297  0.09575289 -0.32964946],[-17.0996045],,,
365,[-1.85598785 -5.85593591 -0.19046515],[-18.39881214],,,
366,[-1.45863147  1.79392308  0.95346426],[-19.22015378],,,
367,[ 1.62896918 -4.02659009  0.55401973],[19.3513323],,,
368,[ 0.86745898 -2.17115621  0.44322749],[14.64310255],,,
369,[-0.03713916  0.65458756 -0.63543919],[-0.65997564],,,
370,[-1.82419202  4.35342476 -0.91897214],[-18.85469352],,,
371,[0.29574168 4.47054305 0.58135543],[6.02266119],,,
372,[-0.51217707 -2.51220806 -0.97504234],[-9.71413392],,,
373,[-1.48252393 -0.4419955   0.93073702],[-19.27128595],,,
374,[-2.34970389 -2.96900395  0.12879554],[-13.58646716],,,
375,[-2.51297309 -6.70408904  0.55890447],[-10.86934034],,,
376,[-1.67285716  5.33753045 -0.57300201],[-19.30595257],,,
377,[2.62250947 3.85208883 0.63718758],[9.28386996],,,
378,[ 1.01020827e+00 -9.28484674e+00  4.50918471e-03],[15.89305322],,,
379,[ 0.8683036  -3.07028615 -0.43705051],[14.56491705],,,
380,[ 2.65305664 -1.72343944 -0.43512958],[9.24998735],,,
381,[-2.63273945  1.62819391  0.97236862],[-9.56130711],,,
382,[ 2.10711530e+00  5.45522047e+00 -4.19418616e-03],[16.37462535],,,
383,[0.50379474 6.88860852 0.63630686],[9.92660804],,,
384,[-2.20732928  4.02496743 -0.7270784 ],[-15.79602663],,,
385,[2.38648848 8.87969155 0.56705811],[12.62363814],,,
386,[-0.01322192  3.42799894  0.20934282],[0.07391811],,,
387,[-0.85207353 -8.56047862  0.79874127],[-15.08430153],,,
388,[-0.92435318  7.08252807  0.0477992 ],[-15.04229683],,,
389,[ 2.38882369  4.46876357 -0.13917694],[12.92533638],,,
390,[ 0.92906871 -0.82741163 -0.01310782],[15.44988034],,,
391,[ 2.61698372  6.96342202 -0.23290838],[9.1081765],,,
392,[-0.62673904 -8.03969559  0.16391941],[-11.97429846],,,
393,[ 2.76087962 -0.23534247  0.16097552],[7.20659509],,,
394,[ 2.61088153 -3.92835585 -0.67291026],[10.11372375],,,
395,[ 3.14150532 -1.35381522  0.69965597],[0.13634976],,,
396,[ 0.92508481 -4.33961945 -0.82913223],[15.20802228],,,
397,[-2.6308555   1.42602786 -0.98439471],[-9.56909352],,,
398,[-0.61404587  8.6292138  -0.95262041],[-10.45786309],,,
399,[-1.77818719  3.22838567 -0.79908467],[-19.00674365],,,
400,[ 0.99944783 -9.35729659  0.80069741],[15.77768227],,,
401,[-1.07237468 -2.67881465 -0.48884038],[-17.12341412],,,
402,[-0.71706208  7.61695901  0.77896636],[-12.1459019],,,
403,[ 1.61892717  3.25713729 -0.17028479],[19.32851134],,,
404,[-2.62807586  5.01678663  0.9826098 ],[-9.93203482],,,
405,[ 0.80189169 -8.98603902  0.48701218],[13.29963263],,,
406,[ 0.02112494 -1.37737593 -0.64396698],[0.26891506],,,
407,[ 1.64952051 -8.02308434  0.53723804],[19.35308833],,,
408,[-2.03348813  0.91973293  0.82877824],[-17.36306119],,,
409,[1.21398735 0.76449057 0.0492275 ],[18.16812991],,,
410,[-0.01961351  3.30120477  0.36901498],[-0.06896549],,,
411,[-0.94150817  7.3713811  -0.08281885],[-15.23639998],,,
412,[ 2.06224    -5.00358123 -0.88952497],[17.30038383],,,
413,[-2.16123102 -0.57640096  0.63265664],[-16.04750916],,,
414,[ 0.9037623  -5.65473523  0.02163784],[14.87053109],,,
415,[ 0.59591797 -4.52239936 -0.42075315],[10.49714607],,,
416,[-2.51626106 -7.32012906  0.08400273],[-10.72163894],,,
417,[-2.52293165  0.28660236  0.94611788],[-11.25209851],,,
418,[-3.07036973  1.58459828 -0.39460994],[-1.5155445],,,
419,[-0.17519775  9.30479527 -0.46238601],[-2.48897445],,,
420,[ 1.63374267 -7.00975225  0.15040007],[19.34069141],,,
421,[-2.22664681  3.33171755  0.26835299],[-15.5305079],,,
422,[-0.53152875 -1.83757613  0.95365527],[-9.95628974],,,
423,[ 2.9108949   8.92119854 -0.95502828],[3.5888718],,,
424,[-2.66580129  0.34592678 -0.41345705],[-8.89311002],,,
425,[2.37310658 3.29468997 0.166861  ],[13.21855252],,,
426,[-2.59548258  5.0450245   0.69835133],[-10.46074418],,,
427,[-1.67427151 -8.00506311 -0.6432252 ],[-19.17500154],,,
428,[2.73851926 7.49130706 0.31011631],[6.92684095],,,
429,[1.34881702 7.36415625 0.85654661],[19.01366523],,,
430,[ 1.04160257 -8.1845301  -0.75358922],[16.30226959],,,
431,[1.78771346 2.54268367 0.44555745],[18.82541266],,,
432,[-1.14682134  3.95854038 -0.43671866],[-17.50825445],,,
433,[-2.20551807  3.82732166 -0.56000969],[-15.79523137],,,
434,[-2.15159775  7.1677436   0.7671728 ],[-16.5556263],,,
435,[ 0.31035454 -9.2665059   0.95376313],[5.0696773],,,
436,[ 1.68990771 -9.09604472  0.16506226],[19.3005686],,,
437,[ 2.2185065  -2.76478783  0.83170519],[15.58947174],,,
438,[ 0.52667432  4.16664179 -0.47417528],[10.07116215],,,
439,[-1.9045135   1.07596072  0.68786466],[-18.32780579],,,
440,[-2.15851503 -9.08571351  0.32533757],[-15.61069862],,,
441,[-2.79298901 -4.70864744 -0.10926309],[-6.18356819],,,
442,[0.89111221 1.63266166 0.71974237],[15.17148506],,,
443,[ 2.93764632 -0.32448074 -0.31935028],[3.95924755],,,
444,[ 2.07961281 -3.03411322 -0.46452067],[17.06224627],,,
445,[-2.04069239  6.74192987  0.40563977],[-17.54754479],,,
446,[-1.72022389  3.87105661 -0.09081531],[-19.19788066],,,
447,[-1.7022884  -1.21059789 -0.67284801],[-19.17217123],,,
448,[-0.63177694 -4.51188923  0.19214734],[-11.79209479],,,
449,[-3.08091659 -2.63648221 -0.18833817],[-0.90700329],,,
450,[ 3.06186501 -7.75498676  0.54100683],[2.28456475],,,
451,[-1.97152989 -2.06670911  0.80389361],[-17.74839139],,,
452,[ 0.50967872 -5.37472632  0.35235926],[8.98831186],,,
453,[-0.0997524  -9.0033306  -0.67438644],[-2.81090199],,,
454,[ 1.75112372 -7.38299408 -0.29422856],[19.16436214],,,
455,[-0.40830817  2.54506157 -0.40602182],[-7.46352605],,,
456,[ 1.18548896 -1.74582333 -0.77386543],[17.85669186],,,
457,[-1.51653348  0.79019237 -0.61625614],[-19.33876358],,,
458,[-0.26931566 -6.57689991 -0.50753045],[-5.7606429],,,
459,[ 2.9994333   8.61295937 -0.83847129],[1.90884032],,,
460,[ 0.01459998 -6.78699848 -0.2852222 ],[-0.37940489],,,
461,[ 2.78738589 -6.56700969 -0.774541  ],[7.30488317],,,
462,[-3.13259077  1.89384525 -0.15484981],[-0.35803049],,,
463,[ 0.95256939  6.66690187 -0.04679294],[16.12971346],,,
464,[ 1.07924913 -0.45943909 -0.26505807],[17.05458006],,,
465,[ 1.83553565  2.05022357 -0.70302236],[18.64121937],,,
466,[-2.39734093  5.53669479 -0.15349964],[-13.49327618],,,
467,[ 2.86417129 -5.14722589 -0.36336268],[5.76825383],,,
468,[ 2.35452733 -2.20617979  0.35663402],[13.87556315],,,
469,[ 2.18107658  2.90281532 -0.19783244],[15.69662388],,,
470,[-2.89909324 -7.38944228  0.9794195 ],[-3.972519],,,
471,[-2.19412354  3.75295501  0.51373574],[-15.91919143],,,
472,[-1.04836506 -0.21233223 -0.46479541],[-16.79213023],,,
473,[-0.93065072  5.99359798  0.97496644],[-15.17635848],,,
474,[-2.7259812  -5.01299077 -0.2642443 ],[-7.39048449],,,
475,[0.84340448 8.43875605 0.90627995],[14.99820772],,,
476,[-2.90747132  9.34204446  0.75342008],[-5.36686668],,,
477,[-2.1964748  -7.41197559  0.71819893],[-15.26317849],,,
478,[-2.94144136  8.77227615 -0.08155964],[-4.6771662],,,
479,[-0.53804405 -1.67875471  0.76638532],[-10.04266235],,,
480,[-2.61799853 -1.42320713  0.03821083],[-9.55798818],,,
481,[0.82816908 7.68147135 0.41000193],[14.75094406],,,
482,[ 0.55741249  6.82562545 -0.50236509],[10.79459619],,,
483,[-2.32464652  1.80898521 -0.73301788],[-14.22147746],,,
484,[ 0.52532835 -6.40509701  0.50131502],[9.17643641],,,
485,[-2.36053557 -2.58182209 -0.67181691],[-13.45448722],,,
486,[0.97556164 5.10613521 0.32568313],[16.290269],,,
487,[2.72947502 4.1218707  0.21064629],[7.40085134],,,
488,[ 2.91169293 -4.5614048  -0.50259574],[4.82949227],,,
489,[ 1.38423883 -2.89858845  0.36169583],[18.97054461],,,
490,[-1.27309083 -3.14220106 -0.50459207],[-18.59407198],,,
491,[ 1.41351844 -3.59991169 -0.99245886],[19.05327729],,,
492,[-2.56163664  7.27345776  0.28944258],[-11.1883851],,,
493,[-2.78944833 -8.68889646 -0.042422  ],[-5.87442851],,,
494,[ 3.07871175  8.58649868 -0.22098525],[0.38286585],,,
495,[-0.02342369  7.22542355 -0.29256887],[0.23529246],,,
496,[ 2.03436756  1.56778757 -0.77960126],[17.23186947],,,
497,[-1.98410962 -9.38972782  0.50949548],[-17.33257655],,,
498,[-1.69832998 -0.23180038 -0.3844906 ],[-19.19706891],,,
499,[ 1.05807883 -6.61333023  0.76731026],[16.55861282],,,
