,x_train,y_train,x_test,y_pred,y_std,score
0,[ 1.92896337 -6.14454445  0.85664451],[-4.61216785],[-9.42477796 -9.42477796 -1.        ],[44.64609328],[0.54930613],0.9978731526976985
1,[-7.51186768  0.44828476  0.89427029],[8.48595943],[-9.23437841 -9.23437841 -0.97979798],[42.09163582],[0.4265254],
2,[3.50362955 1.70118216 0.99129808],[-15.08442501],[-9.04397885 -9.04397885 -0.95959596],[39.14136891],[0.33420465],
3,[ 1.31381163 -0.25968395  0.07607933],[-1.94050261],[-8.8535793  -8.8535793  -0.93939394],[35.87327683],[0.27387807],
4,[8.50052279 8.89085367 0.8617749 ],[-30.25187432],[-8.66317974 -8.66317974 -0.91919192],[32.37539707],[0.24322555],
5,[-8.98302415  6.65551974 -0.59309425],[32.571664],[-8.47278019 -8.47278019 -0.8989899 ],[28.74239675],[0.23422226],
6,[-5.08471766  7.13927872 -0.60521021],[5.2659502],[-8.28238063 -8.28238063 -0.87878788],[25.0718465],[0.2364846],
7,[3.84626137 4.7707839  0.15266357],[-14.78738272],[-8.09198108 -8.09198108 -0.85858586],[21.46039278],[0.24215739],
8,[ 9.07769906  8.07541602 -0.08316075],[-36.61305229],[-7.90158152 -7.90158152 -0.83838384],[18.00003312],[0.24709939],
9,[-7.26612932  7.66000982  0.37754389],[3.80984065],[-7.71118197 -7.71118197 -0.81818182],[14.7746871],[0.24968923],
10,[ 2.16461876  3.44276973 -0.52251102],[-6.85559168],[-7.52078241 -7.52078241 -0.7979798 ],[11.85723109],[0.24955589],
11,[6.17770386 8.40299162 0.38320787],[-2.82857109],[-7.33038286 -7.33038286 -0.77777778],[9.3071289],[0.24683176],
12,[2.6519154  8.58585888 0.95317481],[-13.35424242],[-7.1399833  -7.1399833  -0.75757576],[7.16874756],[0.24182237],
13,[ 3.61822898 -3.87677624  0.45707845],[-12.96885623],[-6.94958375 -6.94958375 -0.73737374],[5.47040043],[0.23491241],
14,[-7.55001373 -0.2141847   0.54845925],[9.73482391],[-6.75918419 -6.75918419 -0.71717172],[4.22411416],[0.22657242],
15,[ 0.57376038  0.30473798 -0.47523043],[0.38916736],[-6.56878464 -6.56878464 -0.6969697 ],[3.42607443],[0.21737811],
16,[0.64345916 8.64099946 0.04311779],[-2.61652236],[-6.37838508 -6.37838508 -0.67676768],[3.05767168],[0.20799312],
17,[ 4.64617235  0.66962587 -0.67968857],[-8.99019305],[-6.18798553 -6.18798553 -0.65656566],[3.08704434],[0.19909958],
18,[5.39940297 7.49227835 0.43424609],[-6.47434761],[-5.99758598 -5.99758598 -0.63636364],[3.47100342],[0.1912898],
19,[ 7.77751356  7.72147068 -0.21913315],[-15.86685546],[-5.80718642 -5.80718642 -0.61616162],[4.15722023],[0.184956],
20,[-8.38187419 -8.92117279 -0.30278546],[27.51796449],[-5.61678687 -5.61678687 -0.5959596 ],[5.08656463],[0.18022521],
21,[ 7.8344002  -5.99310318 -0.02145687],[-13.44482012],[-5.42638731 -5.42638731 -0.57575758],[6.19549467],[0.17697013],
22,[5.69440364 1.39114439 0.50821633],[-2.93601867],[-5.23598776 -5.23598776 -0.55555556],[7.41841514],[0.17488755],
23,[ 1.26021558  0.7567864  -0.65759604],[-1.04434674],[-5.0455882  -5.0455882  -0.53535354],[8.68994082],[0.17360023],
24,[-8.27620781e+00 -8.93123582e+00  8.69264999e-03],[25.26938493],[-4.85518865 -4.85518865 -0.51515152],[9.9470163],[0.17273429],
25,[1.37996173 3.56822532 0.11397618],[-3.30761921],[-4.66478909 -4.66478909 -0.49494949],[11.13085751],[0.17195075],
26,[7.79997176 3.15515604 0.22927748],[-15.64244652],[-4.47438954 -4.47438954 -0.47474747],[12.18868793],[0.17094133],
27,[0.90159888 5.30692233 0.4412568 ],[-2.67402044],[-4.28398998 -4.28398998 -0.45454545],[13.07524604],[0.16941638],
28,[ 4.73014619 -1.88742965 -0.62916571],[-7.78401294],[-4.09359043 -4.09359043 -0.43434343],[13.75403981],[0.16711083],
29,[ 8.23413542  0.46620478 -0.86437911],[-21.11509916],[-3.90319087 -3.90319087 -0.41414141],[14.19832049],[0.16382045],
30,[-5.13049259  3.18347834 -0.39477708],[5.65560449],[-3.71279132 -3.71279132 -0.39393939],[14.39174465],[0.15946414],
31,[-4.39054771  0.05086029  0.5682945 ],[10.54938085],[-3.52239176 -3.52239176 -0.37373737],[14.32869068],[0.15415604],
32,[4.97143084 0.61466645 0.87065331],[-8.5630547],[-3.33199221 -3.33199221 -0.35353535],[14.01419829],[0.14826443],
33,[ 6.63003697 -8.03375156  0.38394905],[0.8526351],[-3.14159265 -3.14159265 -0.33333333],[13.46350547],[0.14242859],
34,[ 3.09854947  0.54594863 -0.87482616],[-11.12599372],[-2.9511931  -2.9511931  -0.31313131],[12.70117082],[0.1374972],
35,[ 0.85757346  3.03688346 -0.8195769 ],[-0.30325475],[-2.76079354 -2.76079354 -0.29292929],[11.75978705],[0.13435443],
36,[ 5.14229192 -4.9067535   0.87772777],[-5.74634805],[-2.57039399 -2.57039399 -0.27272727],[10.67831478],[0.13364394],
37,[ 4.85201568  0.46030279 -0.29054982],[-7.93665808],[-2.37999443 -2.37999443 -0.25252525],[9.50009151],[0.13549924],
38,[-6.86622345  2.35842677 -0.05522511],[1.6672941],[-2.18959488 -2.18959488 -0.23232323],[8.27059704],[0.13944795],
39,[ 4.66738913 -6.38241487 -0.50720838],[-7.18633598],[-1.99919533 -1.99919533 -0.21212121],[7.03508004],[0.14455666],
40,[-2.12385705  6.29060238  0.11946612],[4.51561377],[-1.80879577 -1.80879577 -0.19191919],[5.83616933],[0.14970762],
41,[-6.57191811 -7.49373913 -0.73432957],[3.51910612],[-1.61839622 -1.61839622 -0.17171717],[4.7116041],[0.15385323],
42,[ 8.40952904  5.05029051 -0.18901005],[-26.29974949],[-1.42799666 -1.42799666 -0.15151515],[3.69221921],[0.15617923],
43,[ 7.60415353 -3.77685849  0.65479513],[-11.09000468],[-1.23759711 -1.23759711 -0.13131313],[2.800313],[0.15618735],
44,[ 1.60635822 -7.46380603  0.02715169],[-1.31330536],[-1.04719755 -1.04719755 -0.11111111],[2.04850649],[0.15373014],
45,[-2.87118881 -3.38674097 -0.61209152],[12.79006516],[-0.856798   -0.856798   -0.09090909],[1.43917512],[0.14902153],
46,[ 9.13306236 -2.98154023  0.16378848],[-34.51105304],[-0.66639844 -0.66639844 -0.07070707],[0.96449927],[0.14263114],
47,[-7.04093444  2.37421343 -0.19879204],[3.41342007],[-0.47599889 -0.47599889 -0.05050505],[0.6071405],[0.13545412],
48,[ 2.12879903 -2.25890451  0.40335255],[-6.31180518],[-0.28559933 -0.28559933 -0.03030303],[0.34150925],[0.12862905],
49,[ 3.16589478 -3.65269968 -0.06578333],[-11.36793063],[-0.09519978 -0.09519978 -0.01010101],[0.13555066],[0.12335898],
50,[-0.24703388  3.30031818  0.33167452],[-1.31825692],[0.09519978 0.09519978 0.01010101],[-0.04705972],[0.12061344],
51,[-5.60030365 -4.12142895  0.08233243],[3.44296664],[0.28559933 0.28559933 0.03030303],[-0.24444587],[0.12079896],
52,[-1.95495267  7.65579586 -0.33429594],[3.68100698],[0.47599889 0.47599889 0.05050505],[-0.49394065],[0.12360946],
53,[ 3.57227774 -8.78023414  0.79746948],[-12.10785069],[0.66639844 0.66639844 0.07070707],[-0.82953579],[0.12818982],
54,[-4.84601449  4.63826403  0.43426964],[6.43037086],[0.856798   0.856798   0.09090909],[-1.27953072],[0.13348727],
55,[0.94383688 4.48382703 0.63525049],[-2.7886631],[1.04719755 1.04719755 0.11111111],[-1.86452443],[0.13856065],
56,[4.28181896 6.47283685 0.24844106],[-13.9532026],[1.23759711 1.23759711 0.13131313],[-2.59587176],[0.14274094],
57,[-7.19210423 -8.94914589 -0.81095689],[8.91726745],[1.42799666 1.42799666 0.15151515],[-3.47469538],[0.14566306],
58,[ 3.38670128  5.92861673 -0.73820602],[-13.68468541],[1.61839622 1.61839622 0.17171717],[-4.49150911],[0.14722159],
59,[-2.93490949  2.93865123 -0.37975271],[11.13225238],[1.80879577 1.80879577 0.19191919],[-5.62647092],[0.14748902],
60,[-1.4049342   0.68055645  0.8301903 ],[1.01531087],[1.99919533 1.99919533 0.21212121],[-6.85024622],[0.14662134],
61,[ 8.48255228  2.44017341 -0.67077653],[-26.19699562],[2.18959488 2.18959488 0.23232323],[-8.12542746],[0.14477206],
62,[-8.93109911 -2.99777697  0.9630084 ],[32.48048242],[2.37999443 2.37999443 0.25252525],[-9.40842603],[0.14203487],
63,[8.52150386 4.52950457 0.74933952],[-29.2702173],[2.57039399 2.57039399 0.27272727],[-10.651729],[0.13843184],
64,[-2.59646515  4.06562027 -0.35607738],[8.85017963],[2.76079354 2.76079354 0.29292929],[-11.80639684],[0.13395403],
65,[4.7553309  8.27748592 0.81255404],[-12.2027518],[2.9511931  2.9511931  0.31313131],[-12.82467038],[0.12864829],
66,[ 0.98219172  1.99151648 -0.34004994],[-0.91603206],[3.14159265 3.14159265 0.33333333],[-13.66255417],[0.12273334],
67,[-1.07373213 -7.07338428  0.01209609],[2.95923862],[3.33199221 3.33199221 0.35353535],[-14.28224979],[0.11671826],
68,[-3.22562014  7.51376101 -0.29033147],[11.01486354],[3.52239176 3.52239176 0.37373737],[-14.65432455],[0.11147748],
69,[4.49335842 3.72680889 0.72370511],[-12.6864102],[3.71279132 3.71279132 0.39393939],[-14.75951734],[0.10819625],
70,[ 4.42433588 -1.90815015  0.5966803 ],[-11.43154931],[3.90319087 3.90319087 0.41414141],[-14.59010261],[0.10807736],
71,[ 2.69390938 -5.68328965  0.76158642],[-9.55745218],[4.09359043 4.09359043 0.43434343],[-14.15075455],[0.11183236],
72,[-7.83324561  5.79293193 -0.91616467],[14.72239998],[4.28398998 4.28398998 0.45454545],[-13.45887468],[0.11928449],
73,[ 9.02665891  2.50134593 -0.96803956],[-33.40862385],[4.47438954 4.47438954 0.47474747],[-12.54436718],[0.12943515],
74,[-8.89323546 -7.18956985  0.44027743],[33.8124209],[4.66478909 4.66478909 0.49494949],[-11.44886653],[0.14088782],
75,[-5.24208450e+00 -7.47820734e+00 -4.39040175e-03],[7.08386758],[4.85518865 4.85518865 0.51515152],[-10.22444088],[0.15226259],
76,[-5.77052091 -3.01071489  0.93406762],[1.01306973],[5.0455882  5.0455882  0.53535354],[-8.93181266],[0.16243235],
77,[-3.90085213 -0.62640537  0.59289925],[12.58323557],[5.23598776 5.23598776 0.55555556],[-7.63815507],[0.1706175],
78,[-2.47081023 -2.19828233 -0.74123034],[10.21909533],[5.42638731 5.42638731 0.57575758],[-6.4145389],[0.17640811],
79,[-2.83744184  4.02774741 -0.20723724],[10.05981562],[5.61678687 5.61678687 0.5959596 ],[-5.33311957],[0.17975002],
80,[ 6.99970868  2.63778807 -0.88098606],[-2.92754079],[5.80718642 5.80718642 0.61616162],[-4.46416794],[0.18090735],
81,[-0.20881598  2.30617478  0.61403574],[-1.42202437],[5.99758598 5.99758598 0.63636364],[-3.87306038],[0.18040644],
82,[ 6.46322286 -2.96228781  0.15489287],[0.388058],[6.18798553 6.18798553 0.65656566],[-3.6173524],[0.17896571],
83,[-7.64466149  0.08594951  0.81495265],[10.76513919],[6.37838508 6.37838508 0.67676768],[-3.74406529],[0.17741544],
84,[-5.34684742  3.05016154 -0.17303838],[3.70425128],[6.56878464 6.56878464 0.6969697 ],[-4.28731471],[0.17660728],
85,[ 0.12219182 -0.39196382  0.92671303],[-1.14763192],[6.75918419 6.75918419 0.71717172],[-5.26640354],[0.17730609],
86,[ 3.73686116  0.59715749 -0.13957326],[-13.38733523],[6.94958375 6.94958375 0.73737374],[-6.68448753],[0.18005801],
87,[-3.49960527  6.53937933  0.04193285],[11.49345296],[7.1399833  7.1399833  0.75757576],[-8.527901],[0.18504953],
88,[-0.53568316  7.66768827 -0.37898673],[-1.39275869],[7.33038286 7.33038286 0.77777778],[-10.76620172],[0.19200728],
89,[ 5.24866076 -1.32326174 -0.25923088],[-4.33400646],[7.52078241 7.52078241 0.7979798 ],[-13.35295958],[0.20020857],
90,[-7.20095733 -8.54864204  0.18001994],[7.58808359],[7.71118197 7.71118197 0.81818182],[-16.22727544],[0.20866187],
91,[-8.40607133 -2.20241883 -0.53236272],[26.45097978],[7.90158152 7.90158152 0.83838384],[-19.31597606],[0.21650109],
92,[-5.77769597 -5.88561959 -0.69251525],[3.89622622],[8.09198108 8.09198108 0.85858586],[-22.53639171],[0.22365057],
93,[ 6.07751097 -2.2598417   0.81519902],[-0.73811651],[8.28238063 8.28238063 0.87878788],[-25.79958774],[0.231815],
94,[-2.24126368  5.33095707  0.10969074],[5.57488241],[8.47278019 8.47278019 0.8989899 ],[-29.01389244],[0.24561139],
95,[ 7.61710799  8.24992522 -0.2559357 ],[-13.29946818],[8.66317974 8.66317974 0.91919192],[-32.08854452],[0.27285257],
96,[-2.20309641  7.32974685  0.18260291],[4.67952881],[8.8535793  8.8535793  0.93939394],[-34.93727477],[0.32240845],
97,[-2.85980319e+00  2.86243794e-01 -4.27543009e-04],[10.90263826],[9.04397885 9.04397885 0.95959596],[-37.48164006],[0.40048479],
98,[-4.70656378  5.11496267  0.17121045],[7.70450181],[9.23437841 9.23437841 0.97979798],[-39.65394324],[0.50909399],
99,[-0.77306503  7.48288632 -0.75677482],[-0.55986073],[9.42477796 9.42477796 1.        ],[-41.3995984],[0.64734042],
100,[ 1.66202573  8.21032284 -0.09965566],[-5.61246577],,,,
101,[ 0.56995134 -7.90239466 -0.81998877],[3.03143981],,,,
102,[-7.06449302 -7.5925113   0.58628088],[5.2467356],,,,
103,[ 6.17837272 -7.35126416  0.50398153],[1.21723221],,,,
104,[8.53233916 6.84330697 0.82034622],[-30.16235181],,,,
105,[5.98254302 6.55431007 0.71942062],[-3.2196716],,,,
106,[-5.60821259  2.00638828 -0.72831849],[2.85380394],,,,
107,[ 8.27085158 -3.88746672 -0.84680712],[-20.63934172],,,,
108,[ 5.97760245 -3.31131682  0.74045251],[-0.63693008],,,,
109,[-5.36859989 -1.75288297  0.49566022],[3.90897022],,,,
110,[ 2.64662745 -1.39789857 -0.26311421],[-9.03858266],,,,
111,[-4.00019863  5.3944147   0.47552787],[10.91637427],,,,
112,[ 3.08887023  0.2704559  -0.34896864],[-11.71688435],,,,
113,[ 3.24502208 -1.01286825  0.37530807],[-12.9173158],,,,
114,[-0.06712928 -0.34325902  0.84789934],[-1.01555921],,,,
115,[ 3.59344886  7.38373272 -0.83795912],[-14.2479092],,,,
116,[-2.81737104  6.47708233 -0.90590992],[10.23508341],,,,
117,[ 3.09639189 -5.01729905 -0.8663724 ],[-9.6468871],,,,
118,[-5.73371504 -5.737601    0.67971413],[2.26420987],,,,
119,[ 8.69331225 -4.40252951  0.63788831],[-29.42211434],,,,
120,[-1.81138049  3.31340571 -0.02960992],[3.55155888],,,,
121,[ 1.08494969 -4.89807936 -0.37414014],[0.65431586],,,,
122,[0.31335329 3.41416467 0.1078464 ],[-1.09082497],,,,
123,[ 2.93156848  7.94604047 -0.72979691],[-12.52668841],,,,
124,[-6.60713562  5.64341194  0.19062179],[-1.09486381],,,,
125,[-3.65090532 -6.97427001 -0.58584456],[16.05751072],,,,
126,[ 3.13649158  0.52483881 -0.33397306],[-11.99089924],,,,
127,[-6.78157445  6.53376588  0.41683586],[-0.66446647],,,,
128,[-2.1727316   2.83083835  0.42405067],[5.35875587],,,,
129,[-3.25613455  3.36377712 -0.4616359 ],[12.44257797],,,,
130,[ 4.2952937  -7.46019638  0.03027526],[-9.89367544],,,,
131,[-2.074971    7.183114   -0.39551478],[4.65605097],,,,
132,[-8.27373033 -3.01717999 -0.29901759],[24.06438064],,,,
133,[-4.93009136 -4.48412332 -0.46951104],[9.4023427],,,,
134,[-7.67658946 -7.50451254  0.1580689 ],[14.19116299],,,,
135,[ 7.57488635  7.42758462 -0.17884284],[-12.50434256],,,,
136,[-2.38691299 -0.8038435   0.91055205],[7.08012806],,,,
137,[ 3.37258027 -6.71448715  0.38663094],[-11.79649681],,,,
138,[ 5.56223066 -6.58822951 -0.29664093],[-0.5483164],,,,
139,[ 2.22927164 -4.39368193 -0.66109996],[-4.99485747],,,,
140,[-2.02000801 -0.54699002  0.45682558],[5.20970009],,,,
141,[2.77096313 7.82302419 0.30053082],[-12.9781336],,,,
142,[2.27779296 4.19827148 0.94408788],[-9.75867831],,,,
143,[9.1622437  3.76655797 0.33021479],[-36.79578447],,,,
144,[ 5.07838251 -3.43817405 -0.37671033],[-4.97446404],,,,
145,[ 5.92695095  5.84995622 -0.9084841 ],[-1.07597193],,,,
146,[1.46366232 2.62401344 0.27088978],[-3.63752747],,,,
147,[ 2.50942264  6.5737467  -0.49005284],[-10.01499855],,,,
148,[ 0.59435236  7.98836878 -0.09846029],[-2.18473649],,,,
149,[ 5.80320201  8.474703   -0.2311658 ],[-3.23853354],,,,
150,[2.59856771 3.88143237 0.1213167 ],[-10.67396968],,,,
151,[-9.37307787  7.85382554  0.61284414],[33.85579491],,,,
152,[ 5.57945594  7.71798644 -0.59654862],[-3.87634339],,,,
153,[ 6.38970985 -4.60601028  0.65590695],[0.28015881],,,,
154,[ 5.47065272 -4.07043949  0.8780862 ],[-3.44033674],,,,
155,[-1.0204818   1.91239561 -0.15554206],[0.63844511],,,,
156,[-1.6201756   0.54746277  0.38750018],[2.67596872],,,,
157,[ 8.34626028  2.49479729 -0.49735313],[-24.12384021],,,,
158,[ 3.53361648 -8.9090112  -0.65057157],[-10.08392351],,,,
159,[-5.19442328 -7.9472614   0.91846691],[6.35797082],,,,
160,[ 2.60299965 -1.72325405 -0.24628557],[-8.69622028],,,,
161,[ 3.25738295  6.38713272 -0.16694595],[-14.23098346],,,,
162,[-5.96637488 -2.47745767 -0.66700855],[2.13443328],,,,
163,[-7.73619798 -1.59672064  0.85569559],[12.68591614],,,,
164,[ 2.62878244 -2.87567272  0.62836187],[-9.72370552],,,,
165,[ 0.82643736 -9.14292355 -0.2233505 ],[2.19765909],,,,
166,[ 4.02292544 -1.43736075 -0.14351919],[-12.34425769],,,,
167,[-2.51165545 -4.16109112 -0.52967935],[10.73976883],,,,
168,[ 6.65340023  5.79055158 -0.65993317],[-1.56363075],,,,
169,[-9.1300016  -1.85900622  0.8819232 ],[34.36983548],,,,
170,[ 2.45569982 -4.32111859  0.58248615],[-8.1722814],,,,
171,[ 2.45770966 -4.4009413  -0.59810602],[-6.57650282],,,,
172,[-1.55154839  4.65838572  0.22104971],[1.44307762],,,,
173,[ 5.47290804  6.56622325 -0.27048419],[-4.73110052],,,,
174,[-0.61651541 -9.42225405 -0.82174428],[3.80785815],,,,
175,[-0.44231493  0.82021698  0.03448953],[-0.1672764],,,,
176,[ 5.25777104  9.0044174  -0.24867239],[-7.0341258],,,,
177,[ 3.57951601  5.73185236 -0.68080593],[-14.00842352],,,,
178,[-0.39853437  2.83461015  0.22846336],[-0.9997704],,,,
179,[ 6.14606233 -0.60802681  0.88846376],[-1.14736783],,,,
180,[ 4.52761113 -8.00009437  0.09840568],[-8.52527724],,,,
181,[1.64970252 7.73517386 0.97557018],[-6.84774963],,,,
182,[-6.27690947  4.90601165  0.40960535],[-1.83659168],,,,
183,[-7.38282249 -2.56717207  0.55383115],[7.86300169],,,,
184,[ 7.85963045 -1.44657917 -0.20889909],[-14.84448865],,,,
185,[-4.72870341 -6.73964857 -0.77169469],[11.94582835],,,,
186,[-9.14422911  1.05623206 -0.06809711],[34.97372954],,,,
187,[-6.29953367 -8.8100413   0.92075482],[1.12829093],,,,
188,[-2.23043124 -3.84895215  0.5510056 ],[7.35441196],,,,
189,[-3.90946762  4.23513143  0.16733053],[11.85049348],,,,
190,[ 1.79915299 -7.5997619   0.81552534],[-3.40341782],,,,
191,[-6.28725866 -3.73553564  0.56120305],[0.24127878],,,,
192,[-4.74520796 -7.82729073  0.5662414 ],[10.34430376],,,,
193,[5.63783411 3.3745309  0.83320322],[-4.23145606],,,,
194,[ 1.49617387  6.60161745 -0.90057161],[-3.29152074],,,,
195,[-7.430733   -6.79122237  0.97809638],[9.08025975],,,,
196,[-6.90784728  5.68232917  0.33835876],[0.59695728],,,,
197,[5.79374684 0.81013948 0.0162426 ],[-1.58242365],,,,
198,[-3.84892539 -2.60062777  0.70322179],[13.05622688],,,,
199,[ 7.92900669 -1.6533017   0.09525262],[-16.3906781],,,,
200,[ 1.66350898 -5.32851822  0.37877042],[-2.64584618],,,,
201,[-9.40029895  4.03740731  0.8195671 ],[34.70941081],,,,
202,[-0.89554734  1.5623281  -0.52928674],[0.96039394],,,,
203,[-7.0915835   4.8687731   0.95297062],[1.73328953],,,,
204,[6.53409774 3.87606435 0.14298859],[-1.62933938],,,,
205,[-5.21632629 -4.17750457  0.32751091],[5.95971493],,,,
206,[ 0.2072212  -5.69349987 -0.83782679],[2.60887771],,,,
207,[-5.2394041   4.89288038 -0.31241505],[4.20778518],,,,
208,[-9.32429128  0.33947632  0.61540503],[35.59221242],,,,
209,[8.99832106 8.68559649 0.11964842],[-36.19757616],,,,
210,[ 3.19561419 -6.9500944  -0.57609937],[-9.91795366],,,,
211,[ 2.62560362  1.19481379 -0.58284892],[-9.17158312],,,,
212,[-1.82411964 -7.63335037  0.47736373],[5.8812414],,,,
213,[-6.49454166 -9.42230682 -0.5484971 ],[3.52847933],,,,
214,[3.48369702 4.62015216 0.90463529],[-15.72329171],,,,
215,[-8.77604988 -7.66851281 -0.50826135],[33.66546117],,,,
216,[-2.01116644 -8.40963579 -0.8023661 ],[8.94814117],,,,
217,[-1.33231762  5.47856795 -0.43159178],[1.1214273],,,,
218,[-0.60922165  1.87043523 -0.53636349],[0.43571003],,,,
219,[ 5.78378513  6.85179227 -0.14900578],[-3.01551063],,,,
220,[-7.49315097  3.1146702   0.8577644 ],[7.5283013],,,,
221,[ 1.16912057  5.40843174 -0.77362479],[-1.81205918],,,,
222,[-2.87778443  6.32541175  0.85231202],[8.27028017],,,,
223,[-8.32012981  5.72982186 -0.27021161],[22.49763895],,,,
224,[ 6.87688776 -6.05308644 -0.91968612],[0.54794724],,,,
225,[ 3.32097506 -0.51076413  0.21694805],[-13.08941371],,,,
226,[-0.2777738   3.71505467  0.8778018 ],[-2.1606832],,,,
227,[-5.64861144  8.50721798 -0.09882133],[0.02868332],,,,
228,[ 4.91897455 -4.49180901 -0.66791883],[-5.57360873],,,,
229,[-8.42449696  3.68469902 -0.45650481],[25.06688532],,,,
230,[-5.95039906  0.38321651 -0.51103057],[1.20717881],,,,
231,[-3.02223149  8.20849992  0.25864276],[9.31067559],,,,
232,[-3.60375735 -0.82426837 -0.63907466],[14.47889339],,,,
233,[-3.4107685   3.8491404   0.36746683],[11.6368042],,,,
234,[-2.51409923  0.91847064  0.04888017],[8.62043857],,,,
235,[-0.11903495  8.6551909   0.91299476],[-3.52344718],,,,
236,[-9.36219502 -4.49771303 -0.45774324],[38.50540615],,,,
237,[ 1.31840934  8.07681427 -0.01223849],[-4.09680733],,,,
238,[-0.59601354  2.55149021 -0.59123432],[0.3199113],,,,
239,[ 6.27096014  2.12041048 -0.22175588],[-0.27399509],,,,
240,[ 5.5703293  -5.32287401 -0.89301847],[-0.06702078],,,,
241,[ 8.31269929  7.02492595 -0.80223877],[-24.31886659],,,,
242,[ 3.51112936 -3.0688349  -0.87739806],[-11.32636052],,,,
243,[7.43076749 1.08159016 0.96585713],[-10.15821766],,,,
244,[ 7.66488076 -3.55629471 -0.91673531],[-10.04840826],,,,
245,[ 5.71545414  1.47400795 -0.60436169],[-1.32891957],,,,
246,[ 4.97327564 -5.79190239 -0.80583029],[-4.60679831],,,,
247,[ 7.5618184  -4.86131319 -0.08779145],[-9.15345981],,,,
248,[4.43623314 3.05537507 0.46385605],[-12.50896407],,,,
249,[-3.8579266  -8.53984503  0.77842006],[14.50648359],,,,
250,[-7.84209488  8.31293031 -0.82400146],[14.10093183],,,,
251,[-1.46053921 -7.13637157 -0.66241809],[5.30825563],,,,
252,[7.89084181 6.24698516 0.47990639],[-18.43156956],,,,
253,[-4.43621923  8.98712901  0.10529751],[8.65271604],,,,
254,[ 8.34962149  2.51891227 -0.69535973],[-23.85078404],,,,
255,[-9.06113989  2.13834773 -0.13419885],[34.0023608],,,,
256,[-3.18399985 -7.57809609 -0.19153028],[14.78719704],,,,
257,[0.52300087 7.69397854 0.16350681],[-2.36440129],,,,
258,[3.90563232 4.05095043 0.55333218],[-15.06907043],,,,
259,[-1.04035772  0.19459028 -0.03113577],[0.9616679],,,,
260,[ 7.75648875  3.56061797 -0.73350389],[-13.74147882],,,,
261,[7.48768902 8.06055266 0.20349431],[-11.84835096],,,,
262,[-0.78810385  0.40712556  0.52920457],[-0.37737172],,,,
263,[-3.07016465 -1.59051738  0.07871917],[12.41317732],,,,
264,[ 2.05729298 -2.91609569  0.55277826],[-5.87874079],,,,
265,[-8.9817023  -0.19769221  0.17597048],[33.37943264],,,,
266,[-2.37354363  0.00821177  0.0574289 ],[7.8041302],,,,
267,[-2.64714112  0.93680819  0.17367476],[9.30390849],,,,
268,[-2.37788517  4.06950529  0.99299946],[5.51216587],,,,
269,[9.33195412 4.49414213 0.96710604],[-39.04923653],,,,
270,[-8.98437259 -6.7390247   0.28114199],[35.26579333],,,,
271,[-3.4074379  -8.04823759  0.80306572],[14.26907896],,,,
272,[-2.00662612  1.17998905 -0.98190885],[6.45902936],,,,
273,[-9.05468433  8.28948504 -0.15332453],[32.34012228],,,,
274,[ 1.46522234 -6.48026394 -0.18789709],[-0.59567352],,,,
275,[-1.23711869  6.95932147  0.16879099],[-0.33644186],,,,
276,[-3.58315309 -6.29433011  0.15218903],[14.88303558],,,,
277,[ 2.50305375  5.88833583 -0.42187887],[-9.97067934],,,,
278,[6.7480102  9.22724024 0.54556493],[-4.5255439],,,,
279,[-8.16540545 -0.71523861 -0.45410832],[21.70248591],,,,
280,[-6.09018304  2.60760396 -0.63489877],[0.51298517],,,,
281,[-0.2568815   5.80073511  0.469922  ],[-2.12886452],,,,
282,[ 5.54154699 -8.51733633 -0.36585085],[-0.01285575],,,,
283,[ 5.69854984 -4.03711709 -0.23132432],[-0.35717175],,,,
284,[4.02489947 3.80149844 0.54512119],[-14.53004516],,,,
285,[-4.59838229  3.9749554  -0.81435669],[10.09284079],,,,
286,[-9.05622     8.32380325 -0.47226749],[32.66566298],,,,
287,[ 8.67705943  4.75676318 -0.58321652],[-30.05643184],,,,
288,[-0.87915692 -3.83053036 -0.72882679],[2.78850908],,,,
289,[ 9.18409346  5.99168904 -0.16120853],[-36.75037854],,,,
290,[-7.37345079  5.57797887  0.59026283],[5.41046351],,,,
291,[-3.97237045 -4.42023922  0.0186008 ],[14.22521805],,,,
292,[-5.2488666  -7.94932383 -0.1011859 ],[7.30871145],,,,
293,[-8.30795143  3.1264126   0.98150092],[21.53582702],,,,
294,[7.13590981 5.53931426 0.29597328],[-6.72973059],,,,
295,[-5.3625515   2.93422296 -0.03109311],[3.40198784],,,,
296,[ 7.79292609 -3.11237947  0.8145994 ],[-14.70145457],,,,
297,[ 7.02244754  5.92018938 -0.2211523 ],[-4.73585548],,,,
298,[-7.11056306  1.17575168  0.59102699],[3.3517914],,,,
299,[-0.78604049  6.22041953  0.86252986],[-2.32848009],,,,
300,[-7.87504008  7.48445706 -0.82939677],[14.90597764],,,,
301,[6.1044758  1.41470743 0.02520088],[-0.55756809],,,,
302,[-1.85514811  7.41649362 -0.18617629],[2.87364167],,,,
303,[-0.91960608 -4.7806524  -0.38971865],[2.46532401],,,,
304,[-7.53753993 -2.0098481  -0.64203474],[11.5526028],,,,
305,[ 3.69441227  1.57002213 -0.35978621],[-13.37374339],,,,
306,[ 1.97821349  8.94020502 -0.75874277],[-6.59627843],,,,
307,[-3.21599491  4.99054495  0.65971755],[10.3090351],,,,
308,[-0.72992847  7.41783071  0.30533665],[-2.10791199],,,,
309,[ 6.84684765  7.74804925 -0.66768137],[-3.19595849],,,,
310,[-4.71777504 -6.73831303  0.30385043],[10.59641086],,,,
311,[ 4.09011096 -3.19274859  0.64266137],[-12.65482929],,,,
312,[-7.68524946  0.56709236  0.61111304],[11.47701873],,,,
313,[-8.78350617 -9.2021367  -0.85098423],[34.75136009],,,,
314,[ 3.42300163  8.50294078 -0.23734463],[-15.16556186],,,,
315,[ 7.68956256 -5.77695689  0.8641635 ],[-12.08369656],,,,
316,[-0.36332627  0.2461323   0.45627878],[-0.60692282],,,,
317,[ 1.1356629  -3.70836675 -0.44329671],[0.22348188],,,,
318,[-1.86591421  4.17223412 -0.7625945 ],[4.54595732],,,,
319,[ 7.31868035 -2.97765426  0.47979848],[-6.75573076],,,,
320,[-6.26196068 -5.76663472 -0.13306572],[1.65753762],,,,
321,[ 2.8761678  -7.83629957 -0.20438497],[-8.633135],,,,
322,[ 2.30910239  4.05456585 -0.51549212],[-7.97560307],,,,
323,[-6.9882159  -3.08315751  0.91038228],[2.7421674],,,,
324,[ 5.85081634  8.1597199  -0.48063724],[-2.46331767],,,,
325,[ 3.44417006 -5.95678141 -0.40574027],[-11.14850612],,,,
326,[-3.24869127 -1.94991937 -0.21131164],[13.43151238],,,,
327,[ 3.38100674 -7.13076004 -0.47933324],[-10.64595947],,,,
328,[-4.55962524  3.20721929 -0.42107747],[10.03225273],,,,
329,[-6.64335931  7.50686984 -0.24875268],[-0.89796712],,,,
330,[3.04741714 8.05188371 0.7362752 ],[-15.0776105],,,,
331,[ 1.46785023 -6.57029498 -0.15484739],[-0.45690766],,,,
332,[-9.42316487  5.61939559 -0.48287826],[35.93485582],,,,
333,[ 0.52981919  4.67751863 -0.32426885],[-1.01426178],,,,
334,[-2.89741447  1.57259494 -0.0594676 ],[10.9175636],,,,
335,[ 1.12022237 -2.08198937  0.06945507],[-0.51472927],,,,
336,[ 4.3435214  -4.64309874 -0.49019559],[-9.77023381],,,,
337,[-2.5950186   2.99771207 -0.22107593],[9.0244721],,,,
338,[-6.74528416 -1.68280808 -0.226456  ],[2.03454159],,,,
339,[-8.08148808  6.68338378 -0.03006247],[17.72060532],,,,
340,[-0.08954782  2.13419066 -0.43580514],[-0.1569432],,,,
341,[-9.36982336 -3.42694727 -0.50640585],[38.35477247],,,,
342,[-5.48917688  2.94033758  0.22184481],[2.15474044],,,,
343,[-2.27859145  8.45818629 -0.77855267],[6.07638559],,,,
344,[ 1.63220389 -5.6029875  -0.90499564],[-0.60818145],,,,
345,[ 9.1702624   8.08482956 -0.99592185],[-36.29331641],,,,
346,[ 7.41289401 -8.71341992  0.72438867],[-6.77460971],,,,
347,[-0.13823215  5.57759935 -0.11446843],[-1.24085978],,,,
348,[-0.45800157 -4.49604251 -0.57893423],[2.16711126],,,,
349,[-7.56649667 -1.15310219  0.7410796 ],[9.87015783],,,,
350,[-5.88849444  5.02978769  0.59132396],[-1.20930096],,,,
351,[-3.60146078  7.23237805 -0.25266192],[12.0188306],,,,
352,[ 2.0018286  -2.29138792  0.63933128],[-5.77695502],,,,
353,[-4.63765723 -7.21138098  0.15163941],[11.38905157],,,,
354,[ 5.90998795 -0.93556995  0.3761873 ],[-1.0971718],,,,
355,[7.31275016 7.83635673 0.33726872],[-9.34143798],,,,
356,[ 3.57684205 -6.97715878 -0.04845681],[-11.46164087],,,,
357,[-1.33092612  7.29665385 -0.37796356],[0.39676352],,,,
358,[ 8.51010246  8.82443507 -0.61656138],[-28.47501138],,,,
359,[ 8.90899959 -0.77231739 -0.79984199],[-31.35562915],,,,
360,[ 4.79740876 -3.12247441 -0.35070467],[-7.35192559],,,,
361,[ 2.83075298 -1.94454268  0.67987233],[-11.17094374],,,,
362,[-5.0324268  -0.76042385 -0.26890747],[7.26174912],,,,
363,[-5.16971403  2.0085295   0.89255986],[4.04111117],,,,
364,[-8.35438212 -0.84081651 -0.93043554],[25.75397524],,,,
365,[ 7.15319882 -6.63712041 -0.19847137],[-2.95363363],,,,
366,[6.51480052 7.10597317 0.18517143],[-2.6323634],,,,
367,[-7.79858505 -7.52830742  0.93092127],[15.1584775],,,,
368,[ 1.95199067  8.58185133 -0.50971856],[-6.87319884],,,,
369,[ 6.90446799 -2.0750706   0.75756051],[-3.01343608],,,,
370,[-3.58959418 -3.22430314  0.80100724],[13.00433432],,,,
371,[-3.14073538 -8.50920071 -0.77096941],[15.86223585],,,,
372,[-0.55854217  8.5903835  -0.59464586],[-1.34450104],,,,
373,[4.16656345 6.83476035 0.95161798],[-15.52186822],,,,
374,[-2.7407632  -3.082677    0.87188758],[9.81835762],,,,
375,[-8.34284463 -8.38081505 -0.44603204],[26.93449888],,,,
376,[ 8.71875921  2.5747251  -0.97772477],[-29.59074664],,,,
377,[0.20680517 2.68876202 0.72637902],[-1.57567239],,,,
378,[ 6.0603549  -3.13019037  0.41230073],[0.04595],,,,
379,[-8.48850025  0.43594622 -0.03236471],[26.46143617],,,,
380,[-6.92796389  0.20153783  0.29730568],[2.41650482],,,,
381,[-1.6926686  -1.98015512 -0.67758836],[5.23604461],,,,
382,[ 3.9515578  -8.61070669  0.59633366],[-11.66815452],,,,
383,[-8.93037239e+00  4.46461423e+00  4.89641684e-03],[31.74490637],,,,
384,[ 5.86169241e+00  8.81413703e+00 -7.25255683e-03],[-3.11610575],,,,
385,[-4.23794068  2.82141698  0.61880979],[10.4073732],,,,
386,[-0.68395549  4.32793748  0.82019831],[-1.78467996],,,,
387,[ 7.80559034 -3.24603177 -0.56969629],[-12.77236337],,,,
388,[-2.40858506  0.37634751 -0.0098514 ],[7.99853455],,,,
389,[ 1.77747325 -2.06761818  0.16147374],[-3.87275757],,,,
390,[ 3.17668806 -2.98189426 -0.49925803],[-11.05182016],,,,
391,[-3.03279931 -8.33193024 -0.49431028],[14.71857456],,,,
392,[-2.89295243 -1.85775789  0.31662619],[11.3353408],,,,
393,[-0.78815876 -8.62718754 -0.94980575],[3.93978881],,,,
394,[ 2.60957541  6.33112672 -0.18268363],[-10.93004976],,,,
395,[ 0.08024604 -6.30761326  0.30742949],[1.33669444],,,,
396,[ 2.87005991 -0.98404359  0.33991855],[-11.29306904],,,,
397,[-7.7332211  -1.48843714 -0.88090461],[14.94894118],,,,
398,[3.72737791 6.678159   0.92440661],[-16.39085666],,,,
399,[-5.93708039  1.00685947 -0.6680203 ],[1.27699211],,,,
400,[-6.05584638  3.43062052 -0.18765408],[-0.47316205],,,,
401,[-1.51771165  2.89166753 -0.37264902],[2.44577509],,,,
402,[-8.42441048  7.17784359 -0.731909  ],[24.45569787],,,,
403,[-6.97380562 -2.17802027 -0.02127732],[3.72443297],,,,
404,[ 0.82372944 -7.51556068 -0.6682078 ],[2.308867],,,,
405,[ 8.85142207  0.16211165 -0.98039186],[-30.56907726],,,,
406,[ 0.72103317 -0.57592459 -0.61638167],[0.46909274],,,,
407,[-2.92936591 -2.02105064 -0.5084766 ],[12.60061033],,,,
408,[-5.44054963  7.43660051  0.93427902],[0.48120154],,,,
409,[-6.77935688  5.69568695 -0.14015679],[0.28260903],,,,
410,[-0.01112169 -3.57480392  0.05374645],[0.70904031],,,,
411,[-9.05447702 -5.70041063 -0.5420202 ],[36.64583883],,,,
412,[ 6.48892916 -1.12821349  0.32126148],[-0.33956899],,,,
413,[-5.42515453  6.92736487  0.17026362],[1.58980214],,,,
414,[ 1.5569432  -0.55348823 -0.07940416],[-2.60594702],,,,
415,[-0.01917888  0.90627786 -0.65559066],[0.4758159],,,,
416,[7.38450401 6.78377418 0.36953427],[-10.26950836],,,,
417,[-0.0531201  -1.91177025 -0.37245144],[0.87295146],,,,
418,[ 8.25956508  8.84321494 -0.40177891],[-24.45085316],,,,
419,[-8.61636978  7.75803041  0.51680439],[25.93992308],,,,
420,[-9.36288836 -4.48975511 -0.88951833],[39.17476213],,,,
421,[ 0.64889923 -3.02201399 -0.80217237],[1.62852703],,,,
422,[3.31330376 1.87119206 0.67325636],[-14.33002706],,,,
423,[ 8.22965576 -2.06464957  0.72036496],[-22.48784273],,,,
424,[0.03336293 3.22202124 0.35480741],[-1.31546002],,,,
425,[-0.62882604 -1.70647094 -0.73388824],[1.58921233],,,,
426,[ 4.93550316 -4.9079829   0.3836826 ],[-6.78544298],,,,
427,[ 1.49532493 -2.03356712  0.05394166],[-2.22415293],,,,
428,[-1.66803281  8.12445346 -0.44080059],[1.93479088],,,,
429,[ 2.78393027  2.60177957 -0.82214756],[-10.09765143],,,,
430,[-5.17882798 -1.54589746 -0.8249572 ],[7.14656108],,,,
431,[-2.67228786  4.68688583 -0.5419911 ],[9.3052763],,,,
432,[ 7.76047682 -2.03284143 -0.04987849],[-13.19566237],,,,
433,[5.2663286  7.56495584 0.68978056],[-7.77027488],,,,
434,[ 5.985402   -0.41525752  0.36451348],[-0.81627308],,,,
435,[-7.08294622 -6.12933501  0.15427189],[5.64164675],,,,
436,[-5.55184029  8.01058451 -0.2872749 ],[1.00233785],,,,
437,[ 2.23682576  0.88976854 -0.66404692],[-6.40053273],,,,
438,[ 6.79163553 -2.43388556  0.73664659],[-1.93924023],,,,
439,[-4.04687559 -7.59993587 -0.16609014],[15.00026757],,,,
440,[0.10109337 9.02474093 0.42557032],[-3.07047216],,,,
441,[-8.55862298  6.75053642  0.52412363],[25.05603707],,,,
442,[1.94260561 5.6108183  0.76858418],[-7.8409284],,,,
443,[ 6.22381396 -3.99775059  0.78331874],[0.11508881],,,,
444,[0.48779411 7.31139549 0.59216524],[-2.78465721],,,,
445,[ 3.64744684 -7.30414819 -0.32917744],[-10.97217926],,,,
446,[ 4.11578803 -7.81103605  0.62110808],[-11.231711],,,,
447,[-3.80116492 -5.08603636 -0.22612241],[14.96929225],,,,
448,[-6.69897506 -4.01881672  0.42335075],[1.6974186],,,,
449,[ 4.32581889  3.53201523 -0.90196772],[-11.47864555],,,,
450,[-8.27231881 -9.28065879  0.27695142],[24.94478341],,,,
451,[ 4.60221918  0.13490307 -0.42783101],[-9.50664241],,,,
452,[-6.30539669 -3.92877651  0.11768398],[0.65765306],,,,
453,[-2.06614562 -7.61359939  0.92108806],[6.84353419],,,,
454,[4.33200622 5.63137463 0.0140198 ],[-13.08689299],,,,
455,[-2.81855741  0.78527589  0.17865049],[10.27698516],,,,
456,[ 7.72955791 -5.4264675   0.19010949],[-12.1704251],,,,
457,[-0.21764581  6.81484226 -0.91648452],[-0.49299123],,,,
458,[4.8388134  2.72482377 0.36794742],[-9.527953],,,,
459,[ 6.21806648 -0.47468893 -0.33872351],[0.48577223],,,,
460,[4.34351471 2.75522208 0.35741845],[-12.69692057],,,,
461,[2.39524312 7.7988697  0.51450905],[-10.88687295],,,,
462,[0.48431631 5.96810617 0.71414778],[-2.52998094],,,,
463,[ 3.01885403 -2.07495141  0.61495257],[-12.02317732],,,,
464,[-3.26202764 -8.81861255  0.8981513 ],[13.78414417],,,,
465,[-6.40649779  8.89278592 -0.12393056],[-2.01834978],,,,
466,[-8.77821611 -4.35066875 -0.06699175],[32.19259488],,,,
467,[3.00597359 0.20786249 0.93247301],[-12.97131843],,,,
468,[ 4.44488247  2.73606394 -0.80162186],[-10.70460057],,,,
469,[0.79001889 2.17093358 0.38111314],[-1.59795126],,,,
470,[ 0.86693135  9.03287406 -0.45147483],[-2.54725486],,,,
471,[-3.69155618  1.92759767 -0.72799252],[13.83594626],,,,
472,[ 6.00365975 -9.22191541 -0.21403719],[2.29348974],,,,
473,[ 0.08666776  2.37621917 -0.72236211],[0.51979731],,,,
474,[ 4.09242972 -3.35785618  0.65892158],[-12.56659745],,,,
475,[-1.69029954  8.95280429 -0.93960202],[2.83313144],,,,
476,[ 3.93848291 -5.83544569  0.17004332],[-12.00605539],,,,
477,[-4.71928485  2.39528127 -0.39424635],[8.89138994],,,,
478,[ 6.58734874  4.51948984 -0.20629901],[-1.51304225],,,,
479,[-4.49115646 -9.33756816  0.34952414],[12.74740462],,,,
480,[-6.086449    8.74642347  0.82917147],[-3.26524457],,,,
481,[ 4.26316046 -4.55170618  0.22630765],[-11.01603975],,,,
482,[-5.00982286  0.43551331 -0.00945364],[6.76133817],,,,
483,[-4.44582027 -3.18929214  0.72171681],[10.95387627],,,,
484,[-4.07758457  1.69219809 -0.37139918],[12.88585851],,,,
485,[ 6.25027466 -3.48945441 -0.77093865],[2.09040985],,,,
486,[ 4.42299208  2.64847951 -0.22312474],[-11.61296738],,,,
487,[3.92306323 2.4253477  0.66413901],[-14.70145584],,,,
488,[-6.09566384 -2.52885713 -0.28853982],[1.44492055],,,,
489,[ 1.51622304 -7.3727739  -0.58079619],[-0.078599],,,,
490,[ 8.85276478  4.44930099 -0.18598362],[-32.83677645],,,,
491,[-1.8193023  -4.84823108 -0.27793847],[6.08698938],,,,
492,[ 5.87014929 -4.76769636 -0.37672252],[0.76015688],,,,
493,[-0.73986686  6.92585055  0.8731515 ],[-2.64255177],,,,
494,[ 4.07061277 -4.55342587 -0.32951817],[-11.09758565],,,,
495,[ 0.36807895  3.27660767 -0.83913841],[0.19297387],,,,
496,[4.83211472 3.46690947 0.74633473],[-10.26841822],,,,
497,[ 1.3302365  -5.26175228  0.32644537],[-0.99205952],,,,
498,[ 1.80636426 -5.54379467 -0.264112  ],[-2.58757063],,,,
499,[2.70360466 4.67006174 0.31167707],[-11.79972814],,,,
