,x_train,y_train,x_test,y_pred,y_std
0,[-1.13231888 -9.13578078 -0.70506836],[1.38174401],[-3.14159265 -9.42477796 -1.        ],[8.82440192],[0.89404989]
1,[-0.89451609  4.08619419  0.51285621],[0.76248482],[-3.07812614 -9.23437841 -0.97979798],[8.59289265],[0.77313742]
2,[-2.40622586  0.60795685 -0.06651466],[5.76666295],[-3.01465962 -9.04397885 -0.95959596],[8.35314416],[0.66963267]
3,[-1.57041164 -0.10494705  0.4264086 ],[2.44782063],[-2.9511931  -8.8535793  -0.93939394],[8.10594572],[0.58251144]
4,[-2.73721727 -4.41548813  0.85998136],[7.50019627],[-2.88772658 -8.66317974 -0.91919192],[7.85210861],[0.5105692]
5,[-0.25649506  8.59211856  0.33776301],[0.08788023],[-2.82426006 -8.47278019 -0.8989899 ],[7.59246187],[0.45236624]
6,[ 2.60349215 -6.78241225 -0.3582348 ],[6.74472756],[-2.76079354 -8.28238063 -0.87878788],[7.32784784],[0.4062002]
7,[ 1.564695    7.83233222 -0.8443857 ],[2.52298704],[-2.69732703 -8.09198108 -0.85858586],[7.0591178],[0.37014143]
8,[-1.6834368  -5.46977567  0.52571497],[2.78753707],[-2.63386051 -7.90158152 -0.83838384],[6.78712738],[0.34214841]
9,[ 1.06791975 -7.23869219 -0.51015341],[1.04037214],[-2.57039399 -7.71118197 -0.81818182],[6.51273215],[0.32023871]
10,[-2.04394518  1.80788415  0.16010565],[4.35620558],[-2.50692747 -7.52078241 -0.7979798 ],[6.23678306],[0.30265757]
11,[ 2.00999093 -7.70648144  0.36016983],[3.95051037],[-2.44346095 -7.33038286 -0.77777778],[5.96012211],[0.28799087]
12,[-1.49965055  4.96086377 -0.12494446],[2.27024283],[-2.37999443 -7.1399833  -0.75757576],[5.68357797],[0.27520206]
13,[-1.67229448  5.11249276  0.89832562],[2.81007771],[-2.31652792 -6.94958375 -0.73737374],[5.40796183],[0.26360649]
14,[ 2.41564557 -4.44265236  0.32239885],[5.91457483],[-2.2530614  -6.75918419 -0.71717172],[5.13406335],[0.2528106]
15,[-1.57499198 -6.70752954 -0.38869587],[2.47617725],[-2.18959488 -6.56878464 -0.6969697 ],[4.86264685],[0.24263932]
16,[-2.02026739 -4.59557772  0.53559569],[4.04406235],[-2.12612836 -6.37838508 -0.67676768],[4.59444766],[0.23306581]
17,[ 2.09970892 -3.59982801  0.30505428],[4.26456896],[-2.06266184 -6.18798553 -0.65656566],[4.33016883],[0.22415067]
18,[ 0.46187921 -8.17567313  0.55884609],[0.22988614],[-1.99919533 -5.99758598 -0.63636364],[4.07047801],[0.21599214]
19,[ 1.95020899 -9.09237386  0.69464025],[3.78993564],[-1.93572881 -5.80718642 -0.61616162],[3.81600472],[0.20868759]
20,[-0.76736915 -7.33617938  0.8431579 ],[0.71145718],[-1.87226229 -5.61678687 -0.5959596 ],[3.56733791],[0.20230511]
21,[2.1287729 4.9261821 0.1342424],[4.56265869],[-1.80879577 -5.42638731 -0.57575758],[3.3250239],[0.19686714]
22,[-1.29636485 -6.05978361 -0.22322371],[1.57832028],[-1.74532925 -5.23598776 -0.55555556],[3.08956471],[0.19234318]
23,[-0.02791494 -0.21252022  0.38375896],[0.11898266],[-1.68186273 -5.0455882  -0.53535354],[2.86141674],[0.18865263]
24,[-1.34342029 -5.81624766  0.37676577],[1.80434295],[-1.61839622 -4.85518865 -0.51515152],[2.64098986],[0.18567463]
25,[-0.56745211  7.84003061  0.36770423],[0.25896775],[-1.5549297  -4.66478909 -0.49494949],[2.42864696],[0.1832618]
26,[ 2.95337561 -2.16599601  0.17923393],[8.77402567],[-1.49146318 -4.47438954 -0.47474747],[2.22470385],[0.18125518]
27,[ 1.74250363  3.39243821 -0.58009724],[2.97198586],[-1.42799666 -4.28398998 -0.45454545],[2.02942962],[0.17949743]
28,[-3.04993927 -0.03320532 -0.6704357 ],[9.28716019],[-1.36453014 -4.09359043 -0.43434343],[1.84304742],[0.17784326]
29,[-0.55855542  4.87620566 -0.39485953],[0.31011632],[-1.30106362 -3.90319087 -0.41414141],[1.66573557],[0.17616556]
30,[1.68821956 7.87291792 0.78650381],[2.884044],[-1.23759711 -3.71279132 -0.39393939],[1.49762917],[0.17435897]
31,[ 0.68183706 -9.0422026   0.51848591],[0.6201514],[-1.17413059 -3.52239176 -0.37373737],[1.338822],[0.17234034]
32,[ 1.12901624 -5.12246271  0.68036508],[1.23081876],[-1.11066407 -3.33199221 -0.35353535],[1.18936883],[0.17004808]
33,[-2.50733749  7.67657233 -0.59799622],[6.30332219],[-1.04719755 -3.14159265 -0.33333333],[1.04928799],[0.16744069]
34,[-2.26142944 -0.60406017  0.05273045],[5.06732903],[-0.98373103 -2.9511931  -0.31313131],[0.91856433],[0.16449495]
35,[0.03811192 1.23250656 0.36358013],[0.03363536],[-0.92026451 -2.76079354 -0.29292929],[0.79715237],[0.16120514]
36,[-0.02310965 -7.30629777 -0.08934244],[-0.07934861],[-0.856798   -2.57039399 -0.27272727],[0.68497969],[0.15758266]
37,[ 2.14208139 -2.89889412 -0.46533174],[4.55633886],[-0.79333148 -2.37999443 -0.25252525],[0.58195055],[0.15365614]
38,[ 2.85215337 -0.3365026  -0.09632277],[8.00365158],[-0.72986496 -2.18959488 -0.23232323],[0.4879496],[0.14947363]
39,[-1.48998246  8.06975305  0.07063782],[2.22683869],[-0.66639844 -1.99919533 -0.21212121],[0.40284574],[0.14510439]
40,[-1.02006013 -7.50544337  0.34812351],[1.0462587],[-0.60293192 -1.80879577 -0.19191919],[0.32649597],[0.14064111]
41,[-0.27107954 -5.46085538 -0.36866895],[0.06223],[-0.53946541 -1.61839622 -0.17171717],[0.25874929],[0.13620216]
42,[-0.87535486  0.19623695  0.71856144],[0.69980962],[-0.47599889 -1.42799666 -0.15151515],[0.19945055],[0.13193288]
43,[-2.82930986  3.25840561 -0.20297245],[7.98866775],[-0.41253237 -1.23759711 -0.13131313],[0.14844417],[0.12800291]
44,[-2.01316829 -5.82605601 -0.54460962],[4.02376261],[-0.34906585 -1.04719755 -0.11111111],[0.10557774],[0.12460125]
45,[ 1.05044028 -3.44190242  0.28710892],[1.02259617],[-0.28559933 -0.856798   -0.09090909],[0.07070541],[0.12192335]
46,[ 1.05170945 -3.84727424  0.26809111],[0.99808214],[-0.22213281 -0.66639844 -0.07070707],[0.04369105],[0.12015386]
47,[2.51751713 7.15078394 0.20464779],[6.25488691],[-0.1586663  -0.47599889 -0.05050505],[0.0244111],[0.11944231]
48,[-0.33466528 -8.27698849  0.97335093],[0.14167859],[-0.09519978 -0.28559933 -0.03030303],[0.01275714],[0.11987983]
49,[ 0.25034623 -4.55257518 -0.81267728],[0.0968707],[-0.03173326 -0.09519978 -0.01010101],[0.00863803],[0.121482]
50,[ 1.2032408  -9.29731002 -0.65330142],[1.58185668],[0.03173326 0.09519978 0.01010101],[0.01198169],[0.124181]
51,[-2.55655692  1.44982858 -0.7376187 ],[6.48932825],[0.09519978 0.28559933 0.03030303],[0.02273644],[0.12783485]
52,[ 0.44818586 -6.96752289 -0.97269323],[0.19821581],[0.1586663  0.47599889 0.05050505],[0.04087191],[0.13224402]
53,[-2.19267094 -7.53320376 -0.58235908],[4.9341818],[0.22213281 0.66639844 0.07070707],[0.06637947],[0.13717446]
54,[-2.17625016 -4.25529248  0.26729162],[4.81054914],[0.28559933 0.856798   0.09090909],[0.09927212],[0.14237926]
55,[-0.38507677  3.59239282 -0.8425144 ],[0.19475661],[0.34906585 1.04719755 0.11111111],[0.13958402],[0.14761586]
56,[-0.47970504  4.05711829  0.8789083 ],[0.21946365],[0.41253237 1.23759711 0.13131313],[0.18736941],[0.1526597]
57,[ 2.95589031  3.80914742 -0.80454779],[8.71942452],[0.47599889 1.42799666 0.15151515],[0.24270113],[0.15731375]
58,[ 0.78309841 -7.29265599 -0.07787129],[0.68075818],[0.53946541 1.61839622 0.17171717],[0.30566866],[0.16141537]
59,[ 1.07495     7.95658664 -0.4072499 ],[1.11828452],[0.60293192 1.80879577 0.19191919],[0.37637566],[0.16484215]
60,[-1.52163489  0.50148684 -0.27819798],[2.3577313],[0.66639844 1.99919533 0.21212121],[0.45493723],[0.16751731]
61,[-0.11280263  6.49282367 -0.32328791],[-0.06322722],[0.72986496 2.18959488 0.23232323],[0.54147663],[0.16941511]
62,[-2.7954737  -3.95436287  0.0265151 ],[7.74615915],[0.79333148 2.37999443 0.25252525],[0.63612177],[0.1705664]
63,[0.20927049 9.31631606 0.83223418],[-0.02233347],[0.856798   2.57039399 0.27272727],[0.73900134],[0.1710644]
64,[-2.93759707  2.14471786 -0.38662761],[8.52495208],[0.92026451 2.76079354 0.29292929],[0.85024074],[0.17106868]
65,[ 0.49077674  1.55239251 -0.82606382],[0.12929507],[0.98373103 2.9511931  0.31313131],[0.96995777],[0.1708076]
66,[-0.89552023  9.23419353 -0.34443972],[0.79615899],[1.04719755 3.14159265 0.33333333],[1.09825821],[0.17057504]
67,[-0.24999024 -7.75816635  0.74412769],[0.13912793],[1.11066407 3.33199221 0.35353535],[1.23523129],[0.17071826]
68,[-0.26563809 -1.06003397  0.63556544],[0.09055207],[1.17413059 3.52239176 0.37373737],[1.38094517],[0.1716146]
69,[ 0.66364692  0.58060791 -0.31047467],[0.66841053],[1.23759711 3.71279132 0.39393939],[1.53544244],[0.1736338]
70,[-1.05944032  6.44780798 -0.94536536],[1.21452031],[1.30106362 3.90319087 0.41414141],[1.69873577],[0.17709047]
71,[0.06449436 9.1696168  0.92790154],[0.03174502],[1.36453014 4.09359043 0.43434343],[1.87080364],[0.18219554]
72,[-0.5333679  -1.52715138 -0.10453182],[0.29272866],[1.42799666 4.28398998 0.45454545],[2.05158641],[0.1890186]
73,[ 2.37367271  5.74151611 -0.09065007],[5.53547093],[1.49146318 4.47438954 0.47474747],[2.24098259],[0.19747306]
74,[-1.395255   -2.24338996  0.33150222],[1.86787364],[1.5549297  4.66478909 0.49494949],[2.43884548],[0.20732597]
75,[3.07950711e+00 6.22773682e+00 3.77980923e-03],[9.49790706],[1.61839622 4.85518865 0.51515152],[2.64498024],[0.21822668]
76,[-2.08166045 -9.1076596  -0.99838235],[4.40199848],[1.68186273 5.0455882  0.53535354],[2.85914133],[0.22974428]
77,[-1.30002991  7.84880158  0.65640177],[1.69716081],[1.74532925 5.23598776 0.55555556],[3.08103051],[0.24140612]
78,[-1.64227903  6.92155816  0.59445729],[2.73423562],[1.80879577 5.42638731 0.57575758],[3.31029531],[0.25273433]
79,[ 3.0678863  -8.61580362  0.87491175],[9.50098887],[1.87226229 5.61678687 0.5959596 ],[3.54652805],[0.26328162]
80,[ 0.08457334  6.41381286 -0.19069886],[0.06727987],[1.93572881 5.80718642 0.61616162],[3.7892655],[0.27267025]
81,[-1.16234311  2.04018208 -0.63979623],[1.19206326],[1.99919533 5.99758598 0.63636364],[4.03798901],[0.28064138]
82,[-2.59801302  0.97419397 -0.11532692],[6.53316556],[2.06266184 6.18798553 0.65656566],[4.29212537],[0.28712149]
83,[ 0.48229225 -2.35103424 -0.4208038 ],[0.07842187],[2.12612836 6.37838508 0.67676768],[4.55104818],[0.29231578]
84,[2.26243736 1.41383588 0.3624119 ],[5.1335506],[2.18959488 6.56878464 0.6969697 ],[4.81407985],[0.29683394]
85,[-2.8388433  0.7891411 -0.0793067],[7.97370187],[2.2530614  6.75918419 0.71717172],[5.08049417],[0.30184542]
86,[-2.44399432 -7.0239019  -0.02862565],[6.0616333],[2.31652792 6.94958375 0.73737374],[5.34951949],[0.30923074]
87,[ 2.75932225 -5.62258179 -0.84835728],[7.69913164],[2.37999443 7.1399833  0.75757576],[5.62034233],[0.32164113]
88,[ 2.76310991 -3.85116466  0.23547942],[7.8496627],[2.44346095 7.33038286 0.77777778],[5.89211164],[0.34233098]
89,[1.46457187 3.94588541 0.42621223],[2.13449109],[2.50692747 7.52078241 0.7979798 ],[6.16394336],[0.37468823]
90,[-1.80635552  5.06594893  0.55507755],[3.38316901],[2.57039399 7.71118197 0.81818182],[6.43492555],[0.42162033]
91,[ 2.35094983  3.8031329  -0.82005773],[5.49434408],[2.63386051 7.90158152 0.83838384],[6.70412378],[0.48515098]
92,[-1.19338636 -3.02329589  0.11675269],[1.52285325],[2.69732703 8.09198108 0.85858586],[6.97058689],[0.56643098]
93,[ 1.10973136 -3.01293703 -0.70938239],[1.17818012],[2.76079354 8.28238063 0.87878788],[7.23335297],[0.66602715]
94,[ 0.47558559 -0.29674034 -0.36971637],[0.21790682],[2.82426006 8.47278019 0.8989899 ],[7.49145558],[0.78423395]
95,[ 2.88254327 -5.21016149  0.01817977],[8.29665593],[2.88772658 8.66317974 0.91919192],[7.74393006],[0.92127578]
96,[-1.18954074 -6.90959853 -0.14772331],[1.38461837],[2.9511931  8.8535793  0.93939394],[7.98981994],[1.07739823]
97,[0.24664013 5.12816981 0.42291208],[0.09297377],[3.01465962 9.04397885 0.95959596],[8.22818332],[1.25289078]
98,[-0.05053163  0.16964375 -0.2405943 ],[0.14035101],[3.07812614 9.23437841 0.97979798],[8.45809925],[1.4480777]
99,[-2.35391552 -2.59501623 -0.30683394],[5.42473282],[3.14159265 9.42477796 1.        ],[8.67867395],[1.66329793]
