,x_train,y_train,x_test,y_pred,y_std
0,[ 0.76910962 -0.954173    0.79928308],[12.10409755],[-3.14159265 -9.42477796 -1.        ],[8.51926217],[0.99441947]
1,[ 2.76432101 -0.86920504 -0.53559811],[7.18523376],[-3.07812614 -9.23437841 -0.97979798],[7.42697387],[0.88257007]
2,[ 1.52479482 -6.64729091  0.80484533],[16.31802803],[-3.01465962 -9.04397885 -0.95959596],[6.27686596],[0.77648754]
3,[ 0.097009    0.53946058 -0.13196269],[2.08365438],[-2.9511931  -8.8535793  -0.93939394],[5.07692798],[0.67685493]
4,[-2.34722232  6.11666003  0.89261739],[-15.13227323],[-2.88772658 -8.66317974 -0.91919192],[3.83534553],[0.58430215]
5,[-2.57296412  4.66899977 -0.24358327],[-11.82661174],[-2.82426006 -8.47278019 -0.8989899 ],[2.56043869],[0.4993943]
6,[-1.23179757  7.66589069  0.98367592],[-12.64860067],[-2.76079354 -8.28238063 -0.87878788],[1.26061939],[0.42262355]
7,[-2.19897621  7.26600805 -0.60969779],[-16.06762425],[-2.69732703 -8.09198108 -0.85858586],[-0.0556348],[0.3544061]
8,[ 2.08242419 -4.10123891  0.55240128],[15.99956039],[-2.63386051 -7.90158152 -0.83838384],[-1.37979411],[0.29508396]
9,[ 2.13247449 -5.25595894  0.46854059],[16.03612889],[-2.57039399 -7.71118197 -0.81818182],[-2.70328245],[0.24492568]
10,[-0.97499683  0.45227638 -0.72692558],[-14.5783168],[-2.50692747 -7.52078241 -0.7979798 ],[-4.0174814],[0.20410669]
11,[-0.39628494  6.60634401  0.26360592],[-1.2673767],[-2.44346095 -7.33038286 -0.77777778],[-5.31373846],[0.17263107]
12,[-0.78569148  7.36515452  0.41643202],[-7.08188017],[-2.37999443 -7.1399833  -0.75757576],[-6.58338531],[0.15015673]
13,[-2.39275928 -1.65002074 -0.78840809],[-9.88706822],[-2.31652792 -6.94958375 -0.73737374],[-7.81777117],[0.13577125]
14,[ 2.41531791 -8.69198021 -0.26968631],[15.21079551],[-2.2530614  -6.75918419 -0.71717172],[-9.00831476],[0.12792493]
15,[-3.01181303 -9.05782068  0.84208646],[4.40989091],[-2.18959488 -6.56878464 -0.6969697 ],[-10.14657701],[0.12470224]
16,[-1.41790303 -0.29128367  0.64751215],[-17.04761426],[-2.12612836 -6.37838508 -0.67676768],[-11.22435431],[0.12427435]
17,[1.06820736 5.55499781 0.59292162],[16.63298884],[-2.06266184 -6.18798553 -0.65656566],[-12.23379035],[0.12519976]
18,[-1.30883723 -6.53505809 -0.24428131],[-16.81746856],[-1.99919533 -5.99758598 -0.63636364],[-13.16750217],[0.12646707]
19,[ 0.6516694  -6.83278114 -0.95419678],[4.93070296],[-1.93572881 -5.80718642 -0.61616162],[-14.01871462],[0.1273966]
20,[ 0.10050162 -2.08157074  0.37145616],[0.32074783],[-1.87226229 -5.61678687 -0.5959596 ],[-14.78139559],[0.12752634]
21,[ 0.49869527  5.9658822  -0.63524465],[11.93242668],[-1.80879577 -5.42638731 -0.57575758],[-15.45038386],[0.12653575]
22,[-1.94800386  6.80276443  0.78556859],[-16.93732409],[-1.74532925 -5.23598776 -0.55555556],[-16.02150087],[0.12421201]
23,[ 0.26597917 -5.08326     0.90536189],[1.14088444],[-1.68186273 -5.0455882  -0.53535354],[-16.49163829],[0.12044613]
24,[ 2.05548618  1.81490558 -0.28275008],[14.33582268],[-1.61839622 -4.85518865 -0.51515152],[-16.85881426],[0.11524553]
25,[ 0.99818799  4.45241086 -0.13721581],[16.10098634],[-1.5549297  -4.66478909 -0.49494949],[-17.12219313],[0.10875328]
26,[-0.73726357 -4.85767664 -0.20910984],[-14.35139709],[-1.49146318 -4.47438954 -0.47474747],[-17.28206542],[0.10126878]
27,[-0.17494259  3.09018283 -0.78129779],[-1.1024101],[-1.42799666 -4.28398998 -0.45454545],[-17.33978767],[0.09326632]
28,[ 1.31501553  6.39176221 -0.09182799],[16.8835045],[-1.36453014 -4.09359043 -0.43434343],[-17.2976843],[0.0854041]
29,[-2.27868344  2.12413289  0.35351295],[-14.05800184],[-1.30106362 -3.90319087 -0.41414141],[-17.15891652],[0.07850079]
30,[0.93243945 8.53361261 0.65709051],[16.37516778],[-1.23759711 -3.71279132 -0.39393939],[-16.92732562],[0.07342997]
31,[-1.65049849  2.05181935 -0.19408918],[-17.19012123],[-1.17413059 -3.52239176 -0.37373737],[-16.60725992],[0.0708827]
32,[ 0.09883566  2.03371345 -0.52174589],[3.0653228],[-1.11066407 -3.33199221 -0.35353535],[-16.2033959],[0.07106356]
33,[ 2.50101825 -4.24702433 -0.12179344],[12.63192919],[-1.04719755 -3.14159265 -0.33333333],[-15.72056477],[0.07356105]
34,[ 0.49279658 -6.22015391  0.17389119],[3.56733692],[-0.98373103 -2.9511931  -0.31313131],[-15.1635951],[0.07753998]
35,[-3.01445668 -5.8198818  -0.41116589],[2.85431401],[-0.92026451 -2.76079354 -0.29292929],[-14.53718125],[0.08207384]
36,[ 1.91775476 -2.15395281  0.67545264],[16.40749436],[-0.856798   -2.57039399 -0.27272727],[-13.84578536],[0.08637422]
37,[-2.88009871 -8.24384266  0.66893996],[1.77290557],[-0.79333148 -2.37999443 -0.25252525],[-13.09357819],[0.08987045]
38,[-0.7651714  -7.51899046 -0.01042278],[-15.35887662],[-0.72986496 -2.18959488 -0.23232323],[-12.2844211],[0.09220548]
39,[-0.24533176  8.28444374 -0.74245072],[1.99297543],[-0.66639844 -1.99919533 -0.21212121],[-11.42188845],[0.09320417]
40,[-2.10790054 -6.38318533  0.33961903],[-11.1883748],[-0.60293192 -1.80879577 -0.19191919],[-10.50932652],[0.09283806]
41,[ 0.660783    3.76380799 -0.65445578],[12.69058671],[-0.53946541 -1.61839622 -0.17171717],[-9.54994235],[0.09119288]
42,[ 0.33884521 -8.89852831 -0.8510401 ],[-2.01196713],[-0.47599889 -1.42799666 -0.15151515],[-8.54691366],[0.08843933]
43,[ 2.3388453  -9.09238448  0.14356853],[15.71856447],[-0.41253237 -1.23759711 -0.13131313],[-7.50350929],[0.08480653]
44,[ 0.37093422 -4.66018296 -0.85602568],[2.01531357],[-0.34906585 -1.04719755 -0.11111111],[-6.42320927],[0.08055797]
45,[-2.74618273 -5.34176914  0.60383389],[-2.68982973],[-0.28559933 -0.856798   -0.09090909],[-5.30981347],[0.07597034]
46,[-3.11249695  2.91122657  0.50917796],[-3.18710489],[-0.22213281 -0.66639844 -0.07070707],[-4.16752905],[0.07131565]
47,[-0.81200579  9.00273558  0.02845858],[-6.46410097],[-0.1586663  -0.47599889 -0.05050505],[-3.00102893],[0.06684725]
48,[-1.33848867  1.46815124 -0.81412815],[-16.72496051],[-0.09519978 -0.28559933 -0.03030303],[-1.81547587],[0.06278965]
49,[ 1.33802217 -1.9590247  -0.14289408],[16.43718892],[-0.03173326 -0.09519978 -0.01010101],[-0.61650971],[0.05933132]
50,[ 2.19005658 -6.80048781  0.10581619],[16.15266382],[0.03173326 0.09519978 0.01010101],[0.58980122],[0.05661862]
51,[-0.93604796 -3.32383176 -0.11333709],[-15.46087506],[0.09519978 0.28559933 0.03030303],[1.79704084],[0.0547492]
52,[1.08097885 6.74861091 0.74588565],[16.70100897],[0.1586663  0.47599889 0.05050505],[2.99855154],[0.05376424]
53,[-0.27859214  3.79918531  0.40917009],[-1.45227269],[0.22213281 0.66639844 0.07070707],[4.18755716],[0.05364221]
54,[-0.58345097  8.83771891  0.05437294],[-2.81096832],[0.28559933 0.856798   0.09090909],[5.35729269],[0.05429816]
55,[-3.08307285 -3.63115528  0.54783311],[1.55105932],[0.34906585 1.04719755 0.11111111],[6.50113019],[0.0555918]
56,[-1.47164401  2.40546397 -0.44094971],[-16.98938899],[0.41253237 1.23759711 0.13131313],[7.61269082],[0.0573432]
57,[2.00891915 1.97790737 0.40145752],[14.35668275],[0.47599889 1.42799666 0.15151515],[8.68593444],[0.05935236]
58,[-1.74884948 -7.61355311 -0.63711673],[-13.82346984],[0.53946541 1.61839622 0.17171717],[9.71522023],[0.06141846]
59,[ 1.21146395 -4.53734835 -0.84817435],[14.23244461],[0.60293192 1.80879577 0.19191919],[10.69533483],[0.06335645]
60,[ 1.87948107 -3.8867284  -0.4128023 ],[16.98985398],[0.66639844 1.99919533 0.21212121],[11.62148753],[0.0650103]
61,[ 0.56360547  3.53264667 -0.59781645],[11.39434451],[0.72986496 2.18959488 0.23232323],[12.4892753],[0.0662634]
62,[ 1.88537562 -0.68122339  0.70117798],[16.20220624],[0.79333148 2.37999443 0.25252525],[13.29462378],[0.06704594]
63,[1.30627399 4.04623484 0.18656778],[17.07880975],[0.856798   2.57039399 0.27272727],[14.0337127],[0.06733924]
64,[ 2.27185026 -7.76444129  0.22094667],[15.8326142],[0.92026451 2.76079354 0.29292929],[14.70289646],[0.06717626]
65,[-1.58818135 -3.37572357 -0.34164275],[-16.65652454],[0.98373103 2.9511931  0.31313131],[15.2986314],[0.06663724]
66,[-1.97328797  3.02998181  0.19769754],[-16.53028316],[1.04719755 3.14159265 0.33333333],[15.81742157],[0.06583936]
67,[-0.53326311  5.43964219  0.62242765],[-4.34771703],[1.11066407 3.33199221 0.35353535],[16.25579359],[0.0649201]
68,[ 2.67452877 -2.77012449 -0.1898268 ],[9.56808628],[1.17413059 3.52239176 0.37373737],[16.61030945],[0.06401528]
69,[ 3.05630593  0.2227154  -0.75277854],[1.79440275],[1.23759711 3.71279132 0.39393939],[16.87762308],[0.06323588]
70,[2.66512318 5.09128341 0.79201551],[3.16574639],[1.30106362 3.90319087 0.41414141],[17.05458318],[0.06265013]
71,[ 2.05963318 -8.79307493  0.35778429],[16.78677894],[1.36453014 4.09359043 0.43434343],[17.13838071],[0.06227879]
72,[2.7448414  7.14135696 0.13725538],[0.73023937],[1.42799666 4.28398998 0.45454545],[17.12673562],[0.06210832]
73,[ 1.67578527  6.05176128 -0.2903837 ],[15.54602694],[1.49146318 4.47438954 0.47474747],[17.0181135],[0.06212107]
74,[ 0.84051587 -5.62154489 -0.34024631],[9.29827257],[1.5549297  4.66478909 0.49494949],[16.81195959],[0.06233531]
75,[-2.49964696  7.8960515  -0.75059036],[-13.93248343],[1.61839622 4.85518865 0.51515152],[16.50893502],[0.06284339]
76,[0.49923591 0.85170132 0.12838936],[9.17339372],[1.68186273 5.0455882  0.53535354],[16.11113859],[0.06383422]
77,[ 0.77285485 -2.56102854 -0.62377929],[10.30554496],[1.74532925 5.23598776 0.55555556],[15.62229721],[0.06558543]
78,[0.76242543 2.36065554 0.88635577],[13.78688145],[1.80879577 5.42638731 0.57575758],[15.04790836],[0.06841669]
79,[ 0.95794334  8.04147739 -0.49947275],[16.42604238],[1.87226229 5.61678687 0.5959596 ],[14.39532045],[0.07261337]
80,[1.36835151 4.23105833 0.91680951],[16.91257757],[1.93572881 5.80718642 0.61616162],[13.67373962],[0.07835512]
81,[-0.28730031  2.16421825  0.16487777],[-3.14610354],[1.99919533 5.99758598 0.63636364],[12.89415519],[0.08569183]
82,[ 2.05528599 -8.95712767 -0.19629704],[16.76558925],[2.06266184 6.18798553 0.65656566],[12.06918089],[0.09458457]
83,[ 2.40510506 -6.06542075  0.783848  ],[14.08597986],[2.12612836 6.37838508 0.67676768],[11.2128133],[0.10499498]
84,[-0.04207982 -8.21145872  0.46555046],[-6.92168744],[2.18959488 6.56878464 0.6969697 ],[10.34011413],[0.11699223]
85,[-0.34876134 -0.38972453 -0.00714259],[-6.3896856],[2.2530614  6.75918419 0.71717172],[9.46682734],[0.1308513]
86,[-0.61550675 -5.31897229 -0.44575762],[-13.42081922],[2.31652792 6.94958375 0.73737374],[8.60894596],[0.14712168]
87,[0.86190975 9.28552813 0.91862147],[16.18238329],[2.37999443 7.1399833  0.75757576],[7.78224691],[0.166645]
88,[-0.24539808  0.8891338   0.45064268],[-3.24969982],[2.44346095 7.33038286 0.77777778],[7.00181397],[0.19050451]
89,[ 1.51264662  2.63615037 -0.98782279],[17.1503632],[2.50692747 7.52078241 0.7979798 ],[6.28157021],[0.21990919]
90,[-0.26661806  8.82834344 -0.17146901],[2.47126441],[2.57039399 7.71118197 0.81818182],[5.6338409],[0.25604517]
91,[-0.69910447 -8.19947057  0.27267832],[-15.00037846],[2.63386051 7.90158152 0.83838384],[5.06896669],[0.29994301]
92,[-2.52088646  5.75021647  0.52629712],[-13.31407279],[2.69732703 8.09198108 0.85858586],[4.59498423],[0.35239527]
93,[-2.58597513  6.71839365  0.68618958],[-13.13847162],[2.76079354 8.28238063 0.87878788],[4.21738842],[0.41392846]
94,[-0.35742488 -8.45652612  0.08118734],[-11.76648732],[2.82426006 8.47278019 0.8989899 ],[3.93898604],[0.48481128]
95,[-2.59380989  2.70553585 -0.76646455],[-10.058915],[2.88772658 8.66317974 0.91919192],[3.75984645],[0.56507867]
96,[-1.29307497  5.35395934 -0.67454207],[-15.21844094],[2.9511931  8.8535793  0.93939394],[3.67735019],[0.65455841]
97,[ 3.06008523  5.1315736  -0.81941251],[-2.14592429],[3.01465962 9.04397885 0.95959596],[3.68633188],[0.75289522]
98,[ 2.904318    6.78400505 -0.84602304],[-0.8768386],[3.07812614 9.23437841 0.97979798],[3.77930943],[0.85957183]
99,[-0.46350319 -7.77782253 -0.22980594],[-12.78204179],[3.14159265 9.42477796 1.        ],[3.94678817],[0.97392816]
