,x_train,y_train,x_test,y_pred,y_std
0,[24.67549422  0.22       13.         28.8         0.          0.44275685],[-0.01600451],[17.    0.2  10.   20.6   0.    0.17],[0.02270589],[21.74132416]
1,[24.84582727  0.22       13.9312601  28.425       4.04750227  1.4499262 ],[0.0447218],[17.06060606  0.22020202 10.06060606 20.75656566  0.06969697  0.21919192],[0.02356631],[21.30265032]
2,[25.09796593  0.43345692 11.91857975 35.15        2.6281496   0.48348004],[-0.00093594],[17.12121212  0.24040404 10.12121212 20.91313131  0.13939394  0.26838384],[0.02444814],[20.871911]
3,[23.62993483  0.22       13.         24.86666667  0.          0.57285563],[-0.01481024],[17.18181818  0.26060606 10.18181818 21.06969697  0.20909091  0.31757576],[0.02535109],[20.44984813]
4,[24.87640583  0.22       13.         26.56666667  0.          0.57285563],[-0.02410712],[17.24242424  0.28080808 10.24242424 21.22626263  0.27878788  0.36676768],[0.02627483],[20.03719234]
5,,,[17.3030303   0.3010101  10.3030303  21.38282828  0.34848485  0.4159596 ],[0.02721898],[19.63465838]
6,,,[17.36363636  0.32121212 10.36363636 21.53939394  0.41818182  0.46515152],[0.0281831],[19.24294016]
7,,,[17.42424242  0.34141414 10.42424242 21.6959596   0.48787879  0.51434343],[0.0291667],[18.86270548]
8,,,[17.48484848  0.36161616 10.48484848 21.85252525  0.55757576  0.56353535],[0.03016925],[18.49459045]
9,,,[17.54545455  0.38181818 10.54545455 22.00909091  0.62727273  0.61272727],[0.03119015],[18.13919371]
10,,,[17.60606061  0.4020202  10.60606061 22.16565657  0.6969697   0.66191919],[0.03222876],[17.79707052]
11,,,[17.66666667  0.42222222 10.66666667 22.32222222  0.76666667  0.71111111],[0.03328438],[17.46872674]
12,,,[17.72727273  0.44242424 10.72727273 22.47878788  0.83636364  0.76030303],[0.03435626],[17.15461291]
13,,,[17.78787879  0.46262626 10.78787879 22.63535354  0.90606061  0.80949495],[0.03544361],[16.85511861]
14,,,[17.84848485  0.48282828 10.84848485 22.79191919  0.97575758  0.85868687],[0.03654556],[16.57056707]
15,,,[17.90909091  0.5030303  10.90909091 22.94848485  1.04545455  0.90787879],[0.03766121],[16.30121043]
16,,,[17.96969697  0.52323232 10.96969697 23.10505051  1.11515152  0.95707071],[0.0387896],[16.04722572]
17,,,[18.03030303  0.54343434 11.03030303 23.26161616  1.18484848  1.00626263],[0.03992973],[15.80871169]
18,,,[18.09090909  0.56363636 11.09090909 23.41818182  1.25454545  1.05545455],[0.04108054],[15.58568675]
19,,,[18.15151515  0.58383838 11.15151515 23.57474747  1.32424242  1.10464646],[0.04224093],[15.37808814]
20,,,[18.21212121  0.6040404  11.21212121 23.73131313  1.39393939  1.15383838],[0.04340976],[15.18577238]
21,,,[18.27272727  0.62424242 11.27272727 23.88787879  1.46363636  1.2030303 ],[0.04458582],[15.00851718]
22,,,[18.33333333  0.64444444 11.33333333 24.04444444  1.53333333  1.25222222],[0.04576788],[14.84602475]
23,,,[18.39393939  0.66464646 11.39393939 24.2010101   1.6030303   1.30141414],[0.04695467],[14.69792647]
24,,,[18.45454545  0.68484848 11.45454545 24.35757576  1.67272727  1.35060606],[0.04814486],[14.5637889]
25,,,[18.51515152  0.70505051 11.51515152 24.51414141  1.74242424  1.39979798],[0.04933711],[14.44312104]
26,,,[18.57575758  0.72525253 11.57575758 24.67070707  1.81212121  1.4489899 ],[0.05053003],[14.33538246]
27,,,[18.63636364  0.74545455 11.63636364 24.82727273  1.88181818  1.49818182],[0.05172219],[14.23999235]
28,,,[18.6969697   0.76565657 11.6969697  24.98383838  1.95151515  1.54737374],[0.05291215],[14.15633909]
29,,,[18.75757576  0.78585859 11.75757576 25.14040404  2.02121212  1.59656566],[0.05409842],[14.08379016]
30,,,[18.81818182  0.80606061 11.81818182 25.2969697   2.09090909  1.64575758],[0.05527951],[14.02170209]
31,,,[18.87878788  0.82626263 11.87878788 25.45353535  2.16060606  1.69494949],[0.0564539],[13.96943035]
32,,,[18.93939394  0.84646465 11.93939394 25.61010101  2.23030303  1.74414141],[0.05762003],[13.92633879]
33,,,[19.          0.86666667 12.         25.76666667  2.3         1.79333333],[0.05877637],[13.89180859]
34,,,[19.06060606  0.88686869 12.06060606 25.92323232  2.36969697  1.84252525],[0.05992132],[13.8652465]
35,,,[19.12121212  0.90707071 12.12121212 26.07979798  2.43939394  1.89171717],[0.06105333],[13.8460923]
36,,,[19.18181818  0.92727273 12.18181818 26.23636364  2.50909091  1.94090909],[0.0621708],[13.83382536]
37,,,[19.24242424  0.94747475 12.24242424 26.39292929  2.57878788  1.99010101],[0.06327216],[13.82797019]
38,,,[19.3030303   0.96767677 12.3030303  26.54949495  2.64848485  2.03929293],[0.06435581],[13.82810115]
39,,,[19.36363636  0.98787879 12.36363636 26.70606061  2.71818182  2.08848485],[0.06542019],[13.83384605]
40,,,[19.42424242  1.00808081 12.42424242 26.86262626  2.78787879  2.13767677],[0.06646372],[13.8448889]
41,,,[19.48484848  1.02828283 12.48484848 27.01919192  2.85757576  2.18686869],[0.06748484],[13.86097163]
42,,,[19.54545455  1.04848485 12.54545455 27.17575758  2.92727273  2.23606061],[0.06848202],[13.88189503]
43,,,[19.60606061  1.06868687 12.60606061 27.33232323  2.9969697   2.28525253],[0.06945373],[13.90751875]
44,,,[19.66666667  1.08888889 12.66666667 27.48888889  3.06666667  2.33444444],[0.07039847],[13.93776052]
45,,,[19.72727273  1.10909091 12.72727273 27.64545455  3.13636364  2.38363636],[0.07131478],[13.97259473]
46,,,[19.78787879  1.12929293 12.78787879 27.8020202   3.20606061  2.43282828],[0.07220122],[14.01205014]
47,,,[19.84848485  1.14949495 12.84848485 27.95858586  3.27575758  2.4820202 ],[0.07305636],[14.05620715]
48,,,[19.90909091  1.16969697 12.90909091 28.11515152  3.34545455  2.53121212],[0.07387885],[14.1051943]
49,,,[19.96969697  1.18989899 12.96969697 28.27171717  3.41515152  2.58040404],[0.07466735],[14.15918439]
50,,,[20.03030303  1.21010101 13.03030303 28.42828283  3.48484848  2.62959596],[0.07542058],[14.21839006]
51,,,[20.09090909  1.23030303 13.09090909 28.58484848  3.55454545  2.67878788],[0.0761373],[14.28305895]
52,,,[20.15151515  1.25050505 13.15151515 28.74141414  3.62424242  2.7279798 ],[0.07681631],[14.35346854]
53,,,[20.21212121  1.27070707 13.21212121 28.8979798   3.69393939  2.77717172],[0.07745648],[14.42992066]
54,,,[20.27272727  1.29090909 13.27272727 29.05454545  3.76363636  2.82636364],[0.07805674],[14.51273584]
55,,,[20.33333333  1.31111111 13.33333333 29.21111111  3.83333333  2.87555556],[0.07861605],[14.60224746]
56,,,[20.39393939  1.33131313 13.39393939 29.36767677  3.9030303   2.92474747],[0.07913347],[14.6987959]
57,,,[20.45454545  1.35151515 13.45454545 29.52424242  3.97272727  2.97393939],[0.07960808],[14.80272264]
58,,,[20.51515152  1.37171717 13.51515152 29.68080808  4.04242424  3.02313131],[0.08003906],[14.91436455]
59,,,[20.57575758  1.39191919 13.57575758 29.83737374  4.11212121  3.07232323],[0.08042565],[15.03404829]
60,,,[20.63636364  1.41212121 13.63636364 29.99393939  4.18181818  3.12151515],[0.08076716],[15.16208503]
61,,,[20.6969697   1.43232323 13.6969697  30.15050505  4.25151515  3.17070707],[0.08106295],[15.29876554]
62,,,[20.75757576  1.45252525 13.75757576 30.30707071  4.32121212  3.21989899],[0.0813125],[15.44435571]
63,,,[20.81818182  1.47272727 13.81818182 30.46363636  4.39090909  3.26909091],[0.08151531],[15.5990925]
64,,,[20.87878788  1.49292929 13.87878788 30.62020202  4.46060606  3.31828283],[0.08167101],[15.76318055]
65,,,[20.93939394  1.51313131 13.93939394 30.77676768  4.53030303  3.36747475],[0.08177926],[15.93678927]
66,,,[21.          1.53333333 14.         30.93333333  4.6         3.41666667],[0.08183982],[16.12005067]
67,,,[21.06060606  1.55353535 14.06060606 31.08989899  4.66969697  3.46585859],[0.08185254],[16.31305768]
68,,,[21.12121212  1.57373737 14.12121212 31.24646465  4.73939394  3.51505051],[0.08181733],[16.51586322]
69,,,[21.18181818  1.59393939 14.18181818 31.4030303   4.80909091  3.56424242],[0.08173417],[16.72847979]
70,,,[21.24242424  1.61414141 14.24242424 31.55959596  4.87878788  3.61343434],[0.08160316],[16.95087969]
71,,,[21.3030303   1.63434343 14.3030303  31.71616162  4.94848485  3.66262626],[0.08142444],[17.18299571]
72,,,[21.36363636  1.65454545 14.36363636 31.87272727  5.01818182  3.71181818],[0.08119824],[17.42472237]
73,,,[21.42424242  1.67474747 14.42424242 32.02929293  5.08787879  3.7610101 ],[0.08092488],[17.67591751]
74,,,[21.48484848  1.69494949 14.48484848 32.18585859  5.15757576  3.81020202],[0.08060473],[17.93640429]
75,,,[21.54545455  1.71515152 14.54545455 32.34242424  5.22727273  3.85939394],[0.08023827],[18.2059734]
76,,,[21.60606061  1.73535354 14.60606061 32.4989899   5.2969697   3.90858586],[0.07982603],[18.4843856]
77,,,[21.66666667  1.75555556 14.66666667 32.65555556  5.36666667  3.95777778],[0.07936862],[18.77137427]
78,,,[21.72727273  1.77575758 14.72727273 32.81212121  5.43636364  4.0069697 ],[0.07886673],[19.06664823]
79,,,[21.78787879  1.7959596  14.78787879 32.96868687  5.50606061  4.05616162],[0.0783211],[19.36989443]
80,,,[21.84848485  1.81616162 14.84848485 33.12525253  5.57575758  4.10535354],[0.07773257],[19.68078075]
81,,,[21.90909091  1.83636364 14.90909091 33.28181818  5.64545455  4.15454545],[0.07710202],[19.99895868]
82,,,[21.96969697  1.85656566 14.96969697 33.43838384  5.71515152  4.20373737],[0.0764304],[20.324066]
83,,,[22.03030303  1.87676768 15.03030303 33.59494949  5.78484848  4.25292929],[0.07571872],[20.65572922]
84,,,[22.09090909  1.8969697  15.09090909 33.75151515  5.85454545  4.30212121],[0.07496807],[20.99356598]
85,,,[22.15151515  1.91717172 15.15151515 33.90808081  5.92424242  4.35131313],[0.07417956],[21.3371873]
86,,,[22.21212121  1.93737374 15.21212121 34.06464646  5.99393939  4.40050505],[0.07335438],[21.68619957]
87,,,[22.27272727  1.95757576 15.27272727 34.22121212  6.06363636  4.44969697],[0.07249375],[22.04020649]
88,,,[22.33333333  1.97777778 15.33333333 34.37777778  6.13333333  4.49888889],[0.07159897],[22.39881078]
89,,,[22.39393939  1.9979798  15.39393939 34.53434343  6.2030303   4.54808081],[0.07067136],[22.7616157]
90,,,[22.45454545  2.01818182 15.45454545 34.69090909  6.27272727  4.59727273],[0.06971228],[23.12822641]
91,,,[22.51515152  2.03838384 15.51515152 34.84747475  6.34242424  4.64646465],[0.06872313],[23.49825126]
92,,,[22.57575758  2.05858586 15.57575758 35.0040404   6.41212121  4.69565657],[0.06770535],[23.87130278]
93,,,[22.63636364  2.07878788 15.63636364 35.16060606  6.48181818  4.74484848],[0.06666042],[24.24699866]
94,,,[22.6969697   2.0989899  15.6969697  35.31717172  6.55151515  4.7940404 ],[0.06558983],[24.62496249]
95,,,[22.75757576  2.11919192 15.75757576 35.47373737  6.62121212  4.84323232],[0.06449509],[25.00482447]
96,,,[22.81818182  2.13939394 15.81818182 35.63030303  6.69090909  4.89242424],[0.06337776],[25.38622199]
97,,,[22.87878788  2.15959596 15.87878788 35.78686869  6.76060606  4.94161616],[0.06223939],[25.76880001]
98,,,[22.93939394  2.17979798 15.93939394 35.94343434  6.83030303  4.99080808],[0.06108155],[26.15221152]
99,,,[23.    2.2  16.   36.1   6.9   5.04],[0.05990583],[26.53611779]
