,x_train,y_train,x_test,y_pred,y_std
0,[-0.44816856  0.          0.          0.        ],[0.20087346],[4.97614173 0.         0.         0.        ],[24.72071608],[nan]
1,[-0.30673125  0.          0.          0.        ],[0.0940695],[1.41374446 0.         0.         0.        ],[2.00229392],[nan]
2,[3.56540824 0.         0.         0.        ],[12.71214958],[-1.78224522  0.          0.          0.        ],[3.17891559],[0.00769719]
3,[-3.14460011  0.          0.          0.        ],[9.88853051],[-4.55853965  0.          0.          0.        ],[20.74779694],[0.01320258]
4,[0.16011089 0.         0.         0.        ],[0.02561324],[5.532214 0.       0.       0.      ],[30.53161823],[0.01691922]
5,[ 0.         -4.67908968  0.          0.        ],[4.66121959e-06],[-5.84043477  0.          0.          0.        ],[33.99926518],[0.01544867]
6,[ 0.         -3.58829068  0.          0.        ],[-9.26450231e-06],[5.53412195 0.         0.         0.        ],[30.55259927],[0.00752037]
7,[0.         4.38083579 0.         0.        ],[-6.95742931e-06],[0.08071776 0.         0.         0.        ],[0.0074716],[0.0057811]
8,[0.         0.97527358 0.         0.        ],[1.26414104e-05],[2.86410618 0.         0.         0.        ],[8.20747302],[nan]
9,[0.         4.50693012 0.         0.        ],[1.89520335e-05],[-3.20742369  0.          0.          0.        ],[10.28540586],[nan]
10,[ 0.          0.         -0.10574488  0.        ],[9.86071325e-06],[-2.99201083  0.          0.          0.        ],[8.95181884],[0.0037519]
11,[0.         0.         0.99215126 0.        ],[-1.31684893e-05],[3.86788598 0.         0.         0.        ],[14.95459711],[0.00824245]
12,[ 0.          0.         -0.06416359  0.        ],[-1.18685204e-05],[1.74678988 0.         0.         0.        ],[3.05573211],[nan]
13,[ 0.          0.         -0.36651219  0.        ],[1.29989664e-05],[5.25997551 0.         0.         0.        ],[27.61097872],[0.01036007]
14,[ 0.         0.        -0.1095561  0.       ],[2.36531627e-05],[-3.04207826  0.          0.          0.        ],[9.25355123],[nan]
15,[0.         0.         0.         0.09798466],[-5.36214237e-06],[2.7126817 0.        0.        0.       ],[7.36349019],[nan]
16,[ 0.          0.          0.         -0.76042698],[3.18387513e-06],[-4.87278649  0.          0.          0.        ],[23.69791955],[nan]
17,[0.         0.         0.         0.36525734],[-7.51710226e-06],[-5.17552556  0.          0.          0.        ],[26.72361052],[0.010718]
18,[0.         0.         0.         0.35315947],[2.95184569e-06],[5.70189255 0.         0.         0.        ],[32.42535513],[0.01320555]
19,[ 0.          0.          0.         -0.96567715],[1.72604326e-05],[3.26032625 0.         0.         0.        ],[10.6317151],[0.0088707]
20,,,[-2.77971  0.       0.       0.     ],[7.72777812],[0.0064961]
21,,,[-1.98304981  0.          0.          0.        ],[3.93510623],[nan]
22,,,[-6.00583921  0.          0.          0.        ],[35.94328469],[0.01226283]
23,,,[-0.15031262  0.          0.          0.        ],[0.02345391],[0.00248546]
24,,,[-4.11685499  0.          0.          0.        ],[16.93033124],[nan]
25,,,[5.93582517 0.         0.         0.        ],[35.12844121],[0.00513342]
26,,,[2.56226361 0.         0.         0.        ],[6.57032858],[0.004917]
27,,,[4.39314622 0.         0.         0.        ],[19.28111895],[nan]
28,,,[3.365739 0.       0.       0.      ],[11.32922646],[nan]
29,,,[5.46790741 0.         0.         0.        ],[29.82862703],[nan]
30,,,[-2.69553717  0.          0.          0.        ],[7.26730202],[nan]
31,,,[0.19010291 0.         0.         0.        ],[0.03718654],[nan]
32,,,[5.02667333 0.         0.         0.        ],[25.22370048],[nan]
33,,,[5.52927496 0.         0.         0.        ],[30.49931261],[0.00301285]
34,,,[3.32290509 0.         0.         0.        ],[11.04313463],[0.00674249]
35,,,[0.6395092 0.        0.        0.       ],[0.41068616],[0.01017707]
36,,,[-5.09370934  0.          0.          0.        ],[25.88816493],[nan]
37,,,[1.15756912 0.         0.         0.        ],[1.34290264],[0.0133426]
38,,,[-6.17249231  0.          0.          0.        ],[37.95585625],[0.00735918]
39,,,[-1.63042172  0.          0.          0.        ],[2.66064307],[0.01261673]
40,,,[0.53753375 0.         0.         0.        ],[0.2904667],[0.01040376]
41,,,[1.59651078 0.         0.         0.        ],[2.55294252],[0.00946245]
42,,,[2.95507045 0.         0.         0.        ],[8.73641758],[0.0113364]
43,,,[6.15846551 0.         0.         0.        ],[37.80015251],[0.00783681]
44,,,[3.6865479 0.        0.        0.       ],[13.58770945],[0.00692659]
45,,,[-5.89142949  0.          0.          0.        ],[34.59292752],[0.00918006]
46,,,[3.61211898 0.         0.         0.        ],[13.04554411],[0.0030039]
47,,,[-2.33721745  0.          0.          0.        ],[5.46498139],[0.0089809]
48,,,[0.         2.78841583 0.         0.        ],[0.],[31.6227766]
49,,,[0.         3.75271206 0.         0.        ],[0.],[31.6227766]
50,,,[0.         6.02138301 0.         0.        ],[0.],[31.6227766]
51,,,[0.         0.19319366 0.         0.        ],[0.],[31.6227766]
52,,,[ 0.       -3.607384  0.        0.      ],[0.],[31.6227766]
53,,,[ 0.         -4.34004509  0.          0.        ],[0.],[31.6227766]
54,,,[0.         1.52599749 0.         0.        ],[0.],[31.6227766]
55,,,[0.        1.4357759 0.        0.       ],[0.],[31.6227766]
56,,,[ 0.         -4.69822039  0.          0.        ],[0.],[31.6227766]
57,,,[0.         1.62209892 0.         0.        ],[0.],[31.6227766]
58,,,[ 0.         -1.93965459  0.          0.        ],[0.],[31.6227766]
59,,,[ 0.        -4.1528718  0.         0.       ],[0.],[31.6227766]
60,,,[0.         4.18429002 0.         0.        ],[0.],[31.6227766]
61,,,[ 0.         -0.10970328  0.          0.        ],[0.],[31.6227766]
62,,,[ 0.         -1.78123954  0.          0.        ],[0.],[31.6227766]
63,,,[0.         3.49637076 0.         0.        ],[0.],[31.6227766]
64,,,[0.         4.01783046 0.         0.        ],[0.],[31.6227766]
65,,,[0.         5.37458156 0.         0.        ],[0.],[31.6227766]
66,,,[ 0.         -2.91630669  0.          0.        ],[0.],[31.6227766]
67,,,[0.        5.9018128 0.        0.       ],[0.],[31.6227766]
68,,,[ 0.         -6.09745628  0.          0.        ],[0.],[31.6227766]
69,,,[0.         2.11351157 0.         0.        ],[0.],[31.6227766]
70,,,[0.        5.0980468 0.        0.       ],[0.],[31.6227766]
71,,,[ 0.         -1.57305451  0.          0.        ],[0.],[31.6227766]
72,,,[0.         1.09289043 0.         0.        ],[0.],[31.6227766]
73,,,[0.       3.536163 0.       0.      ],[0.],[31.6227766]
74,,,[ 0.         -1.98752886  0.          0.        ],[0.],[31.6227766]
75,,,[ 0.         -5.41063614  0.          0.        ],[0.],[31.6227766]
76,,,[0.         5.58286504 0.         0.        ],[0.],[31.6227766]
77,,,[ 0.         -2.76203004  0.          0.        ],[0.],[31.6227766]
78,,,[0.         1.94345086 0.         0.        ],[0.],[31.6227766]
79,,,[0.         4.15017615 0.         0.        ],[0.],[31.6227766]
80,,,[ 0.         -3.98545856  0.          0.        ],[0.],[31.6227766]
81,,,[0.       1.928888 0.       0.      ],[0.],[31.6227766]
82,,,[ 0.         -4.33474606  0.          0.        ],[0.],[31.6227766]
83,,,[ 0.         -5.47780783  0.          0.        ],[0.],[31.6227766]
84,,,[ 0.         -4.05016365  0.          0.        ],[0.],[31.6227766]
85,,,[0.         4.45834911 0.         0.        ],[0.],[31.6227766]
86,,,[ 0.         -0.80139363  0.          0.        ],[0.],[31.6227766]
87,,,[ 0.         -4.07452894  0.          0.        ],[0.],[31.6227766]
88,,,[ 0.         -0.89524444  0.          0.        ],[0.],[31.6227766]
89,,,[0.         0.10464218 0.         0.        ],[0.],[31.6227766]
90,,,[ 0.         -2.42249566  0.          0.        ],[0.],[31.6227766]
91,,,[0.         3.18520242 0.         0.        ],[0.],[31.6227766]
92,,,[0.         0.26555465 0.         0.        ],[0.],[31.6227766]
93,,,[ 0.         -1.07393218  0.          0.        ],[0.],[31.6227766]
94,,,[ 0.         -0.02687373  0.          0.        ],[0.],[31.6227766]
95,,,[0.         0.25347165 0.         0.        ],[0.],[31.6227766]
96,,,[ 0.          0.         -0.11720131  0.        ],[0.],[31.6227766]
97,,,[ 0.          0.         -0.77019617  0.        ],[0.],[31.6227766]
98,,,[ 0.        0.       -0.426887  0.      ],[0.],[31.6227766]
99,,,[0.        0.        0.9116455 0.       ],[0.],[31.6227766]
100,,,[ 0.         0.        -0.2866738  0.       ],[0.],[31.6227766]
101,,,[0.         0.         0.57912423 0.        ],[0.],[31.6227766]
102,,,[0.         0.         0.27857108 0.        ],[0.],[31.6227766]
103,,,[0.         0.         0.45376302 0.        ],[0.],[31.6227766]
104,,,[ 0.          0.         -0.77257544  0.        ],[0.],[31.6227766]
105,,,[0.         0.         0.09365868 0.        ],[0.],[31.6227766]
106,,,[ 0.         0.        -0.0368034  0.       ],[0.],[31.6227766]
107,,,[0.         0.         0.57827971 0.        ],[0.],[31.6227766]
108,,,[0.         0.         0.83869395 0.        ],[0.],[31.6227766]
109,,,[ 0.          0.         -0.14845862  0.        ],[0.],[31.6227766]
110,,,[ 0.          0.         -0.40904412  0.        ],[0.],[31.6227766]
111,,,[0.        0.        0.5147253 0.       ],[0.],[31.6227766]
112,,,[0.         0.         0.12300268 0.        ],[0.],[31.6227766]
113,,,[0.         0.         0.38542692 0.        ],[0.],[31.6227766]
114,,,[ 0.         0.        -0.6099769  0.       ],[0.],[31.6227766]
115,,,[0.         0.         0.74626029 0.        ],[0.],[31.6227766]
116,,,[ 0.          0.         -0.48369083  0.        ],[0.],[31.6227766]
117,,,[0.         0.         0.34552172 0.        ],[0.],[31.6227766]
118,,,[ 0.          0.         -0.80561175  0.        ],[0.],[31.6227766]
119,,,[ 0.          0.         -0.66210135  0.        ],[0.],[31.6227766]
120,,,[0.         0.         0.28476331 0.        ],[0.],[31.6227766]
121,,,[ 0.          0.         -0.98825398  0.        ],[0.],[31.6227766]
122,,,[ 0.          0.         -0.97786294  0.        ],[0.],[31.6227766]
123,,,[0.         0.         0.50092367 0.        ],[0.],[31.6227766]
124,,,[0.         0.         0.81255397 0.        ],[0.],[31.6227766]
125,,,[ 0.          0.         -0.21346222  0.        ],[0.],[31.6227766]
126,,,[0.         0.         0.91753837 0.        ],[0.],[31.6227766]
127,,,[0.         0.         0.80349374 0.        ],[0.],[31.6227766]
128,,,[0.         0.         0.34626831 0.        ],[0.],[31.6227766]
129,,,[ 0.          0.         -0.69081782  0.        ],[0.],[31.6227766]
130,,,[0.         0.         0.76527686 0.        ],[0.],[31.6227766]
131,,,[0.         0.         0.30114452 0.        ],[0.],[31.6227766]
132,,,[ 0.          0.         -0.71694508  0.        ],[0.],[31.6227766]
133,,,[0.         0.         0.59284844 0.        ],[0.],[31.6227766]
134,,,[ 0.          0.         -0.91507315  0.        ],[0.],[31.6227766]
135,,,[0.         0.         0.15349822 0.        ],[0.],[31.6227766]
136,,,[0.         0.         0.30371442 0.        ],[0.],[31.6227766]
137,,,[ 0.          0.         -0.34125867  0.        ],[0.],[31.6227766]
138,,,[ 0.          0.         -0.35126921  0.        ],[0.],[31.6227766]
139,,,[ 0.          0.         -0.42380291  0.        ],[0.],[31.6227766]
140,,,[0.         0.         0.17012467 0.        ],[0.],[31.6227766]
141,,,[0.         0.         0.19947089 0.        ],[0.],[31.6227766]
142,,,[ 0.          0.         -0.99836626  0.        ],[0.],[31.6227766]
143,,,[0.         0.         0.69386434 0.        ],[0.],[31.6227766]
144,,,[0.         0.         0.         0.14800331],[0.],[31.6227766]
145,,,[ 0.          0.          0.         -0.77129043],[0.],[31.6227766]
146,,,[ 0.         0.         0.        -0.1144563],[0.],[31.6227766]
147,,,[ 0.          0.          0.         -0.11133867],[0.],[31.6227766]
148,,,[ 0.        0.        0.       -0.583511],[0.],[31.6227766]
149,,,[0.         0.         0.         0.28810007],[0.],[31.6227766]
150,,,[ 0.          0.          0.         -0.57820028],[0.],[31.6227766]
151,,,[ 0.          0.          0.         -0.96235077],[0.],[31.6227766]
152,,,[0.         0.         0.         0.06721697],[0.],[31.6227766]
153,,,[0.         0.         0.         0.28351601],[0.],[31.6227766]
154,,,[ 0.          0.          0.         -0.28775123],[0.],[31.6227766]
155,,,[ 0.          0.          0.         -0.43000749],[0.],[31.6227766]
156,,,[0.         0.         0.         0.70140456],[0.],[31.6227766]
157,,,[0.         0.         0.         0.10862662],[0.],[31.6227766]
158,,,[ 0.          0.          0.         -0.07359615],[0.],[31.6227766]
159,,,[ 0.          0.          0.         -0.36348707],[0.],[31.6227766]
160,,,[ 0.          0.          0.         -0.61637488],[0.],[31.6227766]
161,,,[0.         0.         0.         0.52314329],[0.],[31.6227766]
162,,,[ 0.          0.          0.         -0.44743865],[0.],[31.6227766]
163,,,[0.         0.         0.         0.23025874],[0.],[31.6227766]
164,,,[0.         0.         0.         0.06246176],[0.],[31.6227766]
165,,,[ 0.          0.          0.         -0.04400398],[0.],[31.6227766]
166,,,[ 0.          0.          0.         -0.85188553],[0.],[31.6227766]
167,,,[ 0.         0.         0.        -0.6754025],[0.],[31.6227766]
168,,,[0.         0.         0.         0.42099911],[0.],[31.6227766]
169,,,[0.         0.         0.         0.96635741],[0.],[31.6227766]
170,,,[ 0.          0.          0.         -0.73419059],[0.],[31.6227766]
171,,,[ 0.          0.          0.         -0.96949515],[0.],[31.6227766]
172,,,[0.         0.         0.         0.81305037],[0.],[31.6227766]
173,,,[ 0.          0.          0.         -0.77537794],[0.],[31.6227766]
174,,,[0.        0.        0.        0.9663889],[0.],[31.6227766]
175,,,[ 0.          0.          0.         -0.82054455],[0.],[31.6227766]
176,,,[0.         0.         0.         0.21466835],[0.],[31.6227766]
177,,,[0.         0.         0.         0.60252382],[0.],[31.6227766]
178,,,[0.         0.         0.         0.16191164],[0.],[31.6227766]
179,,,[ 0.         0.         0.        -0.4497424],[0.],[31.6227766]
180,,,[ 0.          0.          0.         -0.66143048],[0.],[31.6227766]
181,,,[ 0.          0.          0.         -0.57646991],[0.],[31.6227766]
182,,,[0.         0.         0.         0.72795229],[0.],[31.6227766]
183,,,[0.         0.         0.         0.38740525],[0.],[31.6227766]
184,,,[ 0.          0.          0.         -0.88593955],[0.],[31.6227766]
185,,,[0.         0.         0.         0.36958943],[0.],[31.6227766]
186,,,[0.         0.         0.         0.62835756],[0.],[31.6227766]
187,,,[0.         0.         0.         0.10275209],[0.],[31.6227766]
188,,,[ 0.          0.          0.         -0.87331457],[0.],[31.6227766]
189,,,[ 0.          0.          0.         -0.61041293],[0.],[31.6227766]
190,,,[0.         0.         0.         0.96411946],[0.],[31.6227766]
191,,,[ 0.         0.         0.        -0.0023674],[0.],[31.6227766]
