,x_train,y_train,x_test,y_pred,y_std
0,[25.94449188  0.          0.        ],[3.78104881],[25.58168825  0.          0.        ],[2.49197835],[0.00188519]
1,[27.18665782  0.          0.        ],[10.15478257],[26.11651549  0.          0.        ],[4.488298],[0.00142066]
2,[25.79931666  0.          0.        ],[3.23754482],[23.06231432  0.          0.        ],[0.88675986],[0.00792465]
3,[23.41564203  0.          0.        ],[0.34149224],[24.18390845  0.          0.        ],[0.01616591],[0.00656373]
4,[23.48347318  0.          0.        ],[0.26677689],[25.69869976  0.          0.        ],[2.87964605],[0.00113234]
5,[ 0.         -6.60687571  0.        ],[576.00000577],[24.52197834  0.          0.        ],[0.2498404],[0.00684591]
6,[  0.         -33.33467882   0.        ],[576.00000421],[23.9769605  0.         0.       ],[-0.01262102],[0.00568095]
7,[  0.         -36.20694968   0.        ],[575.99999114],[26.37702299  0.          0.        ],[5.66641299],[0.00233979]
8,[  0.         -22.39405051   0.        ],[576.00000404],[27.7608896  0.         0.       ],[14.04857611],[0.00973615]
9,[  0.         -45.59101316   0.        ],[575.99999891],[23.94537831  0.          0.        ],[-0.00941537],[0.00547833]
10,[ 0.          0.         31.75135573],[575.999985],[23.15418602  0.          0.        ],[0.72150931],[0.00572065]
11,[ 0.          0.         32.00461243],[576.00000854],[24.51836606  0.          0.        ],[0.24611549],[0.00684637]
12,[ 0.          0.         22.44035862],[576.0000103],[22.47575668  0.          0.        ],[2.33073378],[0.02769164]
13,[ 0.          0.         27.34498816],[576.00000812],[26.10795203  0.          0.        ],[4.4518362],[0.00139008]
14,[ 0.          0.         29.06342337],[575.99999278],[25.87415717  0.          0.        ],[3.51265635],[0.00053636]
15,,,[23.83014789  0.          0.        ],[0.01929508],[0.00460892]
16,,,[23.19464519  0.          0.        ],[0.65400077],[0.00480584]
17,,,[26.50597902  0.          0.        ],[6.29851579],[0.00254976]
18,,,[22.0582754  0.         0.       ],[3.76492606],[0.04878917]
19,,,[25.02800382  0.          0.        ],[1.03467891],[0.00515968]
20,,,[24.03975577  0.          0.        ],[-0.01302397],[0.00601372]
21,,,[23.41897481  0.          0.        ],[0.33831809],[0.00078081]
22,,,[25.45289019  0.          0.        ],[2.09730985],[0.00267571]
23,,,[23.25420822  0.          0.        ],[0.5604869],[0.00359066]
24,,,[27.28225231  0.          0.        ],[10.76364307],[0.001451]
25,,,[26.95503569  0.          0.        ],[8.74638421],[0.0018269]
26,,,[22.83440581  0.          0.        ],[1.36814731],[0.01437461]
27,,,[22.11472803  0.          0.        ],[3.55132749],[0.04555103]
28,,,[24.97458778  0.          0.        ],[0.92714931],[0.00542762]
29,,,[23.47571399  0.          0.        ],[0.27426144],[0.00075278]
30,,,[25.2187187  0.         0.       ],[1.46612987],[0.00411245]
31,,,[25.55349094  0.          0.        ],[2.4026994],[0.00208266]
32,,,[26.99965669  0.          0.        ],[9.01010979],[0.00160822]
33,,,[25.29596554  0.          0.        ],[1.66199734],[0.00363912]
34,,,[27.74277153  0.          0.        ],[13.91732646],[0.00930992]
35,,,[27.16471197  0.          0.        ],[10.01698777],[0.00091603]
36,,,[27.09424337  0.          0.        ],[9.58111288],[0.00109688]
37,,,[24.28638525  0.          0.        ],[0.06249024],[0.0067925]
38,,,[25.2923706  0.         0.       ],[1.65261224],[0.00367943]
39,,,[22.86094844  0.          0.        ],[1.30685822],[0.01355096]
40,,,[27.81500102  0.          0.        ],[14.44368656],[0.01109856]
41,,,[23.96926821  0.          0.        ],[-0.01202536],[0.00561052]
42,,,[26.38186839  0.          0.        ],[5.68958195],[0.00233154]
43,,,[23.80298102  0.          0.        ],[0.02994864],[0.00439209]
44,,,[23.241692  0.        0.      ],[0.57955663],[0.00385025]
45,,,[23.11313338  0.          0.        ],[0.7933006],[0.00668105]
46,,,[24.59200306  0.          0.        ],[0.32730027],[0.00673308]
47,,,[24.19550848  0.          0.        ],[0.02034169],[0.00660773]
48,,,[  0.         -21.80808292   0.        ],[575.9999995],[0.00036859]
49,,,[  0.         -41.05571807   0.        ],[575.9999931],[0.00082785]
50,,,[  0.        -31.9328905   0.       ],[575.99998999],[0.00097781]
51,,,[  0.         -44.44552002   0.        ],[575.99999761],[0.00054187]
52,,,[  0.         -11.95554049   0.        ],[575.99998915],[0.00102122]
53,,,[  0.         -32.79141037   0.        ],[575.99999374],[0.00079425]
54,,,[  0.         -17.89518871   0.        ],[575.99999687],[0.00060646]
55,,,[  0.         -24.91343959   0.        ],[575.99999222],[0.00087503]
56,,,[ 0.         -4.77902936  0.        ],[575.99999406],[0.00079098]
57,,,[  0.         -32.56710146   0.        ],[575.99998757],[0.00107989]
58,,,[ 0.         -5.46431247  0.        ],[575.99999942],[0.00039966]
59,,,[  0.        -11.7331423   0.       ],[575.99999077],[0.00095037]
60,,,[  0.         -13.12595831   0.        ],[575.99999263],[0.00086029]
61,,,[  0.         -15.76317194   0.        ],[575.99998804],[0.00106579]
62,,,[  0.         -16.62099471   0.        ],[576.00000761],[nan]
63,,,[  0.        -39.9949282   0.       ],[575.99999311],[0.00082713]
64,,,[  0.         -41.66850493   0.        ],[575.9999947],[0.00073915]
65,,,[  0.         -37.74087987   0.        ],[576.00000467],[nan]
66,,,[  0.         -38.37191376   0.        ],[576.00000252],[nan]
67,,,[  0.         -28.05780728   0.        ],[575.99999406],[0.00077737]
68,,,[  0.         -36.88317645   0.        ],[575.99998484],[0.00118437]
69,,,[ 0.         -7.79440301  0.        ],[576.000001],[0.00013874]
70,,,[ 0.         -6.05924833  0.        ],[575.99998841],[0.00105551]
71,,,[  0.         -25.93527211   0.        ],[576.00000375],[nan]
72,,,[  0.         -39.91101859   0.        ],[575.99999606],[0.00065417]
73,,,[  0.         -42.74788605   0.        ],[575.99999174],[0.00089651]
74,,,[  0.         -40.28718923   0.        ],[575.99999069],[0.00094552]
75,,,[ 0.         -6.80803935  0.        ],[575.99999082],[0.00095095]
76,,,[  0.         -20.97265791   0.        ],[575.99999603],[0.00066204]
77,,,[  0.         -24.87169182   0.        ],[575.99999357],[0.00080577]
78,,,[  0.         -17.34556335   0.        ],[575.99999446],[0.00075977]
79,,,[  0.         -22.32468223   0.        ],[575.99998528],[0.00117048]
80,,,[ 0.         -0.66004264  0.        ],[575.9999992],[0.00043054]
81,,,[  0.         -14.51673431   0.        ],[575.99999342],[0.00081866]
82,,,[  0.         -39.05341621   0.        ],[575.999995],[0.00072122]
83,,,[  0.         -38.48466295   0.        ],[575.99998911],[0.00101578]
84,,,[  0.         -20.84889168   0.        ],[575.99998583],[0.00115022]
85,,,[  0.         -45.87926163   0.        ],[576.00000055],[0.00019846]
86,,,[  0.         -19.97036573   0.        ],[575.99999067],[0.00095063]
87,,,[  0.         -25.96215141   0.        ],[575.99999892],[0.00042907]
88,,,[  0.         -11.19757595   0.        ],[575.99998836],[0.0010549]
89,,,[ 0.         -9.23740867  0.        ],[575.9999924],[0.00087403]
90,,,[  0.        -46.1301805   0.       ],[575.99999706],[0.00058517]
91,,,[  0.         -15.52860459   0.        ],[575.99999582],[0.00067872]
92,,,[ 0.         -7.79841526  0.        ],[575.99998276],[0.00126589]
93,,,[  0.         -17.78761312   0.        ],[575.99999901],[0.00042605]
94,,,[  0.         -38.07687088   0.        ],[575.99998536],[0.00116505]
95,,,[  0.         -22.14075654   0.        ],[575.99999413],[0.00077565]
96,,,[ 0.          0.         23.87366895],[575.99998892],[0.0010312]
97,,,[ 0.          0.         27.93616897],[575.99999051],[0.00096181]
98,,,[ 0.          0.         26.36321453],[575.99999749],[0.00056487]
99,,,[ 0.          0.         29.70025077],[575.99999292],[0.00084639]
100,,,[ 0.          0.         26.79218122],[575.99999588],[0.00067745]
101,,,[ 0.          0.         23.11732086],[575.99999536],[0.0007102]
102,,,[ 0.          0.         22.15308609],[575.9999892],[0.00101966]
103,,,[ 0.          0.         25.11470704],[575.99999669],[0.00062331]
104,,,[ 0.          0.         24.39928073],[575.9999916],[0.00091141]
105,,,[ 0.          0.         28.04963139],[575.99998863],[0.00104313]
106,,,[ 0.          0.         25.85149774],[575.99999508],[0.00072694]
107,,,[ 0.          0.         24.04176612],[575.99999697],[0.00060409]
108,,,[ 0.          0.         30.42650979],[575.99999882],[0.00045227]
109,,,[ 0.          0.         25.56337695],[575.99998114],[0.00131874]
110,,,[ 0.          0.         25.45135985],[575.99999294],[0.00084532]
111,,,[ 0.          0.         28.75886508],[575.99999051],[0.00096201]
112,,,[ 0.          0.         27.52814746],[575.99999749],[0.00056528]
113,,,[ 0.          0.         32.45823814],[575.99999183],[0.00090063]
114,,,[ 0.          0.         25.12476893],[576.00000018],[0.00029296]
115,,,[ 0.          0.         25.24732835],[575.9999924],[0.00087241]
116,,,[ 0.          0.         30.24860164],[575.99999613],[0.00066126]
117,,,[ 0.          0.         25.99544183],[575.99998864],[0.00104273]
118,,,[ 0.          0.         29.16688299],[576.00000231],[nan]
119,,,[ 0.          0.         30.54938785],[575.99999184],[0.00089999]
120,,,[ 0.          0.         24.42207299],[576.00000206],[nan]
121,,,[ 0.          0.         29.06009468],[575.99999104],[0.00093758]
122,,,[ 0.          0.         23.42458266],[575.99998302],[0.00125518]
123,,,[ 0.          0.         29.30823631],[575.99999346],[0.00081831]
124,,,[ 0.          0.         25.18293449],[575.99999455],[0.00075815]
125,,,[ 0.          0.         31.10855637],[575.99999962],[0.00036756]
126,,,[ 0.          0.         25.06635113],[576.00000823],[nan]
127,,,[ 0.          0.         31.55688672],[575.99999157],[0.00091315]
128,,,[ 0.          0.         26.91945418],[575.99999052],[0.00096159]
129,,,[ 0.          0.         24.14984624],[575.99998919],[0.00101987]
130,,,[ 0.          0.         28.11019053],[575.99999722],[0.00058572]
131,,,[ 0.          0.         22.43921259],[575.99999832],[0.00049812]
132,,,[ 0.          0.         22.95373926],[575.99998893],[0.0010311]
133,,,[ 0.          0.         27.16231616],[575.9999999],[0.00033141]
134,,,[ 0.          0.         26.47714925],[575.9999865],[0.0011286]
135,,,[ 0.          0.         27.43195699],[576.000005],[nan]
136,,,[ 0.          0.         27.72274487],[575.99999346],[0.00081785]
137,,,[ 0.          0.         28.80665361],[575.99999158],[0.00091233]
138,,,[ 0.          0.         25.21421455],[576.00000072],[0.00019819]
139,,,[ 0.          0.         24.10618638],[575.9999975],[0.00056424]
140,,,[ 0.        0.       29.585692],[575.99999319],[0.00083249]
141,,,[ 0.          0.         26.50895197],[575.99999079],[0.00094933]
142,,,[ 0.          0.         23.97944775],[575.99998731],[0.00109685]
143,,,[ 0.          0.         25.65925371],[575.99999321],[0.00083148]
