,x_train,y_train,x_test,y_pred,y_std
0,[0.0656239 0.        0.        0.       ],[-27312679.02769372],[-1.34503627  0.          0.          0.        ],[4.02855303e+08],[0.00881412]
1,[0.13011546 0.         0.         0.        ],[-54036663.0079779],[1.54156556 0.         0.         0.        ],[-4.21881224e+08],[0.00985983]
2,[-2.26391753  0.          0.          0.        ],[3.20374222e+08],[0.04115179 0.         0.         0.        ],[-17049424.50946501],[0.00038826]
3,[1.87109769 0.         0.         0.        ],[-3.97834839e+08],[0.37731136 0.         0.         0.        ],[-1.54029122e+08],[0.0029659]
4,[-2.32758316  0.          0.          0.        ],[3.02791688e+08],[0.11877081 0.         0.         0.        ],[-49295446.67653163],[0.00080681]
5,[0.         2.63314078 0.         0.        ],[1.48248779e+08],[0.46117403 0.         0.         0.        ],[-1.86306623e+08],[0.0037893]
6,[ 0.         -1.72273485  0.          0.        ],[-98261548.27896026],[2.36976274 0.         0.         0.        ],[-2.63832217e+08],[0.04183595]
7,[0.         3.13853424 0.         0.        ],[1.77193729e+08],[-1.00814734  0.          0.          0.        ],[3.49294857e+08],[0.00777712]
8,[0.         2.80276927 0.         0.        ],[1.58098707e+08],[0.03943006 0.         0.         0.        ],[-16333072.6685315],[0.00034181]
9,[0.         2.35905488 0.         0.        ],[1.34483137e+08],[3.06772776 0.         0.         0.        ],[93441360.40987921],[0.18259027]
10,[ 0.          0.         -0.98404409  0.        ],[5.57025244e+08],[-3.09641671  0.          0.          0.        ],[1004902.85570884],[0.03930616]
11,[0.         0.         0.16414663 0.        ],[-92912813.66749214],[0.1959995 0.        0.        0.       ],[-81158141.61766502],[0.00139733]
12,[ 0.          0.         -0.84645966  0.        ],[4.79142239e+08],[-0.47263471  0.          0.          0.        ],[1.88440726e+08],[0.00380955]
13,[ 0.          0.         -0.43334145  0.        ],[2.4529492e+08],[3.09820271 0.         0.         0.        ],[1.12434954e+08],[0.19139606]
14,[ 0.          0.         -0.07308057  0.        ],[41361409.88939609],[3.04801258 0.         0.         0.        ],[81269872.3999629],[0.17702017]
15,[ 0.          0.          0.         -0.89958508],[5.09215102e+08],[1.41524536 0.         0.         0.        ],[-4.17590935e+08],[0.0111453]
16,[ 0.         0.         0.        -0.2676183],[1.5148719e+08],[1.79633247 0.         0.         0.        ],[-4.07837688e+08],[0.00334433]
17,[ 0.          0.          0.         -0.07105019],[40215521.3226331],[-0.40891732  0.          0.          0.        ],[1.64688987e+08],[0.00328885]
18,[0.        0.        0.        0.6794304],[-3.84592659e+08],[-0.59654929  0.          0.          0.        ],[2.32323901e+08],[0.0048274]
19,[0.         0.         0.         0.17398072],[-98480829.23949462],[-1.68635386  0.          0.          0.        ],[4.11721575e+08],[0.00790286]
20,,,[1.47323881 0.         0.         0.        ],[-4.20465681e+08],[0.01068988]
21,,,[-2.14450779  0.          0.          0.        ],[3.49718011e+08],[0.0029905]
22,,,[-2.83330218  0.          0.          0.        ],[1.19351352e+08],[0.02003931]
23,,,[-1.33734532  0.          0.          0.        ],[4.02114652e+08],[0.00881069]
24,,,[0.63174486 0.         0.         0.        ],[-2.47935948e+08],[0.00564247]
25,,,[-0.76838063  0.          0.          0.        ],[2.87131747e+08],[0.00618882]
26,,,[-0.76668134  0.          0.          0.        ],[2.86628487e+08],[0.00617747]
27,,,[1.1041942 0.        0.        0.       ],[-3.77293157e+08],[0.01066337]
28,,,[2.28958813 0.         0.         0.        ],[-2.93027701e+08],[0.03234812]
29,,,[1.88229202 0.         0.         0.        ],[-3.96110103e+08],[0.00115671]
30,,,[1.84355214 0.         0.         0.        ],[-4.01834122e+08],[0.00158744]
31,,,[0.40404547 0.         0.         0.        ],[-1.64437782e+08],[0.00322195]
32,,,[-2.57419015  0.          0.          0.        ],[2.22091119e+08],[0.0079608]
33,,,[-2.46334019  0.          0.          0.        ],[2.60647627e+08],[0.00432584]
34,,,[-2.18665191  0.          0.          0.        ],[3.3995919e+08],[0.00228805]
35,,,[0.74673803 0.         0.         0.        ],[-2.85684262e+08],[0.00697736]
36,,,[2.17948113 0.         0.         0.        ],[-3.28478382e+08],[0.02119983]
37,,,[-1.74710788  0.          0.          0.        ],[4.08318923e+08],[0.00751262]
38,,,[1.06818589 0.         0.         0.        ],[-3.70088157e+08],[0.01038119]
39,,,[-0.27986574  0.          0.          0.        ],[1.14577004e+08],[0.00227201]
40,,,[2.65009212 0.         0.         0.        ],[-1.40821172e+08],[0.08507925]
41,,,[-1.81726055  0.          0.          0.        ],[4.02521259e+08],[0.00696504]
42,,,[-0.05551394  0.          0.          0.        ],[23133730.12069029],[0.00063348]
43,,,[-1.25018129  0.          0.          0.        ],[3.92101277e+08],[0.00869935]
44,,,[0.68761819 0.         0.         0.        ],[-2.66704726e+08],[0.0062893]
45,,,[-1.31716528  0.          0.          0.        ],[4.00060442e+08],[0.00879587]
46,,,[0.14789672 0.         0.         0.        ],[-61348158.12620538],[0.00102906]
47,,,[-0.76243232  0.          0.          0.        ],[2.85366508e+08],[0.00614183]
48,,,[ 0.         -2.30735369  0.          0.        ],[-1.3151615e+08],[0.0013037]
49,,,[0.         0.11718522 0.         0.        ],[6727355.6303225],[0.00033067]
50,,,[0.         0.57992536 0.         0.        ],[32979224.66535079],[0.00037724]
51,,,[ 0.         -0.95011469  0.          0.        ],[-53990742.64567175],[0.00053465]
52,,,[ 0.         -0.22171498  0.          0.        ],[-12527544.78297413],[0.00035028]
53,,,[ 0.         -0.29405548  0.          0.        ],[-16640693.44824798],[0.00036315]
54,,,[0.        0.1687957 0.        0.       ],[9657547.0369985],[0.00038808]
55,,,[ 0.         -2.42652098  0.          0.        ],[-1.38338417e+08],[0.00139953]
56,,,[0.         0.18552311 0.         0.        ],[10607127.6746955],[0.00035443]
57,,,[ 0.         -0.46343868  0.          0.        ],[-26275657.58722683],[0.00037216]
58,,,[ 0.         -2.35080517  0.          0.        ],[-1.3400345e+08],[0.00132581]
59,,,[ 0.         -1.97680369  0.          0.        ],[-1.12604935e+08],[0.00104623]
60,,,[ 0.         -0.56484532  0.          0.        ],[-32046689.32942041],[0.00039809]
61,,,[ 0.         -2.22284785  0.          0.        ],[-1.26679681e+08],[0.00122347]
62,,,[ 0.         -1.62992916  0.          0.        ],[-92780234.82905683],[0.00084353]
63,,,[ 0.         -1.94742169  0.          0.        ],[-1.10924862e+08],[0.00103807]
64,,,[ 0.         -1.26431365  0.          0.        ],[-71907912.00380617],[0.00061223]
65,,,[ 0.         -1.81261652  0.          0.        ],[-1.03218595e+08],[0.00090632]
66,,,[ 0.         -1.27762416  0.          0.        ],[-72667353.0044742],[0.00065317]
67,,,[ 0.         -0.71085285  0.          0.        ],[-40359528.22293775],[0.00041504]
68,,,[0.         3.03857449 0.         0.        ],[1.71638302e+08],[0.00058145]
69,,,[0.         0.40447917 0.         0.        ],[23031329.3682313],[0.00034584]
70,,,[0.         2.85548508 0.         0.        ],[1.6136368e+08],[0.000517]
71,,,[ 0.         -2.36453691  0.          0.        ],[-1.34789565e+08],[0.00134087]
72,,,[0.         1.60627828 0.         0.        ],[91036575.2509681],[0.0003544]
73,,,[ 0.         -1.23394096  0.          0.        ],[-70175099.90260284],[0.00059741]
74,,,[ 0.         -0.24100282  0.          0.        ],[-13624112.160466],[0.00037785]
75,,,[ 0.         -2.12818554  0.          0.        ],[-1.21263374e+08],[0.0011566]
76,,,[ 0.         -1.94545996  0.          0.        ],[-1.10812695e+08],[0.00102468]
77,,,[0.         2.49093292 0.         0.        ],[1.40880227e+08],[0.00047959]
78,,,[ 0.         -2.50094775  0.          0.        ],[-1.42600512e+08],[0.00145562]
79,,,[0.         1.62763386 0.         0.        ],[92242019.89199054],[0.00040183]
80,,,[0.         1.30980308 0.         0.        ],[74290628.08107907],[0.0004039]
81,,,[0.         2.83610825 0.         0.        ],[1.60275785e+08],[0.0005542]
82,,,[0.         1.03435558 0.         0.        ],[58714241.70112397],[0.00035443]
83,,,[ 0.         -2.96985135  0.          0.        ],[-1.69473292e+08],[0.00189444]
84,,,[ 0.         -0.44988269  0.          0.        ],[-25504344.78658224],[0.00038608]
85,,,[0.         1.88488575 0.         0.        ],[1.06754441e+08],[0.00039912]
86,,,[ 0.         -1.38119116  0.          0.        ],[-78577567.02404726],[0.00067909]
87,,,[ 0.         -0.30907302  0.          0.        ],[-17494696.60971291],[0.00033839]
88,,,[ 0.         -2.57839437  0.          0.        ],[-1.4703651e+08],[0.00151955]
89,,,[0.         1.10443987 0.         0.        ],[62679102.30466932],[0.00039238]
90,,,[ 0.         -2.95937908  0.          0.        ],[-1.68872744e+08],[0.00187839]
91,,,[0.        1.3909516 0.        0.       ],[78876208.81601521],[0.00044553]
92,,,[ 0.         -0.73620016  0.          0.        ],[-41803086.96113209],[0.00042994]
93,,,[0.         1.11430781 0.         0.        ],[63237268.99432111],[0.00038448]
94,,,[0.         2.43501258 0.         0.        ],[1.37735213e+08],[0.00048088]
95,,,[0.         0.61805536 0.         0.        ],[35140331.50405297],[0.00042051]
96,,,[ 0.          0.         -0.89450125  0.        ],[5.06070389e+08],[0.00065306]
97,,,[0.         0.         0.02821962 0.        ],[-15891110.49721443],[0.00036661]
98,,,[ 0.          0.         -0.11171777  0.        ],[63268555.02419599],[0.00030107]
99,,,[0.         0.         0.41866613 0.        ],[-2.36751568e+08],[0.00065623]
100,,,[0.         0.         0.26503617 0.        ],[-1.49850671e+08],[0.00049456]
101,,,[ 0.          0.         -0.50945635  0.        ],[2.88262575e+08],[0.00032876]
102,,,[0.         0.         0.90884552 0.        ],[-5.14000033e+08],[0.00103741]
103,,,[ 0.         0.        -0.0048525  0.       ],[2817025.81610289],[0.00031296]
104,,,[ 0.         0.        -0.5142149  0.       ],[2.90954392e+08],[0.00038521]
105,,,[0.         0.         0.11600835 0.        ],[-65550858.44422753],[0.00038785]
106,,,[ 0.          0.         -0.86028008  0.        ],[4.86713026e+08],[0.00062049]
107,,,[ 0.          0.         -0.85599645  0.        ],[4.84289958e+08],[0.00065342]
108,,,[0.         0.         0.97579636 0.        ],[-5.51864508e+08],[0.00109487]
109,,,[0.         0.         0.02253453 0.        ],[-12675187.8048389],[0.00040344]
110,,,[0.         0.         0.36564636 0.        ],[-2.06761187e+08],[0.00056005]
111,,,[ 0.          0.         -0.62194832  0.        ],[3.51896768e+08],[0.00046586]
112,,,[ 0.          0.         -0.46925778  0.        ],[2.65523018e+08],[0.00032121]
113,,,[0.        0.        0.4151617 0.       ],[-2.34769317e+08],[0.00060383]
114,,,[ 0.         0.        -0.5926866  0.       ],[3.35344123e+08],[0.00041431]
115,,,[ 0.          0.         -0.11797024  0.        ],[66805463.70262374],[0.00029873]
116,,,[0.         0.         0.44839974 0.        ],[-2.53570103e+08],[0.00063644]
117,,,[ 0.          0.         -0.64020223  0.        ],[3.62222532e+08],[0.00051649]
118,,,[0.         0.         0.66354965 0.        ],[-3.75264029e+08],[0.00080959]
119,,,[ 0.          0.         -0.78656305  0.        ],[4.45014266e+08],[0.00059341]
120,,,[ 0.          0.         -0.91100923  0.        ],[5.15408158e+08],[0.00067415]
121,,,[ 0.          0.         -0.81444468  0.        ],[4.60785839e+08],[0.0005906]
122,,,[ 0.          0.         -0.78234678  0.        ],[4.42629276e+08],[0.00060141]
123,,,[0.         0.         0.42228176 0.        ],[-2.38796722e+08],[0.00062083]
124,,,[ 0.          0.         -0.70338079  0.        ],[3.97960851e+08],[0.00054855]
125,,,[0.         0.         0.37432792 0.        ],[-2.1167189e+08],[0.00057797]
126,,,[ 0.         0.        -0.9518286  0.       ],[5.38497595e+08],[0.00070343]
127,,,[ 0.          0.         -0.22146199  0.        ],[1.25349001e+08],[0.00031114]
128,,,[ 0.          0.         -0.45999837  0.        ],[2.60285137e+08],[0.00044614]
129,,,[0.         0.         0.07057483 0.        ],[-39850381.18806528],[0.00036315]
130,,,[ 0.          0.         -0.01310828  0.        ],[7487133.33746644],[0.00029314]
131,,,[ 0.          0.         -0.03937101  0.        ],[22343401.90792346],[0.00041411]
132,,,[ 0.          0.         -0.02660077  0.        ],[15119546.74900806],[0.00031977]
133,,,[0.        0.        0.6786776 0.       ],[-3.83820495e+08],[0.00085222]
134,,,[0.         0.         0.61388478 0.        ],[-3.47172991e+08],[0.00078645]
135,,,[ 0.          0.         -0.39703393  0.        ],[2.24667253e+08],[0.000326]
136,,,[0.        0.        0.3544377 0.       ],[-2.00421021e+08],[0.00054693]
137,,,[ 0.          0.         -0.82285247  0.        ],[4.65541791e+08],[0.00059583]
138,,,[ 0.          0.         -0.03523364  0.        ],[20002974.84039884],[0.00033511]
139,,,[0.         0.         0.36547298 0.        ],[-2.06663115e+08],[0.00055285]
140,,,[0.         0.         0.27306487 0.        ],[-1.54392171e+08],[0.00051006]
141,,,[ 0.         0.        -0.0368119  0.       ],[20895763.87518631],[0.00030267]
142,,,[ 0.          0.         -0.54085384  0.        ],[3.06023494e+08],[0.00040609]
143,,,[ 0.          0.         -0.55752726  0.        ],[3.15455287e+08],[0.00041179]
144,,,[ 0.          0.          0.         -0.29637715],[1.67714429e+08],[0.00038005]
145,,,[ 0.          0.          0.         -0.58170884],[3.29105663e+08],[0.00057039]
146,,,[ 0.          0.          0.         -0.99774541],[5.64412887e+08],[0.00088456]
147,,,[ 0.          0.          0.         -0.21044871],[1.19110169e+08],[0.00036293]
148,,,[0.         0.         0.         0.78727411],[-4.45224921e+08],[0.0008238]
149,,,[ 0.        0.        0.       -0.488683],[2.76488374e+08],[0.00051367]
150,,,[ 0.          0.          0.         -0.94508239],[5.34628354e+08],[0.00085184]
151,,,[ 0.          0.          0.         -0.77962679],[4.41049288e+08],[0.00071051]
152,,,[0.         0.         0.         0.76424609],[-4.32200691e+08],[0.0007909]
153,,,[0.         0.         0.         0.53392369],[-3.01930827e+08],[0.00057328]
154,,,[0.         0.         0.         0.22007984],[-1.24413321e+08],[0.000431]
155,,,[ 0.          0.          0.         -0.54390013],[3.07720384e+08],[0.00055208]
156,,,[ 0.          0.          0.         -0.72609091],[4.10769483e+08],[0.00067096]
157,,,[0.         0.         0.         0.10844782],[-61270241.21588416],[0.00039217]
158,,,[ 0.          0.          0.         -0.35715318],[2.02091393e+08],[0.00048827]
159,,,[ 0.          0.          0.         -0.93151658],[5.26955895e+08],[0.00083657]
160,,,[ 0.         0.         0.        -0.7069416],[3.99938583e+08],[0.00066588]
161,,,[ 0.          0.          0.         -0.88446525],[5.00344698e+08],[0.00079626]
162,,,[0.         0.         0.         0.63713274],[-3.60306424e+08],[0.00067162]
163,,,[0.         0.         0.         0.83987126],[-4.74972626e+08],[0.00085786]
164,,,[ 0.          0.          0.         -0.67196312],[3.80154566e+08],[0.00062729]
165,,,[ 0.        0.        0.       -0.517957],[2.93046413e+08],[0.00056025]
166,,,[0.         0.         0.         0.74011508],[-4.18552552e+08],[0.00076506]
167,,,[ 0.          0.          0.         -0.89565458],[5.06673169e+08],[0.00080491]
168,,,[ 0.          0.          0.         -0.00789601],[4538372.06773205],[0.00034695]
169,,,[ 0.          0.          0.         -0.28624367],[1.6198258e+08],[0.00040777]
170,,,[0.        0.        0.        0.6106305],[-3.45316727e+08],[0.0006814]
171,,,[0.         0.         0.         0.57527483],[-3.25319397e+08],[0.00067213]
172,,,[0.        0.        0.        0.0763605],[-43120423.10729378],[0.00033127]
173,,,[ 0.          0.          0.         -0.98427382],[5.56793826e+08],[0.00088736]
174,,,[0.         0.         0.         0.50814029],[-2.87347423e+08],[0.00058323]
175,,,[ 0.          0.          0.         -0.34870997],[1.97315641e+08],[0.00046257]
176,,,[0.         0.         0.         0.38843832],[-2.19641762e+08],[0.00051659]
177,,,[0.         0.         0.         0.31630739],[-1.78842625e+08],[0.00043884]
178,,,[ 0.         0.         0.        -0.1702755],[96386660.32555807],[0.00035437]
179,,,[0.         0.         0.         0.45396813],[-2.56706793e+08],[0.00056261]
180,,,[0.         0.         0.         0.05438216],[-30688620.41033384],[0.00030795]
181,,,[0.         0.         0.         0.44900419],[-2.53899094e+08],[0.00052258]
182,,,[0.         0.         0.         0.10896634],[-61563534.52651148],[0.00038629]
183,,,[0.         0.         0.         0.84358386],[-4.77072367e+08],[0.00084015]
184,,,[ 0.          0.          0.         -0.39575317],[2.23924747e+08],[0.00044991]
185,,,[0.         0.         0.         0.55787998],[-3.15480735e+08],[0.00063937]
186,,,[ 0.          0.          0.         -0.95111752],[5.38041656e+08],[0.00083702]
187,,,[0.         0.         0.         0.09278545],[-52411005.50137189],[0.00034172]
188,,,[0.         0.         0.         0.55610437],[-3.14476438e+08],[0.00058851]
189,,,[0.         0.         0.         0.28266533],[-1.59813687e+08],[0.0004317]
190,,,[0.         0.         0.         0.61944533],[-3.50302411e+08],[0.00066087]
191,,,[0.         0.         0.         0.76897585],[-4.34875761e+08],[0.00081144]
