,x_train,y_train,x_test,y_pred,y_std
0,[24.51899724  0.22       13.         29.1         0.          0.63935366],[24.50615812],[24.51899724  0.22       13.         29.1         0.          0.63935366],[24.4433278],[0.08334356]
1,[23.9587345   0.22       13.         25.1         0.          0.57285563],[23.94102909],[23.9587345   0.22       13.         25.1         0.          0.57285563],[23.93216709],[0.06571062]
2,[24.27310599  0.22       13.         27.5         0.          0.58719609],[24.25890064],[24.27310599  0.22       13.         27.5         0.          0.58719609],[24.2517181],[0.0715861]
3,[25.10186818  0.44199441 11.95939689 31.99166667  3.25735143  1.17465284],[25.100761],[25.10186818  0.44199441 11.95939689 31.99166667  3.25735143  1.17465284],[25.26714671],[0.0941152]
4,[23.95849771  0.22       13.         24.775       0.          0.5875086 ],[23.94038334],[23.95849771  0.22       13.         24.775       0.          0.5875086 ],[23.69532603],[0.06706686]
5,[24.95524405  0.22       13.         32.9         0.          0.86127713],[24.94696683],[24.95524405  0.22       13.         32.9         0.          0.86127713],[24.65644048],[0.09803136]
6,[25.10065736  0.43928875 11.88363694 34.85        2.77478855  1.39258449],[25.10003005],[25.10065736  0.43928875 11.88363694 34.85        2.77478855  1.39258449],[25.01450444],[0.09800849]
7,[24.17483678  0.22       13.         27.66666667  3.20458845  0.54988514],[24.21125036],[24.17483678  0.22       13.         27.66666667  3.20458845  0.54988514],[24.09093319],[0.09880367]
8,[24.50538107  0.22       13.         28.          0.          0.44275685],[24.48944123],[24.50538107  0.22       13.         28.          0.          0.44275685],[24.57337983],[0.07318442]
9,[27.00148911  0.22       13.         27.4         0.          0.44275685],[26.95525439],[27.00148911  0.22       13.         27.4         0.          0.44275685],[27.13947973],[0.07214079]
10,[24.4724775   0.22       13.         24.025       0.75537941  0.42152834],[24.46008953],[24.4724775   0.22       13.         24.025       0.75537941  0.42152834],[24.34566834],[0.09851651]
11,[23.70709183  0.22       15.72745832 27.08333333  3.13161277  0.74500301],[23.74922878],[23.70709183  0.22       15.72745832 27.08333333  3.13161277  0.74500301],[23.51401854],[0.09863058]
12,[23.10828168  0.22       15.69030211 22.5         0.          0.62531613],[23.09966856],[23.10828168  0.22       15.69030211 22.5         0.          0.62531613],[22.94766348],[0.09905699]
13,[25.066655    0.36535012 12.1547557  35.675       1.66692548  0.4821302 ],[25.06492292],[25.066655    0.36535012 12.1547557  35.675       1.66692548  0.4821302 ],[24.87915637],[0.09879839]
14,[24.74230872  0.22       13.         30.          0.          0.75612101],[24.72900703],[24.74230872  0.22       13.         30.          0.          0.75612101],[24.61133745],[0.07251807]
15,[24.98593227  0.22       13.         24.425       0.          0.57285563],[24.95831123],[24.98593227  0.22       13.         24.425       0.          0.57285563],[24.69385155],[0.09673955]
16,[25.01582209  0.25482242 12.70294164 32.88333333  0.75262716  0.41557048],[25.01202231],[25.01582209  0.25482242 12.70294164 32.88333333  0.75262716  0.41557048],[24.93531097],[0.09777673]
17,[23.86873074  0.22       13.3919507  26.66666667  3.00891859  0.58609148],[23.90376672],[23.86873074  0.22       13.3919507  26.66666667  3.00891859  0.58609148],[23.75943114],[0.09909064]
18,[25.09942423  0.4365838  11.94282626 33.56666667  2.96596255  1.40042369],[25.09898384],[25.09942423  0.4365838  11.94282626 33.56666667  2.96596255  1.40042369],[25.2840113],[0.08673224]
19,[24.33575149  0.22       13.         26.3         0.          0.75890019],[24.31683048],[24.33575149  0.22       13.         26.3         0.          0.75890019],[24.23217523],[0.08261433]
20,[24.09588515  0.22       13.         24.93333333  0.          0.44275685],[24.07652434],[24.09588515  0.22       13.         24.93333333  0.          0.44275685],[24.21430656],[0.07543323]
21,[24.63148354  0.22       13.         28.8         0.          0.44275685],[24.61611074],[24.63148354  0.22       13.         28.8         0.          0.44275685],[24.47447216],[0.07758333]
22,[24.50533184  0.22       13.         28.425       0.          0.44275685],[24.49075689],[24.50533184  0.22       13.         28.425       0.          0.44275685],[24.51139755],[0.0525412]
23,[22.98760407  0.22       15.90197247 23.78333333  0.36184068  0.6584471 ],[22.98942705],[22.98760407  0.22       15.90197247 23.78333333  0.36184068  0.6584471 ],[23.097303],[0.08158456]
24,[24.28366744  0.22       13.         27.66666667  0.          0.44275685],[24.26974662],[24.28366744  0.22       13.         27.66666667  0.          0.44275685],[24.08308429],[0.07295205]
25,[25.09909361  0.43588816 11.9413261  33.05833333  3.02960717  1.40836302],[25.09837695],[25.09909361  0.43588816 11.9413261  33.05833333  3.02960717  1.40836302],[24.86624461],[0.0901326]
26,[25.09398731  0.42486251 12.05333288 33.525       2.76057433  0.39974331],[25.0926593],[25.09398731  0.42486251 12.05333288 33.525       2.76057433  0.39974331],[25.00888643],[0.09822088]
27,[23.495146    0.22       13.93596565 22.63333333  0.          0.44275685],[23.47739811],[23.495146    0.22       13.93596565 22.63333333  0.          0.44275685],[23.26546916],[0.09896818]
28,[24.46340346  0.22       13.         28.36666667  0.          0.63958072],[24.44922008],[24.46340346  0.22       13.         28.36666667  0.          0.63958072],[24.47917699],[0.06190386]
29,[23.77023615  0.22       16.         26.3         3.59065293  1.48270268],[23.8190578],[23.77023615  0.22       16.         26.3         3.59065293  1.48270268],[23.64259037],[0.09868278]
30,[27.51597491  0.22       12.98711179 27.66666667  0.          0.44275685],[27.46482342],[27.51597491  0.22       12.98711179 27.66666667  0.          0.44275685],[26.97807388],[0.09659777]
31,[23.99791443  0.22       13.         25.64166667  0.          0.57285563],[23.9806912],[23.99791443  0.22       13.         25.64166667  0.          0.57285563],[23.83886685],[0.06735031]
32,[24.51134282  0.22       13.         27.575       0.          0.75853424],[24.4941516],[24.51134282  0.22       13.         27.575       0.          0.75853424],[24.46801003],[0.08845596]
33,[23.91548342  0.22       15.57262302 26.44166667  3.5722641   1.48296364],[23.96203075],[23.91548342  0.22       15.57262302 26.44166667  3.5722641   1.48296364],[23.74050544],[0.09531406]
34,[25.12667018  0.49588144 12.05309637 31.06666667  4.07554812  1.44340654],[25.12637479],[25.12667018  0.49588144 12.05309637 31.06666667  4.07554812  1.44340654],[24.89843238],[0.08001495]
35,[25.09143191  0.41912015 12.09967372 30.9         3.24046265  1.41041084],[25.09167093],[25.09143191  0.41912015 12.09967372 30.9         3.24046265  1.41041084],[24.93646694],[0.09863536]
36,[24.18636188  0.22       13.         24.5         0.          0.57285563],[24.16527243],[24.18636188  0.22       13.         24.5         0.          0.57285563],[24.3950197],[0.08379662]
37,[25.07042565  0.37359682 12.23908024 33.45        2.10690802  1.41382043],[25.06825544],[25.07042565  0.37359682 12.23908024 33.45        2.10690802  1.41382043],[24.99697328],[0.09794385]
38,[24.88198399  0.22       13.35827994 29.61666667  4.0216154   0.73538501],[24.92802214],[24.88198399  0.22       13.35827994 29.61666667  4.0216154   0.73538501],[24.80340174],[0.09854617]
39,[24.8230602   0.22       13.         30.9         0.          0.86130989],[24.8110874],[24.8230602   0.22       13.         30.9         0.          0.86130989],[24.81736637],[0.07491147]
40,[26.44873347  0.22       13.         26.86666667  0.          0.57285563],[26.41069482],[26.44873347  0.22       13.         26.86666667  0.          0.57285563],[26.018304],[0.09662032]
41,[25.11815804  0.47746604 12.73635719 28.38333333  3.98761347  1.44339828],[25.1169287],[25.11815804  0.47746604 12.73635719 28.38333333  3.98761347  1.44339828],[24.81542399],[0.09925002]
42,[25.09828809  0.43407213 12.10065993 31.90833333  3.18582836  1.39464297],[25.09766458],[25.09828809  0.43407213 12.10065993 31.90833333  3.18582836  1.39464297],[24.92398566],[0.09437641]
43,[25.08439877  0.4039099  12.2005018  29.325       3.40342123  1.40716303],[25.08584723],[25.08439877  0.4039099  12.2005018  29.325       3.40342123  1.40716303],[24.85837081],[0.09906355]
44,[24.37185259  0.22       13.         28.26666667  0.          0.58633822],[24.35855293],[24.37185259  0.22       13.         28.26666667  0.          0.58633822],[24.33120177],[0.05699632]
45,[25.03035945  0.28628824 12.27699407 35.          0.88436039  0.89885854],[25.02801364],[25.03035945  0.28628824 12.27699407 35.          0.88436039  0.89885854],[24.7510994],[0.09910368]
46,[24.09800364  0.22       14.74664112 22.01666667  2.02857168  0.55324382],[24.10970162],[24.09800364  0.22       14.74664112 22.01666667  2.02857168  0.55324382],[23.82375018],[0.09926097]
47,[24.90942299  0.22       13.12912532 29.275       3.83940795  1.44340081],[24.9476503],[24.90942299  0.22       13.12912532 29.275       3.83940795  1.44340081],[24.97754122],[0.09302992]
48,[23.14866241  0.22       15.40450977 22.26666667  1.24770925  0.40515783],[23.15743747],[23.14866241  0.22       15.40450977 22.26666667  1.24770925  0.40515783],[22.99086291],[0.09913666]
49,[23.53061759  0.22       13.56557556 24.05        0.          0.62531613],[23.51652065],[23.53061759  0.22       13.56557556 24.05        0.          0.62531613],[23.57611056],[0.08876201]
50,[24.8949122   0.22       13.         27.03333333  2.87365978  0.58288257],[24.91981696],[24.8949122   0.22       13.         27.03333333  2.87365978  0.58288257],[24.76204005],[0.09885249]
51,[24.77485767  0.22       13.         30.19166667  0.          0.75728776],[24.76164611],[24.77485767  0.22       13.         30.19166667  0.          0.75728776],[24.81817244],[0.0708646]
52,[24.40673061  0.22       13.         28.44166667  0.          0.58696406],[24.39352745],[24.40673061  0.22       13.         28.44166667  0.          0.58696406],[24.40798564],[0.05271341]
53,[25.07335091  0.37996992 12.22434046 33.03333333  2.25484602  0.39806029],[25.07120162],[25.07335091  0.37996992 12.22434046 33.03333333  2.25484602  0.39806029],[24.83402119],[0.09672153]
54,[25.05209884  0.33364847 12.35007498 33.9         1.5907105   1.42114518],[25.05029818],[25.05209884  0.33364847 12.35007498 33.9         1.5907105   1.42114518],[24.88578894],[0.09824851]
55,[24.28291994  0.22       13.         26.4         0.          0.44275685],[24.26521608],[24.28291994  0.22       13.         26.4         0.          0.44275685],[24.22169254],[0.08634228]
56,[24.82493905  0.22       14.18432595 27.175       3.56664584  0.40291242],[24.86268395],[24.82493905  0.22       14.18432595 27.175       3.56664584  0.40291242],[24.58942363],[0.09925645]
57,[23.23684445  0.22       14.74872941 23.9         0.          0.57285563],[23.22787163],[23.23684445  0.22       14.74872941 23.9         0.          0.57285563],[23.20167958],[0.09585702]
58,[25.01720303  0.25785025 12.71720288 32.475       0.83937054  0.89952743],[25.01316235],[25.01720303  0.25785025 12.71720288 32.475       0.83937054  0.89952743],[25.10673076],[0.09609416]
59,[23.62246759  0.22       13.3527332  24.2         0.          0.62531613],[23.6073021],[23.62246759  0.22       13.3527332  24.2         0.          0.62531613],[23.44977188],[0.08882233]
60,[26.09211138  0.22       13.         23.          0.          0.57285563],[26.04686314],[26.09211138  0.22       13.         23.          0.          0.57285563],[25.68532005],[0.09764806]
61,[25.61675184  0.22       13.         23.44166667  0.          0.44275685],[25.5798799],[25.61675184  0.22       13.         23.44166667  0.          0.44275685],[25.72167741],[0.09663807]
62,[25.10014671  0.43712317 12.5321255  29.825       4.06612622  1.44340269],[25.10602219],[25.10014671  0.43712317 12.5321255  29.825       4.06612622  1.44340269],[25.01917753],[0.09900171]
63,[24.46117366  0.22       13.         25.96666667  0.          0.57285563],[24.43950168],[24.46117366  0.22       13.         25.96666667  0.          0.57285563],[24.48304519],[0.07519002]
64,[25.05241672  0.33438276 12.12439486 34.75        1.51097785  1.40166604],[25.05057516],[25.05241672  0.33438276 12.12439486 34.75        1.51097785  1.40166604],[25.09470334],[0.09817774]
65,[23.80288021  0.22       13.91914149 24.725       1.70350484  0.5532433 ],[23.81584334],[23.80288021  0.22       13.91914149 24.725       1.70350484  0.5532433 ],[23.55768319],[0.09924923]
66,[24.51459623  0.22       13.7557602  28.99166667  4.06355067  1.47284792],[24.564072],[24.51459623  0.22       13.7557602  28.99166667  4.06355067  1.47284792],[24.43388478],[0.09847941]
67,[24.90814132  0.22       13.         30.96666667  0.05601218  0.86173847],[24.89589251],[24.90814132  0.22       13.         30.96666667  0.05601218  0.86173847],[24.748972],[0.07805269]
68,[24.76291831  0.22       13.         30.925       0.          0.44275685],[24.75193421],[24.76291831  0.22       13.         30.925       0.          0.44275685],[24.62492119],[0.09596979]
69,[23.28572319  0.22       14.24321007 24.10833333  0.          0.57285563],[23.27534404],[23.28572319  0.22       14.24321007 24.10833333  0.          0.57285563],[23.23474006],[0.09121805]
70,[25.07449604  0.38248546 12.18963356 33.55        2.19679028  0.39943398],[25.07232884],[25.07449604  0.38248546 12.18963356 33.55        2.19679028  0.39943398],[25.13564446],[0.09606065]
71,[24.15629679  0.22       13.         25.88333333  0.          0.63965875],[24.13877197],[24.15629679  0.22       13.         25.88333333  0.          0.63965875],[24.24487453],[0.05674352]
72,[25.12763945  0.49806472 12.13175671 30.38333333  4.13393582  0.4013179 ],[25.12697507],[25.12763945  0.49806472 12.13175671 30.38333333  4.13393582  0.4013179 ],[24.92695662],[0.09881157]
73,[23.40303962  0.22       14.03582502 24.4         0.          0.62531613],[23.39215871],[23.40303962  0.22       14.03582502 24.4         0.          0.62531613],[23.17394254],[0.07677666]
74,[24.45994109  0.22       13.         28.7         0.          0.44275685],[24.44677468],[24.45994109  0.22       13.         28.7         0.          0.44275685],[24.38838353],[0.06551361]
75,[24.33320692  0.22       13.         25.69166667  0.          0.44275685],[24.31298058],[24.33320692  0.22       13.         25.69166667  0.          0.44275685],[24.28989462],[0.0748109]
76,[24.99208434  0.22       13.         32.175       0.26159137  0.86109414],[24.98523387],[24.99208434  0.22       13.         32.175       0.26159137  0.86109414],[25.01801525],[0.09685836]
77,[25.12637479  0.49527353 12.00305416 31.175       4.05025783  1.44339806],[25.12590171],[25.12637479  0.49527353 12.00305416 31.175       4.05025783  1.44339806],[25.33505148],[0.07745851]
78,[26.89689991  0.22       13.         27.275       0.          0.44275685],[26.8531522],[26.89689991  0.22       13.         27.275       0.          0.44275685],[26.99496557],[0.07174678]
79,[25.11236136  0.46478003 11.81417848 34.325       3.18187452  1.40315408],[25.11179512],[25.11236136  0.46478003 11.81417848 34.325       3.18187452  1.40315408],[24.95745176],[0.09758315]
80,[23.41130519  0.22       14.63439532 22.46666667  0.          0.44275685],[23.39607626],[23.41130519  0.22       14.63439532 22.46666667  0.          0.44275685],[23.26486613],[0.09902798]
81,[24.73485891  0.22       13.64790463 28.175       4.155709    1.44451258],[24.77974601],[24.73485891  0.22       13.64790463 28.175       4.155709    1.44451258],[24.65293277],[0.09857013]
82,[25.07374676  0.38081927 12.15603678 35.6         1.83760378  1.38619045],[25.07172012],[25.07374676  0.38081927 12.15603678 35.6         1.83760378  1.38619045],[24.90849185],[0.09837668]
83,[23.41438842  0.22       13.91551845 24.4         0.          0.57285563],[23.40303962],[23.41438842  0.22       13.91551845 24.4         0.          0.57285563],[23.56054545],[0.07720609]
84,[23.79754348  0.22       13.73090638 24.85        0.          0.58735404],[23.78330369],[23.79754348  0.22       13.73090638 24.85        0.          0.58735404],[23.69135497],[0.09682437]
85,[23.70353818  0.22       15.61299945 26.74166667  3.41236343  1.48295286],[23.75125014],[23.70353818  0.22       15.61299945 26.74166667  3.41236343  1.48295286],[23.88979744],[0.09420425]
86,[22.98340761  0.22       15.92112698 23.85        0.25971479  0.65828225],[22.98401097],[22.98340761  0.22       15.92112698 23.85        0.25971479  0.65828225],[22.66664871],[0.08199499]
87,[24.97727654  0.22       13.1119043  29.70833333  3.92076184  1.44339967],[25.01833985],[24.97727654  0.22       13.1119043  29.70833333  3.92076184  1.44339967],[24.75506626],[0.09542182]
88,[24.11333321  0.22       13.         26.05833333  0.          0.57285563],[24.09484923],[24.11333321  0.22       13.         26.05833333  0.          0.57285563],[24.01078138],[0.06222228]
89,[24.84171479  0.22       13.         22.30833333  0.91736748  0.40349185],[24.82499555],[24.84171479  0.22       13.         22.30833333  0.91736748  0.40349185],[24.5721086],[0.09920314]
90,[25.07876695  0.39171259 12.12512316 34.48333333  2.18199117  1.40499072],[25.07712491],[25.07876695  0.39171259 12.12512316 34.48333333  2.18199117  1.40499072],[25.04683304],[0.09779629]
91,[25.01590625  0.2530691  13.12277311 29.425       4.17847255  1.44339619],[25.05583878],[25.01590625  0.2530691  13.12277311 29.425       4.17847255  1.44339619],[24.75813075],[0.09642093]
92,[25.12142853  0.48448835 11.84897559 31.3         3.95627509  0.40092656],[25.12124288],[25.12142853  0.48448835 11.84897559 31.3         3.95627509  0.40092656],[25.00116633],[0.09860696]
93,[23.35440455  0.22       15.11470286 24.05        0.          0.44275685],[23.34540121],[23.35440455  0.22       15.11470286 24.05        0.          0.44275685],[23.17300012],[0.09777105]
94,[25.10107518  0.4402354  12.01203929 33.35        3.00459518  1.40027291],[25.10017036],[25.10107518  0.4402354  12.01203929 33.35        3.00459518  1.40027291],[25.08376608],[0.08348652]
95,[25.12579946  0.49398487 11.8304648  32.15        3.93672403  1.43195042],[25.12578663],[25.12579946  0.49398487 11.8304648  32.15        3.93672403  1.43195042],[24.87944008],[0.09852648]
96,[25.00452635  0.22941027 13.13280381 29.325       4.15137645  1.44340122],[25.04602559],[25.00452635  0.22941027 13.13280381 29.325       4.15137645  1.44340122],[25.33931047],[0.08856877]
97,[25.00782768  0.23722762 13.60829559 27.8         1.83577938  1.46191412],[25.00590032],[25.00782768  0.23722762 13.60829559 27.8         1.83577938  1.46191412],[24.74059071],[0.09927389]
98,[25.11152094  0.46295021 11.82227407 34.70833333  3.07228809  0.39866768],[25.1106355],[25.11152094  0.46295021 11.82227407 34.70833333  3.07228809  0.39866768],[24.91785546],[0.09878141]
99,[25.02080122  0.26547775 12.43584089 32.36666667  1.09479172  0.73124081],[25.01840359],[25.02080122  0.26547775 12.43584089 32.36666667  1.09479172  0.73124081],[24.72802716],[0.0978441]
