,x_train,y_train,x_test,y_pred,y_std
0,[23.8469168   1.79602015 10.33432312 22.50482554  2.28616847  0.56083171],[1.38249624],[27.22951078  0.88086469 12.24353311 26.31523609  0.33890676  1.41303882],[5.54077947],[0.18919103]
1,[27.41195842  0.54455893 11.19152138 24.50481728  2.32834736  3.45118016],[5.66774804],[26.87026298  2.05825897 15.95656182 34.02273512  6.1336991   3.12004532],[4.05464667],[0.24601203]
2,[21.10976371  2.03653929 14.75613478 21.48894802  6.51936515  2.81345201],[15.13634337],[25.20195084  1.14883229 14.52166235 34.66408631  4.62566825  3.68676043],[0.13226068],[0.09318362]
3,[22.26356502  1.66091381 15.78983412 31.13210433  5.23305594  4.70919253],[7.59899516],[23.10046261  1.7431346  11.53588942 28.51914312  4.90955825  4.39078428],[3.40759125],[0.112407]
4,[24.63687398  1.89752554 14.01135395 31.34974979  6.22211606  1.20212702],[0.15674755],[23.59669927  1.55358375 13.06358037 26.54610899  4.64142017  0.17906579],[1.71625569],[0.15238942]
5,[21.38502263  0.58876105 14.82690717 21.66671488  4.71542929  2.77112535],[12.82115786],[28.37009234  1.87181117 10.49260182 23.13069303  5.56307848  2.42900593],[10.93695512],[0.14899107]
6,[27.84280648  1.25894245 10.70291328 26.01781706  3.15410109  3.33891256],[7.79728554],[21.37921253  1.6729273  11.74967947 25.87830814  3.46060253  4.51123933],[12.98237088],[0.12211182]
7,[28.34863081  1.89403635 14.5950713  25.95207599  6.09950784  3.76922228],[11.27829252],[22.09813482  1.72826117 12.50754805 33.85317932  0.66320046  4.34219701],[8.47251236],[0.19752806]
8,[22.95435557  1.09943663 10.65421427 31.48317398  2.65462134  2.07394425],[4.29572874],[28.87051624  0.609165   12.65818367 30.13432955  0.36229405  0.93814214],[14.96914713],[0.29729249]
9,[24.52071861  0.40788678 11.63505573 22.79933115  6.64080895  2.38560048],[0.07411906],[21.84083456  1.83841269 10.43931783 21.76654136  6.61262502  1.04406788],[8.56428111],[0.3123612]
10,[23.61711802  1.58431078 11.37327756 28.80419113  1.46278094  2.49550995],[2.05627402],[22.74203435  1.51175329 10.66947818 27.52357413  1.89398777  3.37673653],[5.24580487],[0.07336328]
11,[21.564806    1.27472965 10.95252996 28.52691248  3.83619759  3.09521837],[11.34459188],[26.24717011  1.31091369 12.41774583 31.3796698   6.65601583  1.32903607],[1.94554889],[0.1167545]
12,[22.760384    0.51938726 15.6132794  27.7875106   4.92220359  1.07046801],[4.9343365],[28.8562499   0.92799827 15.79195618 33.45732246  2.63965785  2.54719853],[14.33740456],[0.10253418]
13,[27.77575702  0.32969101 11.45807297 22.94704902  4.60429403  0.68600119],[7.74016999],[28.74860041  1.10623354 15.76632755 34.91360757  6.07837776  1.32425946],[12.98780131],[0.20269413]
14,[27.24360844  1.64638782 15.43396776 30.55079038  2.69653174  4.76629863],[5.1015197],[24.46029286  1.39431773 15.77950583 27.60741732  3.43479022  4.82450733],[0.33098191],[0.11107708]
15,[27.79722764  1.85398267 13.48233585 25.1962256   5.881176    1.73978852],[7.81196105],[21.98994058  0.44723554 10.74806205 22.29531787  4.08804145  3.86396963],[8.68130857],[0.23203546]
16,[26.20086659  0.73034568 14.65112359 34.2787335   0.97881567  1.5708505 ],[1.51905014],[21.90084546  0.70898661 11.26160739 23.78263584  1.92792202  0.76987896],[9.35560119],[0.2166662]
17,[22.72793198  1.96014637 13.03319097 22.32969746  5.2933154   2.9909953 ],[5.19863365],[27.84599533  1.25351512 15.89691967 28.67714126  0.07722988  2.18465091],[8.19721403],[0.28141304]
18,[21.51120621  0.94348471 11.31700632 23.91264757  1.62797875  4.27284458],[12.35716435],[24.53279391  1.01700524 11.61603866 22.61976535  3.37870886  4.30205185],[0.09286003],[0.12612132]
19,[25.99370062  0.37907614 12.32877578 24.07093498  1.61829723  2.66637603],[1.08179205],[28.07889956  1.21899338 12.49042495 25.61477899  2.80731102  4.54797685],[9.14969228],[0.13432635]
20,[28.06418008  1.54398185 11.73802318 34.3810011   2.38823632  1.12548023],[9.32516058],[25.34973731  1.80819443 13.11876852 29.11457111  2.14109425  1.9164599 ],[-0.194729],[0.07578117]
21,[26.54233577  1.58746136 12.11508035 33.62118755  3.39171695  4.10461785],[2.25693265],[28.25065585  2.08342526 14.03508512 35.51601332  1.00915065  4.65970734],[8.92450812],[0.29352666]
22,[24.06629385  2.17178522 10.31250823 28.49712142  0.90130285  2.81697406],[1.00697654],[22.71674311  0.71722508 12.09181103 33.05682575  0.42953317  3.66754532],[5.39751977],[0.16230774]
23,[21.71853856  1.20776614 11.95603925 27.36735085  0.64925713  3.63282562],[10.80543843],[26.98619473  1.61277081 13.40718039 25.72604419  6.01005366  1.35455911],[3.8557482],[0.0913092]
24,[21.06082544  2.03138938 11.29199378 35.85941278  3.56510608  2.1962771 ],[15.67784244],[23.20734464  1.84671725 10.19350047 33.63764448  4.88878673  1.22728618],[3.47639203],[0.20289473]
25,[22.57073177  2.12393477 13.65278476 21.68069102  5.9840631   2.95937397],[5.56505604],[23.7049133   2.18437682 13.04511349 35.13126927  4.48305774  3.65318893],[2.12244189],[0.15680468]
26,[24.38071219  0.35141166 15.50030876 31.42406835  5.84214985  0.80728104],[0.3065442],[22.30061814  1.20247056 12.21992139 34.63782208  2.55829854  3.96263158],[7.49273905],[0.08968473]
27,[22.66749472  1.45883691 11.26667249 23.80403866  5.06717944  0.87599636],[5.32624674],[23.06340393  0.91239921 13.96576848 32.18978902  0.47809557  2.29213358],[4.10450791],[0.10048921]
28,[28.11652119  0.44256794 15.9925997  31.83417626  2.56406541  3.18078024],[9.77364133],[24.02388406  1.76146207 15.48609328 28.28708455  0.51610425  1.54816457],[1.11828672],[0.16943268]
29,[22.23553618  1.98513754 13.64438188 23.89050429  5.27612853  4.62655417],[7.71566323],[21.71405368  0.97303402 13.516492   26.33617179  0.88627368  1.42378468],[11.16816232],[0.15811843]
30,[27.5234926   0.32215313 10.04800786 30.45211203  5.91693715  1.4616501 ],[6.60739266],[21.54177937  0.94900004 11.47390976 26.60844041  3.18009492  2.62740435],[12.13652549],[0.09952471]
31,[28.75383825  0.79876779 12.20480709 21.72357008  1.01088885  1.83710972],[14.26376653],[26.86855444  0.55793693 13.84621976 27.74542858  1.008635    1.71102323],[4.00720906],[0.16438672]
32,[24.75150318  1.52397811 12.14277708 23.83511001  6.34431537  2.74036699],[0.11795945],[22.86355121  1.22768271 12.38044506 21.32988413  5.47570443  4.70567773],[4.36395899],[0.19298488]
33,[28.67562297  1.90341919 15.92522414 31.24526697  3.40331705  3.88708522],[13.4764858],[25.85436253  0.60085833 12.17570496 35.73586417  1.31620082  2.74142235],[0.81214413],[0.22951958]
34,[24.16324603  1.67367587 14.96081789 22.06971661  1.74353601  3.32418911],[0.59377896],[25.97726867  0.83712081 13.26691865 24.00540296  3.61762675  0.33007302],[0.88053612],[0.11024719]
35,[22.67813383  1.22579693 14.66229152 23.25385848  0.44606667  2.18807554],[5.40008254],[28.51894374  1.4074621  11.70796062 27.47029597  0.15643027  0.83619952],[12.38097285],[0.28974498]
36,[24.21739119  0.79298696 15.69588075 20.61350265  1.9775682   3.75289746],[0.8011668],[21.54430155  1.4748938  13.97082633 21.54264602  5.50171184  0.84207728],[11.46302186],[0.20586448]
37,[23.74743071  2.03573885 10.76170816 33.99693069  2.15957053  0.93141653],[1.64341817],[23.13689488  2.07968938 15.01280726 32.71543472  3.37279947  4.00934466],[3.65021943],[0.13158986]
38,[27.16794755  2.07568441 15.53958781 31.38185594  3.13892195  1.30931245],[4.84220312],[28.95448142  0.44779939 14.63847258 27.76755091  1.76631132  3.57132282],[15.47154445],[0.22152032]
39,[28.91312029  1.84915491 15.17292375 23.80712449  1.25838649  0.61592353],[15.3829617],[26.0223297   1.17067432 13.60237618 29.54376137  5.1159655   0.64793897],[0.93486882],[0.09397739]
40,[27.2752587   2.12406569 13.7550017  31.90825519  3.71821179  2.01913123],[5.05388481],[21.57317039  0.36811229 11.44185603 23.63616625  0.84304769  0.4970281 ],[11.10217488],[0.33064786]
41,[28.42657331  0.2891846  15.00140782 34.54542634  1.94961536  1.37175094],[11.63816986],[23.25846955  0.80801002 14.9882921  29.86743378  0.16573319  3.75873401],[3.05937218],[0.14396952]
42,[26.24770755  0.91064105 10.41392788 36.06607024  6.5394023   4.54271851],[1.79465244],[24.67565935  1.39656141 12.38387245 33.65996641  2.2758069   4.75018574],[0.04422923],[0.09061221]
43,[28.17785283  0.98285702 14.73380195 34.00782831  6.55261449  1.0880594 ],[10.1044685],[21.59424551  1.60490441 11.97367069 27.71012069  2.12646005  2.31255734],[11.87144275],[0.10354892]
44,[23.50122581  0.32437468 14.89561988 26.78441215  2.09762146  3.74780873],[2.11398671],[28.62240113  1.98212183 14.8148595  36.00815289  4.47908891  4.42372355],[11.78118827],[0.30427237]
45,[24.70603681  0.38591828 12.13312652 22.1801364   6.26991851  2.42708347],[-0.14883222],[25.05834299  0.68081416 10.01011952 35.36701424  3.83716154  2.84521937],[0.6409722],[0.21299945]
46,[21.22629106  0.86670763 10.06526242 33.8109488   2.34747058  2.78116203],[14.28280931],[26.2733155   1.86718544 12.91378137 30.01664338  1.83770741  3.63917771],[1.41082968],[0.07265093]
47,[22.93558475  1.54761599 11.79592829 32.43648679  4.15683962  2.0359238 ],[4.15423486],[23.6087428   1.587777   14.71645801 26.05859972  2.27230584  1.77361029],[1.84261641],[0.10082368]
48,[26.82853562  0.30716441 10.7086592  32.49454342  4.6710093   4.77172891],[3.68842752],[23.82816216  1.41814679 12.06371084 22.27982398  4.45382801  3.16501783],[1.22207676],[0.08505215]
49,[22.40596552  1.53555275 14.98379353 30.34060188  0.38113031  2.89161925],[6.73054411],[28.58886949  1.88584643 14.57342972 33.8613483   1.33293292  4.70027168],[11.45261797],[0.21435454]
50,[28.29880821  1.49779273 11.66937359 29.73367242  1.77420691  3.09173916],[10.77061841],[28.38632943  0.99897353 15.5500252  33.87586148  1.46252541  4.77856059],[10.24832401],[0.21253986]
51,[28.19127677  1.49585379 14.26375532 33.63490914  1.6951277   2.78664764],[10.18915749],[24.14975601  1.11571031 13.37243678 30.65077512  3.41602001  2.95287269],[0.40977733],[0.05761606]
52,[24.71643753  0.75609097 10.02378192 23.4861246   0.52810002  3.50230264],[0.11744714],[27.9761922   2.18229298 14.13925445 35.46822638  1.80350075  4.24618611],[8.00118909],[0.2156148]
53,[24.75059203  0.63103897 13.86197688 27.90799258  6.80059453  2.53187342],[0.10517317],[27.80308499  1.08282318 13.11349425 34.69953429  4.13307625  4.06984793],[7.77821731],[0.12997919]
54,[23.07871852  1.92209719 15.56939914 23.60634016  4.98240046  4.07934098],[4.00430692],[22.20602446  0.36191546 10.90528982 27.58926909  4.99093563  4.69473809],[7.28925214],[0.18184003]
55,[25.63467124  1.77198519 12.03151166 30.73112681  1.9772198   1.15680898],[0.45405905],[21.65196368  0.60792342 15.23274621 36.03732294  4.94653373  1.81280939],[10.84322076],[0.29563652]
56,[25.45432543  0.76263661 13.81222028 35.87743364  4.0281759   2.84306135],[0.09008548],[27.73186811  0.68153923 13.44137935 32.38466527  2.70705869  3.7476197 ],[7.71047835],[0.10867422]
57,[26.72802699  0.86411683 13.7655679  20.78086329  0.45413624  4.31412062],[2.72207675],[23.39026717  0.39699769 14.19389493 28.73223337  6.88675933  1.26802049],[2.77764342],[0.12893396]
58,[28.89640062  0.25798185 11.56250588 24.39350904  4.20601641  1.99989341],[14.98295919],[25.30018637  1.81360344 13.7039     23.34672087  6.69753677  0.25866002],[-0.10946779],[0.23692498]
59,[22.83400219  1.0948435  12.13076788 34.69841519  2.07184704  4.96965263],[4.71403377],[21.01939974  1.95204752 15.95899587 30.16146725  4.15948652  1.91654749],[15.73978565],[0.15716478]
60,[21.30905511  1.70959473 15.769371   33.56673505  5.46979764  0.87348727],[13.53189054],[25.65851695  1.28491577 14.73443782 22.05185914  3.96824209  4.4519955 ],[0.52300172],[0.08628455]
61,[26.74180754  0.33755062 13.14520935 21.99872946  4.42835023  0.25757995],[2.98150845],[26.45179026  1.21543655 13.81606934 32.02069781  3.03651983  1.85800283],[2.2380644],[0.06518159]
62,[23.3892072   0.66072028 11.64471674 28.128609    3.36078766  4.26064684],[2.34320046],[26.61149648  0.20449457 10.93059977 27.62943758  6.32643203  0.27953295],[2.64692864],[0.19550116]
63,[23.97122096  1.69608198 15.68112479 26.44628194  0.68604522  3.94680318],[1.07743832],[28.45175989  1.32302501 14.40139945 35.32179022  0.72830697  2.89485793],[10.63752136],[0.20225605]
64,[24.35746216  0.84999745 13.35852076 33.24344631  4.68959147  4.11722852],[0.33019614],[28.18647696  0.33777939 11.84756925 24.64975468  0.71351199  2.73452677],[9.91216656],[0.15695512]
65,[23.48091861  0.62285147 14.2159721  30.68632061  4.93944282  1.07787366],[2.49412286],[26.55556827  1.151359   14.33785509 31.67219647  3.27646351  0.70328235],[2.62189825],[0.09520253]
66,[27.13369339  1.17289939 12.39770908 23.74096215  4.42007513  3.89033383],[4.49961478],[24.24450934  0.36597227 14.06039973 28.62793118  3.6375932   3.2880665 ],[0.26753626],[0.06362081]
67,[28.65655766  0.68822211 14.82094954 21.42634976  3.59018908  4.35245282],[13.25338902],[27.31501429  2.1930248  13.85172251 28.05987129  3.26598761  0.57484514],[5.56070511],[0.15646238]
68,[26.29543533  0.47817087 13.60862694 23.20529981  4.00734829  1.50687381],[1.83472536],[28.75933944  0.66934849 12.79014366 27.242221    4.71759686  4.36475765],[14.03717679],[0.15787618]
69,[26.1840606   0.78792797 14.83681519 22.74038975  3.31042051  2.76485463],[1.41340426],[27.59968339  1.49525794 12.95925182 32.59768559  1.89991196  2.97869861],[6.91126332],[0.06819453]
70,[27.17519824  1.91942464 13.18618325 28.48003949  6.84715375  4.737176  ],[4.65539422],[26.78184623  0.77344306 10.97277226 26.83814311  1.11677264  2.13720954],[3.34505798],[0.13626318]
71,[25.29764682  0.35287523 12.82393374 32.78060582  5.97585592  3.37627022],[-0.01749379],[28.97289445  1.0731608  15.56480951 25.10581732  4.51999868  3.25818271],[15.65634402],[0.16417862]
72,[23.31004039  1.87056217 14.09675737 27.11194519  3.95291751  3.70323526],[2.95881504],[21.15834117  0.94765218 11.13625262 33.0709621   4.14800942  4.14778975],[13.78802867],[0.17048198]
73,[25.1899749   2.14225473 13.5412866  23.27110505  0.0790966   1.96157462],[-0.04854774],[23.84493423  0.69718495 14.04078791 32.06825896  2.57453247  1.70476397],[1.31216874],[0.07831463]
74,[21.10123925  0.62992949 14.95842354 31.50056883  0.1122092   1.47500829],[15.33295241],[27.06680351  1.62720394 12.48991638 32.35188923  1.34170444  4.5786339 ],[3.98929251],[0.13079191]
75,[24.84534674  1.74069508 13.98549175 21.58483786  5.76321497  4.62964397],[0.21699043],[21.40693446  0.55410402 12.66371931 32.82300573  5.15757206  0.28915804],[12.54870784],[0.26232722]
76,[23.30235357  0.46819392 14.95402769 28.37249237  3.02733328  1.25702636],[2.82488775],[25.56783219  1.94039299 10.29182711 20.69861151  6.67131316  3.17548923],[0.8072459],[0.24158881]
77,[25.69995817  1.90486189 14.7491337  25.74831113  6.4931324   4.11774631],[0.40122161],[25.16812831  1.24835792 13.22714033 23.12219164  1.28088359  4.98212214],[-0.42937122],[0.15723859]
78,[28.29177141  1.90739258 12.15996875 34.6690764   6.34253083  3.23443135],[10.70956104],[26.96747555  2.01706178 13.8518231  31.31647968  5.6024921   0.29201543],[3.96820863],[0.14616907]
79,[28.32150584  0.59870091 10.3177624  22.31797869  4.9476663   3.20544059],[11.05557819],[26.95987083  0.22849244 12.16497882 23.66531466  4.91980238  1.38951877],[3.91238724],[0.06407345]
80,[28.84951809  2.11711849 12.05452389 22.59355104  4.0428454   2.28782007],[14.79567256],[27.00423143  1.67448701 10.58278411 26.20939422  3.38463818  0.4341875 ],[4.21826991],[0.20728057]
81,[24.46773473  1.50647624 10.63056259 30.66448614  2.22878917  2.59887097],[0.3777812],[25.58679874  1.7924215  11.89239524 27.26054608  4.96293438  0.53476392],[0.03852506],[0.1513102]
82,[21.01412729  0.8181879  12.90133378 27.30807816  5.17959227  2.60649552],[16.06138657],[22.33751041  1.51056567 10.83081944 25.15969393  5.44242783  0.59845889],[6.74034551],[0.15219397]
83,[26.06334813  1.12871627 15.12924929 35.80329316  2.68709515  4.21572863],[1.25138896],[26.68504311  1.4759724  15.95138924 35.2718089   5.11676264  2.42088909],[3.33708505],[0.21272753]
84,[27.10923436  2.08757971 11.86548326 29.83376968  2.25202821  3.7688855 ],[4.39713245],[24.86880797  0.79573213 14.39802344 28.91494391  5.61250077  4.26031209],[-0.01538153],[0.08771039]
85,[25.77332452  0.29586068 13.15243219 29.12665829  5.07726684  1.38890994],[0.61678946],[28.7995644   0.68602328 13.74406663 23.31851334  6.27167699  1.27397125],[13.32932324],[0.22384065]
86,[25.17351349  1.93105881 10.43256073 22.38086737  5.25115233  2.82524719],[0.04382419],[24.90877608  2.08785478 14.26676529 27.2924737   5.29274072  4.15473484],[-0.18061377],[0.07839995]
87,[24.72169363  2.16277344 12.28755693 30.76450013  4.98261582  3.62651246],[0.15167365],[24.44556157  1.10776826 10.78089235 24.67941237  6.27934699  1.01962138],[0.19511748],[0.14401628]
88,[21.71601714  1.50301247 10.02993671 33.75762313  3.44357508  2.9115263 ],[11.00663914],[25.45839725  1.39693956 10.13858846 35.10307584  6.0767307   2.25603223],[0.99726759],[0.2431219]
89,[22.21321253  1.90140358 15.84309618 33.67654921  6.17771849  2.01303539],[7.74249135],[24.66760185  0.41617574 12.97358892 26.10706145  6.06219264  0.40763346],[-0.19235653],[0.15392547]
90,[21.92585391  0.39277772 14.81459536 24.26411897  4.56980198  4.62349998],[9.61393074],[24.04307035  1.42317319 13.72850348 29.76564097  5.53610521  4.99527475],[0.88065285],[0.10436877]
91,[26.26261841  0.44560988 10.76656247 31.74404452  6.41548339  4.70105586],[1.81754901],[23.37648264  1.77208551 14.42173816 21.59090417  5.02337592  4.57784487],[2.78855436],[0.09650316]
92,[21.11511671  0.68646748 15.31919062 29.09240595  4.87935379  1.02952229],[15.21160373],[27.74174246  0.37704478 13.97609568 34.61417861  1.46954955  4.56045919],[6.68721388],[0.23800664]
93,[24.77322521  1.49168171 13.73751387 33.23945018  2.2242655   2.35279658],[0.12582244],[21.0579506   0.78738677 12.86059027 26.43902865  1.49039638  3.71974157],[15.63186206],[0.11544074]
94,[22.69823038  0.45015931 11.45132677 32.96868435  2.7774966   3.4647102 ],[5.07011412],[26.98139023  0.66821414 14.89291732 32.5544315   1.39447723  2.90802285],[4.0648459],[0.09733836]
95,[21.0553612   2.05927148 13.88125235 30.40507222  4.5620122   1.50573331],[15.37310797],[23.15256741  0.94861039 15.71106779 33.83078866  2.87275779  0.34074362],[4.13835484],[0.20966823]
96,[25.15830951  0.25939255 14.04618458 27.53861193  3.68037301  4.14732555],[0.05626712],[26.73656156  1.43884131 14.95452899 29.59874328  4.61516667  0.30754058],[2.93735543],[0.13971671]
97,[26.35398657  0.83917975 12.94521517 24.76195404  4.95304942  2.50350193],[1.59569251],[24.8851182   0.74483757 10.32706205 32.80779997  1.40446575  2.36155845],[0.43172212],[0.15139366]
98,[22.745576    2.1928246  14.87932528 28.824984    1.23423682  3.60020229],[5.3284845],[21.39616967  1.33195596 12.40695928 32.05350757  1.64278958  3.94244612],[12.83889698],[0.15086291]
99,[26.69395479  2.02040448 11.17645632 30.97315468  0.10121094  2.81527175],[2.82820184],[24.29604562  1.36947255 10.81085667 25.8204562   0.54062948  2.60958606],[0.59029751],[0.09575616]
