,x_train,y_train,x_test,y_pred,y_std
0,[27.74504128 -8.03808092 24.325     ],[27.67498758],[27.07308184 -7.62008093 25.425     ],[27.02131057],[0.0062106]
1,[27.67498758 -7.44304148 24.46666667],[27.61424732],[27.02346398 -7.60724759 25.36666667],[26.97433012],[0.00591701]
2,[27.61424732 -7.44041425 24.60833333],[27.55515116],[26.97433394 -7.59441426 25.30833333],[26.92714414],[0.00586309]
3,[27.55515116 -7.47158093 24.75      ],[27.49724484],[26.92568351 -7.58158092 25.25      ],[26.87988812],[0.00588069]
4,[27.49724484 -7.50274759 24.89166667],[27.44051052],[26.87750466 -7.56874759 25.19166667],[26.8326756],[0.00588378]
5,[27.44051052 -7.53391426 25.03333333],[27.38493062],[26.82978948 -7.55591425 25.13333333],[26.78560047],[0.00584117]
6,[27.38493062 -7.56508092 25.175     ],[27.3304879],[26.78253021 -7.54308092 25.075     ],[26.73873931],[0.00575116]
7,[27.3304879  -7.5962476  25.31666667],[27.27716537],[26.73571922 -7.5302476  25.01666667],[26.69215342],[0.0056259]
8,[27.27716537 -7.62741426 25.45833333],[27.22494637],[26.689349   -7.51741426 24.95833333],[26.64589081],[0.00548184]
9,[27.22494637 -7.65858092 25.6       ],[27.17381447],[26.64341221 -7.50458093 24.9       ],[26.59998809],[0.00533531]
10,[27.17381447 -7.6457476  25.54166667],[27.12319584],[26.59790159 -7.49174759 24.84166667],[26.55447206],[0.00519946]
11,[27.12319584 -7.63291426 25.48333333],[27.07308184],[26.55281006 -7.47891426 24.78333333],[26.50936129],[0.00508326]
12,[27.07308184 -7.62008093 25.425     ],[27.02346398],[26.50813061 -7.46608092 24.725     ],[26.46466748],[0.00499091]
13,[27.02346398 -7.60724759 25.36666667],[26.97433394],[26.4638564  -7.45324759 24.66666667],[26.42039677],[0.00492273]
14,[26.97433394 -7.59441426 25.30833333],[26.92568351],[26.41998068 -7.44041425 24.60833333],[26.37655074],[0.00487586]
15,[26.92568351 -7.58158092 25.25      ],[26.87750466],[26.37649683 -7.42758092 24.55      ],[26.33312751],[0.00484604]
16,[26.87750466 -7.56874759 25.19166667],[26.82978948],[26.33339835 -7.4147476  24.49166667],[26.29012251],[0.00482811]
17,[26.82978948 -7.55591425 25.13333333],[26.78253021],[26.29067884 -7.40191426 24.43333333],[26.24752926],[0.00481746]
18,[26.78253021 -7.54308092 25.075     ],[26.73571922],[26.24833202 -7.38908093 24.375     ],[26.20533999],[0.00481039]
19,[26.73571922 -7.5302476  25.01666667],[26.689349],[26.20635174 -7.37624759 24.31666667],[26.16354621],[0.00480425]
20,[26.689349   -7.51741426 24.95833333],[26.64341221],[26.16473192 -7.36341426 24.25833333],[26.12213904],[0.00479736]
21,[26.64341221 -7.50458093 24.9       ],[26.59790159],[26.12346661 -7.35058092 24.2       ],[26.08110968],[0.00478897]
22,[26.59790159 -7.49174759 24.84166667],[26.55281006],[26.08254997 -7.33774759 24.14166667],[26.04044962],[0.00477891]
23,[26.55281006 -7.47891426 24.78333333],[26.50813061],[26.04197625 -7.32491425 24.08333333],[26.00015081],[0.00476725]
24,[26.50813061 -7.46608092 24.725     ],[26.4638564],[26.00173979 -7.31208092 24.025     ],[25.96020585],[0.00475415]
25,[26.4638564  -7.45324759 24.66666667],[26.41998068],[25.96183506 -7.2992476  23.96666667],[25.92060805],[0.00473981]
26,[26.41998068 -7.44041425 24.60833333],[26.37649683],[25.92225661 -7.28641426 23.90833333],[25.88135143],[0.00472418]
27,[26.37649683 -7.42758092 24.55      ],[26.33339835],[25.88299908 -7.27358093 23.85      ],[25.84243075],[0.00470724]
28,[26.33339835 -7.4147476  24.49166667],[26.29067884],[25.84405722 -7.26074759 23.79166667],[25.80384141],[0.00468902]
29,[26.29067884 -7.40191426 24.43333333],[26.24833202],[25.80542585 -7.24791426 23.73333333],[25.76557939],[0.00466944]
30,[26.24833202 -7.38908093 24.375     ],[26.20635174],[25.7670999  -7.23508092 23.675     ],[25.72764114],[0.00464915]
31,[26.20635174 -7.37624759 24.31666667],[26.16473192],[25.72907438 -7.22224759 23.61666667],[25.69002343],[0.00462907]
32,[26.16473192 -7.36341426 24.25833333],[26.12346661],[25.69134439 -7.20941425 23.55833333],[25.65272323],[0.00461071]
33,[26.12346661 -7.35058092 24.2       ],[26.08254997],[25.65390512 -7.19658092 23.5       ],[25.6157375],[0.00459613]
34,[26.08254997 -7.33774759 24.14166667],[26.04197625],[25.61675184 -7.1837476  23.44166667],[25.57906309],[0.00458817]
35,[26.04197625 -7.32491425 24.08333333],[26.00173979],[25.5798799  -7.17091426 23.38333333],[25.54269648],[0.00458943]
36,[26.00173979 -7.31208092 24.025     ],[25.96183506],[25.54328474 -7.15808093 23.325     ],[25.50663368],[0.00460302]
37,[25.96183506 -7.2992476  23.96666667],[25.92225661],[25.50696188 -7.14524759 23.26666667],[25.47087],[0.00463108]
38,[25.92225661 -7.28641426 23.90833333],[25.88299908],[25.4709069  -7.13241426 23.20833333],[25.43539991],[0.00467477]
39,[25.88299908 -7.27358093 23.85      ],[25.84405722],[25.43511547 -7.11958092 23.15      ],[25.40021685],[0.00473388]
40,[25.84405722 -7.26074759 23.79166667],[25.80542585],[25.39958335 -7.10674759 23.09166667],[25.3653131],[0.00480642]
41,[25.80542585 -7.24791426 23.73333333],[25.7670999],[25.36430636 -7.09391425 23.03333333],[25.33067958],[0.00488841]
42,[25.7670999  -7.23508092 23.675     ],[25.72907438],[25.32928039 -7.08108092 22.975     ],[25.29630576],[0.0049741]
43,[25.72907438 -7.22224759 23.61666667],[25.69134439],[25.2945014  -7.0682476  22.91666667],[25.26217949],[0.00505647]
44,[25.69134439 -7.20941425 23.55833333],[25.65390512],[25.25996544 -7.05541426 22.85833333],[25.22828692],[0.00512748]
45,[25.65390512 -7.19658092 23.5       ],[25.61675184],[25.22566861 -7.04258093 22.8       ],[25.19461238],[0.0051793]
46,[25.61675184 -7.1837476  23.44166667],[25.5798799],[25.19160708 -7.02974759 22.74166667],[25.16113826],[0.00520522]
47,[25.5798799  -7.17091426 23.38333333],[25.54328474],[25.1577771  -7.01691426 22.68333333],[25.127845],[0.00520131]
48,[25.54328474 -7.15808093 23.325     ],[25.50696188],[25.12417497 -7.00408092 22.625     ],[25.09471094],[0.00516861]
49,[25.50696188 -7.14524759 23.26666667],[25.4709069],[25.09079707 -6.99124759 22.56666667],[25.06171236],[0.00511677]
50,[25.4709069  -7.13241426 23.20833333],[25.43511547],[25.05763983 -6.97841425 22.50833333],[25.02882338],[0.00506854]
51,[25.43511547 -7.11958092 23.15      ],[25.39958335],[25.02469975 -6.96558092 22.45      ],[24.99601598],[0.00506572]
52,[25.39958335 -7.10674759 23.09166667],[25.36430636],[24.99197339 -6.9527476  22.39166667],[24.96325994],[0.00517268]
53,[25.36430636 -7.09391425 23.03333333],[25.32928039],[24.95945737 -6.93991426 22.33333333],[24.93052292],[0.00547265]
54,[25.32928039 -7.08108092 22.975     ],[25.2945014],[24.93218299 -6.92708093 22.275     ],[24.90225193],[0.00606568]
55,[25.2945014  -7.0682476  22.91666667],[25.25996544],[24.90682508 -6.91424759 22.21666667],[24.87559975],[0.00692024]
56,[25.25996544 -7.05541426 22.85833333],[25.22566861],[24.88299164 -6.90141426 22.15833333],[24.85024184],[0.00801222]
57,[25.22566861 -7.04258093 22.8       ],[25.19160708],[24.86129006 -6.88858092 22.1       ],[24.82675296],[0.00930161]
58,[25.19160708 -7.02974759 22.74166667],[25.1577771],[24.84171479 -6.93441426 22.30833333],[24.82013166],[0.00706623]
59,[25.1577771  -7.01691426 22.68333333],[25.12417497],[24.82499555 -6.98024759 22.51666667],[24.81289776],[0.0068496]
60,[25.12417497 -7.00408092 22.625     ],[25.09079707],[24.81110749 -7.02608093 22.725     ],[24.80571934],[0.00723657]
61,[25.09079707 -6.99124759 22.56666667],[25.05763983],[24.8000267  -7.07191426 22.93333333],[24.79918618],[0.00749235]
62,[25.05763983 -6.97841425 22.50833333],[25.02469975],[24.79173064 -7.1177476  23.14166667],[24.7938147],[0.00748171]
63,[25.02469975 -6.96558092 22.45      ],[24.99197339],[24.78619808 -7.16358092 23.35      ],[24.79005242],[0.0072828]
64,[24.99197339 -6.9527476  22.39166667],[24.95945737],[24.78340897 -7.20941425 23.55833333],[24.78828217],[0.00701779]
65,[24.95945737 -6.93991426 22.33333333],[24.93218299],[24.78294495 -7.25258639 23.76666667],[24.78834379],[0.00676142]
66,[24.93218299 -6.92708093 22.275     ],[24.90682508],[24.78476257 -7.29104609 23.975     ],[24.79042541],[0.00658677]
67,[24.90682508 -6.91424759 22.21666667],[24.88299164],[24.78885928 -7.33133621 24.18333333],[24.79466749],[0.00658998]
68,[24.88299164 -6.90141426 22.15833333],[24.86129006],[24.79787845 -7.37496804 24.39166667],[24.80479503],[0.00654496]
69,[24.86129006 -6.88858092 22.1       ],[24.84171479],[24.80877774 -7.42044299 24.6       ],[24.81696873],[0.00657307]
70,[24.84171479 -6.93441426 22.30833333],[24.82499555],[24.82167946 -7.46585164 24.8       ],[24.83155977],[0.00660995]
71,[24.82499555 -6.98024759 22.51666667],[24.81110749],[24.83650461 -7.51291068 25.        ],[24.84841125],[0.00667841]
72,[24.81110749 -7.02608093 22.725     ],[24.8000267],[24.85320416 -7.56153726 25.2       ],[24.86746552],[0.00676254]
73,[24.8000267  -7.07191426 22.93333333],[24.79173064],[24.87173408 -7.61165548 25.4       ],[24.88864462],[0.00683643]
74,[24.79173064 -7.1177476  23.14166667],[24.78619808],[24.89205445 -7.65846073 25.6       ],[24.91174875],[0.0068711]
75,[24.78619808 -7.16358092 23.35      ],[24.78340897],[24.91418901 -7.70258093 25.8       ],[24.93670879],[0.00687415]
76,[24.78340897 -7.20941425 23.55833333],[24.78294495],[24.93815472 -7.74658092 26.        ],[24.96348671],[0.00691579]
77,[24.78294495 -7.25258639 23.76666667],[24.78476257],[24.96330616 -7.79058092 26.2       ],[24.99106962],[0.00718856]
78,[24.78476257 -7.29104609 23.975     ],[24.78885928],[24.98960811 -7.83458093 26.4       ],[25.0192772],[0.0080269]
79,[24.78885928 -7.33133621 24.18333333],[24.79787845],[25.0170289  -7.87858092 26.6       ],[25.04792232],[0.00983833]
80,[24.79787845 -7.37496804 24.39166667],[24.80877774],[25.04553991 -7.92258092 26.8       ],[25.0768105],[0.01291169]
81,[24.80877774 -7.42044299 24.6       ],[24.82167946],[ 25.0751151  -11.28169763  27.        ],[25.06301722],[0.01665881]
82,[24.82167946 -7.46585164 24.8       ],[24.83650461],[ 25.06807397 -10.98615786  27.2       ],[25.0667363],[0.01141205]
83,[24.83650461 -7.51291068 25.        ],[24.85320416],[25.0664432  -9.91466941 27.4       ],[25.089955],[0.01260965]
84,[24.85320416 -7.56153726 25.2       ],[24.87173408],[ 25.08020665 -10.40289354  27.6       ],[25.09635817],[0.00986498]
85,[24.87173408 -7.61165548 25.4       ],[24.89205445],[ 25.09049723 -10.85009054  27.8       ],[25.10017031],[0.00777195]
86,[24.89205445 -7.65846073 25.6       ],[24.91418901],[ 25.09789443 -11.17626703  28.        ],[25.10342939],[0.00703641]
87,[24.91418901 -7.70258093 25.8       ],[24.93815472],[ 25.10390774 -11.46656382  28.2       ],[25.10657985],[0.00683893]
88,[24.93815472 -7.74658092 26.        ],[24.96330616],[ 25.10900966 -11.74299252  28.4       ],[25.10984244],[0.006786]
89,[24.96330616 -7.79058092 26.2       ],[24.98960811],[ 25.1130415 -11.993594   28.6      ],[25.11279258],[0.00669526]
90,[24.98960811 -7.83458093 26.4       ],[25.0170289],[ 25.11631402 -12.22663226  28.8       ],[25.11560356],[0.00653248]
91,[25.0170289  -7.87858092 26.6       ],[25.04553991],[ 25.11903548 -12.44777405  29.        ],[25.11838625],[0.00634298]
92,[25.04553991 -7.92258092 26.8       ],[25.0751151],[ 25.12134532 -12.66043644  29.2       ],[25.12118693],[0.00619064]
93,[ 25.0751151  -11.28169763  27.        ],[25.06807397],[ 25.12334143 -12.86693122  29.4       ],[25.12399537],[0.00612322]
94,[ 25.06807397 -10.98615786  27.2       ],[25.0664432],[ 25.12509352 -13.00732763  29.475     ],[25.12664671],[0.00565315]
95,[25.0664432  -9.91466941 27.4       ],[25.08020665],[ 25.12630303 -13.12802108  29.55      ],[25.12839747],[0.00536856]
96,[ 25.08020665 -10.40289354  27.6       ],[25.09049723],[ 25.12716719 -13.2358165   29.625     ],[25.1295752],[0.00517273]
97,[ 25.09049723 -10.85009054  27.8       ],[25.09789443],[ 25.12781057 -13.33545512  29.7       ],[25.13037074],[0.00502448]
98,[ 25.09789443 -11.17626703  28.        ],[25.10390774],[ 25.12830848 -13.42966741  29.775     ],[25.13088816],[0.00491333]
99,[ 25.10390774 -11.46656382  28.2       ],[25.10900966],[ 25.1287082 -13.5177327  29.85     ],[25.1312036],[0.00484433]
100,[ 25.10900966 -11.74299252  28.4       ],[25.1130415],[ 25.12972473 -13.63241744  29.925     ],[25.13190133],[0.00506632]
101,[ 25.1130415 -11.993594   28.6      ],[25.11631402],[ 25.1300245 -13.7194999  30.       ],[25.13175087],[0.00520235]
102,[ 25.11631402 -12.22663226  28.8       ],[25.11903548],[ 25.12987695 -13.78691108  30.075     ],[25.13117934],[0.00517046]
103,[ 25.11903548 -12.44777405  29.        ],[25.12134532],[ 25.1294743  -13.84240247  30.15      ],[25.13040649],[0.00503849]
104,[ 25.12134532 -12.66043644  29.2       ],[25.12334143],[ 25.12893009 -13.89052337  30.225     ],[25.12954135],[0.00487698]
105,[ 25.12334143 -12.86693122  29.4       ],[25.12509352],[ 25.12830617 -13.93379874  30.3       ],[25.1286357],[0.00473101]
106,[ 25.12509352 -13.00732763  29.475     ],[25.12630303],[ 25.12763945 -13.97790535  30.38333333],[25.12771133],[0.00460747]
107,[ 25.12630303 -13.12802108  29.55      ],[25.12716719],[ 25.12697507 -14.02071625  30.46666667],[25.12678086],[0.00454168]
108,[ 25.12716719 -13.2358165   29.625     ],[25.12781057],[ 25.12631453 -14.06233978  30.55      ],[25.12583967],[0.00452278]
109,[ 25.12781057 -13.33545512  29.7       ],[25.12830848],[ 25.12565856 -14.10281747  30.63333333],[25.12488294],[0.0045399]
110,[ 25.12830848 -13.42966741  29.775     ],[25.1287082],[ 25.12500765 -14.14220022  30.71666667],[25.12390467],[0.00458459]
111,[ 25.1287082 -13.5177327  29.85     ],[25.12972473],[ 25.12436185 -14.18052938  30.8       ],[25.12289782],[0.00465183]
112,[ 25.12972473 -13.63241744  29.925     ],[25.1300245],[ 25.12372093 -14.20104235  30.88333333],[25.12238189],[0.00453758]
113,[ 25.1300245 -13.7194999  30.       ],[25.12987695],[ 25.1231387  -14.21778899  30.96666667],[25.1220211],[0.00441203]
114,[ 25.12987695 -13.78691108  30.075     ],[25.1294743],[ 25.12265684 -14.23861126  31.05      ],[25.12161139],[0.0043159]
115,[ 25.1294743  -13.84240247  30.15      ],[25.12893009],[ 25.1222243  -14.26167577  31.13333333],[25.12113023],[0.00423732]
116,[ 25.12893009 -13.89052337  30.225     ],[25.12830617],[ 25.12180755 -14.28543194  31.21666667],[25.12057243],[0.0041767]
117,[ 25.12830617 -13.93379874  30.3       ],[25.12763945],[ 25.12138837 -14.30900942  31.3       ],[25.11993356],[0.00413961]
118,[ 25.12763945 -13.97790535  30.38333333],[25.12697507],[ 25.12095723 -14.32790855  31.375     ],[25.11930223],[0.00412634]
119,[ 25.12697507 -14.02071625  30.46666667],[25.12631453],[ 25.12048624 -14.34487669  31.45      ],[25.11862048],[0.00412862]
120,[ 25.12631453 -14.06233978  30.55      ],[25.12565856],[ 25.11998334 -14.36018447  31.525     ],[25.11788524],[0.00414669]
121,[ 25.12565856 -14.10281747  30.63333333],[25.12500765],[ 25.11945432 -14.37408605  31.6       ],[25.11708959],[0.00418276]
122,[ 25.12500765 -14.14220022  30.71666667],[25.12436185],[ 25.11890308 -14.38674977  31.675     ],[25.11622639],[0.00424125]
123,[ 25.12436185 -14.18052938  30.8       ],[25.12372093],[ 25.11833254 -14.3982992   31.75      ],[25.11528801],[0.00432809]
124,[ 25.12372093 -14.20104235  30.88333333],[25.1231387],[ 25.11774522 -14.40883933  31.825     ],[25.11426616],[0.00444994]
125,[ 25.1231387  -14.21778899  30.96666667],[25.12265684],[ 25.11701611 -14.41252526  31.9       ],[25.11329027],[0.0045162]
126,[ 25.12265684 -14.23861126  31.05      ],[25.1222243],[ 25.11619566 -14.41131185  31.975     ],[25.11233445],[0.00454467]
127,[ 25.1222243  -14.26167577  31.13333333],[25.12180755],[ 25.11531781 -14.40682579  32.05      ],[25.11135909],[0.00455899]
128,[ 25.12180755 -14.28543194  31.21666667],[25.12138837],[ 25.11440365 -14.40009635  32.125     ],[25.11033313],[0.00457729]
129,[ 25.12138837 -14.30900942  31.3       ],[25.12095723],[ 25.11346747 -14.39182672  32.2       ],[25.10923072],[0.00461426]
130,[ 25.12095723 -14.32790855  31.375     ],[25.12048624],[ 25.11252044 -14.36318621  32.23333333],[25.10932731],[0.00423346]
131,[ 25.12048624 -14.34487669  31.45      ],[25.11998334],[ 25.11145662 -14.32879486  32.26666667],[25.10950371],[0.00389213]
132,[ 25.11998334 -14.36018447  31.525     ],[25.11945432],[ 25.11033585 -14.29118808  32.3       ],[25.10968435],[0.00369471]
133,[ 25.11945432 -14.37408605  31.6       ],[25.11890308],[ 25.10920086 -14.25248266  32.33333333],[25.1098098],[0.00368289]
134,[ 25.11890308 -14.38674977  31.675     ],[25.11833254],[ 25.10808221 -14.21419594  32.36666667],[25.10984772],[0.00382754]
135,[ 25.11833254 -14.3982992   31.75      ],[25.11774522],[ 25.10700427 -14.17753022  32.4       ],[25.10978247],[0.00406106]
136,[ 25.11774522 -14.40883933  31.825     ],[25.11701611],[ 25.10598746 -14.1434911   32.43333333],[25.109609],[0.0043147]
137,[ 25.11701611 -14.41252526  31.9       ],[25.11619566],[ 25.10510572 -14.11559312  32.46666667],[25.10929665],[0.00449811]
138,[ 25.11619566 -14.41131185  31.975     ],[25.11531781],[ 25.10437342 -14.09462879  32.5       ],[25.10885475],[0.00457425]
139,[ 25.11531781 -14.40682579  32.05      ],[25.11440365],[ 25.10377594 -14.07997933  32.53333333],[25.10830283],[0.00454574]
140,[ 25.11440365 -14.40009635  32.125     ],[25.11346747],[ 25.10328889 -14.07052877  32.56666667],[25.10765777],[0.00443269]
141,[ 25.11346747 -14.39182672  32.2       ],[25.11252044],[ 25.10289049 -14.06525326  32.6       ],[25.10693008],[0.00425852]
142,[ 25.11252044 -14.36318621  32.23333333],[25.11145662],[ 25.10256079 -14.05951555  32.625     ],[25.10638793],[0.00414915]
143,[ 25.11145662 -14.32879486  32.26666667],[25.11033585],[ 25.1022585  -14.05506652  32.65      ],[25.1058095],[0.00402493]
144,[ 25.11033585 -14.29118808  32.3       ],[25.10920086],[ 25.10197757 -14.0515529   32.675     ],[25.10519936],[0.00389416]
145,[ 25.10920086 -14.25248266  32.33333333],[25.10808221],[ 25.10171082 -14.04864479  32.7       ],[25.1045601],[0.00376507]
146,[ 25.10808221 -14.21419594  32.36666667],[25.10700427],[ 25.10145077 -14.04599114  32.725     ],[25.10389499],[0.00364541]
147,[ 25.10700427 -14.17753022  32.4       ],[25.10598746],[ 25.1011906  -14.04326819  32.75      ],[25.10320738],[0.00354178]
148,[ 25.10598746 -14.1434911   32.43333333],[25.10510572],[ 25.10092453 -14.0401993   32.775     ],[25.10250047],[0.0034588]
149,[ 25.10510572 -14.11559312  32.46666667],[25.10437342],[ 25.10064018 -14.03616887  32.8       ],[25.10178288],[0.00340117]
150,[ 25.10437342 -14.09462879  32.5       ],[25.10377594],[ 25.10033887 -14.03121559  32.825     ],[25.10105467],[0.00336744]
151,[ 25.10377594 -14.07997933  32.53333333],[25.10328889],[ 25.10002093 -14.02536538  32.85      ],[25.10031509],[0.00335681]
152,[ 25.10328889 -14.07052877  32.56666667],[25.10289049],[ 25.09968608 -14.01861128  32.875     ],[25.0995638],[0.00336861]
153,[ 25.10289049 -14.06525326  32.6       ],[25.10256079],[ 25.0993338 -14.0109348  32.9      ],[25.0988005],[0.00340148]
154,[ 25.10256079 -14.05951555  32.625     ],[25.1022585],[ 25.09896361 -14.00594639  32.93333333],[25.09765368],[0.00350662]
155,[ 25.1022585  -14.05506652  32.65      ],[25.10197757],[ 25.09859837 -14.00109636  32.96666667],[25.0964544],[0.00367739]
156,[ 25.10197757 -14.0515529   32.675     ],[25.10171082],[ 25.0982282  -13.99597512  33.        ],[25.0952057],[0.00391072]
157,[ 25.10171082 -14.04864479  32.7       ],[25.10145077],[ 25.09784695 -13.9902714   33.03333333],[25.09391145],[0.00419851]
158,[ 25.10145077 -14.04599114  32.725     ],[25.1011906],[ 25.0974513  -13.98381566  33.06666667],[25.09257349],[0.00453348]
159,[ 25.1011906  -14.04326819  32.75      ],[25.10092453],[ 25.09703958 -13.97652176  33.1       ],[25.09119231],[0.00490835]
160,[ 25.10092453 -14.0401993   32.775     ],[25.10064018],[ 25.09661106 -13.96835226  33.13333333],[25.08976751],[0.00531802]
161,[ 25.10064018 -14.03616887  32.8       ],[25.10033887],[ 25.09577252 -13.94108297  33.16666667],[25.08857359],[0.00554133]
162,[ 25.10033887 -14.03121559  32.825     ],[25.10002093],[ 25.09464917 -13.89966757  33.2       ],[25.08750991],[0.00567264]
163,[ 25.10002093 -14.02536538  32.85      ],[25.09968608],[ 25.09332218 -13.84815308  33.23333333],[25.08645005],[0.0058091]
164,[ 25.09968608 -14.01861128  32.875     ],[25.0993338],[ 25.09183734 -13.78883478  33.26666667],[25.08529966],[0.00601954]
165,[ 25.0993338 -14.0109348  32.9      ],[25.09896361],[ 25.09022035 -13.7229901   33.3       ],[25.08398523],[0.00634935]
166,[ 25.09896361 -14.00594639  32.93333333],[25.09859837],[ 25.08848564 -13.62380143  33.26666667],[25.08596855],[0.00564466]
167,[ 25.09859837 -14.00109636  32.96666667],[25.0982282],[ 25.08645546 -13.51083871  33.23333333],[25.08710646],[0.00546317]
168,[ 25.0982282  -13.99597512  33.        ],[25.09784695],[ 25.08421025 -13.38760921  33.2       ],[25.08723304],[0.00565028]
169,[ 25.09784695 -13.9902714   33.03333333],[25.0974513],[ 25.08180063 -13.25676911  33.16666667],[25.0862496],[0.00593847]
170,[ 25.0974513  -13.98381566  33.06666667],[25.09703958],[ 25.07925488 -13.11983172  33.13333333],[25.08410613],[0.00613558]
171,[ 25.09703958 -13.97652176  33.1       ],[25.09661106],[ 25.07761774 -13.02509401  33.1       ],[25.08240848],[0.00619161]
172,[ 25.09661106 -13.96835226  33.13333333],[25.09577252],[ 25.07548859 -12.90999691  33.06666667],[25.07937978],[0.00618635]
173,[ 25.09577252 -13.94108297  33.16666667],[25.09464917],[ 25.07335091 -12.79370831  33.03333333],[25.07566542],[0.00618675]
174,[ 25.09464917 -13.89966757  33.2       ],[25.09332218],[ 25.07120162 -12.67720825  33.        ],[25.07130899],[0.00633584]
175,[ 25.09332218 -13.84815308  33.23333333],[25.09183734],[ 25.0690302  -12.56006159  32.96666667],[25.06632281],[0.00681641]
176,[ 25.09183734 -13.78883478  33.26666667],[25.09022035],[ 25.06683024 -12.443069    32.93333333],[25.06075352],[0.00777941]
177,[ 25.09022035 -13.7229901   33.3       ],[25.08848564],[ 25.06458295 -12.32420892  32.9       ],[25.05454518],[0.00931713]
178,[ 25.08848564 -13.62380143  33.26666667],[25.08645546],[ 25.06229154 -12.20664322  32.875     ],[25.04777194],[0.01138968]
179,[ 25.08645546 -13.51083871  33.23333333],[25.08421025],[ 25.05998092 -12.08860014  32.85      ],[25.04051077],[0.01398565]
180,[ 25.08421025 -13.38760921  33.2       ],[25.08180063],[ 25.05764173 -11.96978201  32.825     ],[25.03275412],[0.0170713]
181,[ 25.08180063 -13.25676911  33.16666667],[25.07925488],[ 25.05526724 -11.84991331  32.8       ],[25.02449238],[0.02062809]
182,[ 25.07925488 -13.11983172  33.13333333],[25.07761774],[ 25.05285326 -11.72882396  32.775     ],[25.01571849],[0.02464867]
183,[ 25.07761774 -13.02509401  33.1       ],[25.07548859],[ 25.05039723 -11.60641462  32.75      ],[25.00642663],[0.02913321]
184,[ 25.07548859 -12.90999691  33.06666667],[25.07335091],[ 25.0478977  -11.48263162  32.725     ],[24.99661107],[0.03408697]
185,[ 25.07335091 -12.79370831  33.03333333],[25.07120162],[ 25.0457404  -11.37436682  32.7       ],[24.98776488],[0.03872093]
186,[ 25.07120162 -12.67720825  33.        ],[25.0690302],[ 25.04265236 -11.26842898  32.675     ],[24.97766602],[0.04364087]
187,[ 25.0690302  -12.56006159  32.96666667],[25.06683024],[ 25.03958978 -11.14360952  32.65      ],[24.96605659],[0.04981529]
188,[ 25.06683024 -12.443069    32.93333333],[25.06458295],[ 25.03680644 -11.00499473  32.625     ],[24.95341765],[0.05711572]
189,[ 25.06458295 -12.32420892  32.9       ],[25.06229154],[ 25.03454889 -10.890128    32.6       ],[24.9426905],[0.06348275]
190,[ 25.06229154 -12.20664322  32.875     ],[25.05998092],[ 25.03263473 -10.79035939  32.56666667],[24.93334467],[0.06908929]
