,x_train,y_train,x_test,y_pred,y_std
0,[25.12704415  0.49674053 11.72329517 33.975       3.64919021  1.42759408],[-0.00042412],[17.    0.2  10.   20.6   0.    0.17],[-0.8267276],[8.20728279]
1,[24.00107264  0.22       13.         24.1         0.          0.57285563],[-0.02002813],[17.06060606  0.22020202 10.06060606 20.75656566  0.06969697  0.21919192],[-0.77964249],[7.93838752]
2,[25.05990454  0.22       13.         27.45        0.          0.44275685],[-0.02502808],[17.12121212  0.24040404 10.12121212 20.91313131  0.13939394  0.26838384],[-0.73308296],[7.68115183]
3,[24.74152603  0.22       13.         24.4         0.          0.57285563],[-0.02524082],[17.18181818  0.26060606 10.18181818 21.06969697  0.20909091  0.31757576],[-0.68713071],[7.43556536]
4,[25.1241219   0.49031433 12.32128154 29.55        4.17079032  0.40256604],[3.166e-05],[17.24242424  0.28080808 10.24242424 21.22626263  0.27878788  0.36676768],[-0.64186496],[7.2015846]
5,[24.8753054   0.22       13.         31.00833333  0.          0.86060216],[-0.01262285],[17.3030303   0.3010101  10.3030303  21.38282828  0.34848485  0.4159596 ],[-0.59736213],[6.97913228]
6,[26.69506068  0.22       13.         26.4         0.          0.57285563],[-0.04332477],[17.36363636  0.32121212 10.36363636 21.53939394  0.41818182  0.46515152],[-0.55369565],[6.76809637]
7,[23.28212758  0.22       13.57098978 23.76666667  0.          0.57285563],[-0.01326783],[17.42424242  0.34141414 10.42424242 21.6959596   0.48787879  0.51434343],[-0.51093571],[6.56832994]
8,[25.06683024  0.36577407 12.27523379 32.93333333  2.09922131  0.39800745],[-0.00224729],[17.48484848  0.36161616 10.48484848 21.85252525  0.55757576  0.56353535],[-0.46914909],[6.37965063]
9,[25.07396207  0.38128571 12.08496717 35.8         1.82543717  0.48219135],[-0.00189375],[17.54545455  0.38181818 10.54545455 22.00909091  0.62727273  0.61272727],[-0.42839895],[6.20184118]
10,[23.98634268  0.22       13.         25.56666667  0.          0.57285563],[0.33742632],[17.60606061  0.4020202  10.60606061 22.16565657  0.6969697   0.66191919],[-0.38874462],[6.03465023]
11,[25.12637479  0.49527353 12.00305416 31.175       4.05025783  1.44339806],[-0.00047308],[17.66666667  0.42222222 10.66666667 22.32222222  0.76666667  0.71111111],[-0.35024149],[5.87779373]
12,[23.66548228  0.22       13.06971508 24.56666667  0.          0.62531613],[-0.01539745],[17.72727273  0.44242424 10.72727273 22.47878788  0.83636364  0.76030303],[-0.31294083],[5.7309571]
13,[25.12350988  0.48897805 11.89667156 31.68333333  3.96184459  1.44168689],[0.00025584],[17.78787879  0.46262626 10.78787879 22.63535354  0.90606061  0.80949495],[-0.27688965],[5.59379698]
14,[24.61576013  0.22       13.         26.275       0.          0.57285563],[-0.02295917],[17.84848485  0.48282828 10.84848485 22.79191919  0.97575758  0.85868687],[-0.24213063],[5.46594533]
15,[23.69592061  0.22       13.         24.425       0.          0.57285563],[-0.01832239],[17.90909091  0.5030303  10.90909091 22.94848485  1.04545455  0.90787879],[-0.20870196],[5.34701224]
16,[23.96941042  0.22       13.         25.86666667  0.          0.44275685],[-0.01531753],[17.96969697  0.52323232 10.96969697 23.10505051  1.11515152  0.95707071],[-0.17663732],[5.23658994]
17,[25.12158069  0.48476635 12.24332383 32.25833333  3.70642079  0.74293904],[-0.0001019],[18.03030303  0.54343434 11.03030303 23.26161616  1.18484848  1.00626263],[-0.14596578],[5.13425782]
18,[25.10970574  0.4589973  11.86081577 34.91666667  2.99836938  1.3794018 ],[-0.00062561],[18.09090909  0.56363636 11.09090909 23.41818182  1.25454545  1.05545455],[-0.11671178],[5.03958626]
19,[25.07335541  0.3798258  12.52002996 30.88333333  2.76450913  1.41535649],[-0.00063138],[18.15151515  0.58383838 11.15151515 23.57474747  1.32424242  1.10464646],[-0.0888951],[4.95214171]
20,[25.01405797  0.25093167 12.5958918  34.4         0.49877942  1.07800002],[-0.00320542],[18.21212121  0.6040404  11.21212121 23.73131313  1.39393939  1.15383838],[-0.06253085],[4.87149097]
21,[24.84544211  0.22       13.         24.4         0.          0.57285563],[-0.02643069],[18.27272727  0.62424242 11.27272727 23.88787879  1.46363636  1.2030303 ],[-0.0376295],[4.79720653]
22,[25.04237316  0.31245283 12.13031575 34.65        1.31700581  1.72358717],[-0.00130088],[18.33333333  0.64444444 11.33333333 24.04444444  1.53333333  1.25222222],[-0.01419688],[4.72887018]
23,[23.92635266  0.22       13.         24.96666667  0.          0.57285563],[-0.01716278],[18.39393939  0.66464646 11.39393939 24.2010101   1.6030303   1.30141414],[0.00776575],[4.66607666]
24,[25.08030443  0.39503648 12.06748633 33.675       2.38469476  1.39719765],[-0.00136953],[18.45454545  0.68484848 11.45454545 24.35757576  1.67272727  1.35060606],[0.0282616],[4.60843783]
25,[24.90905101  0.22       13.         32.5         0.          0.44275685],[-0.00868064],[18.51515152  0.70505051 11.51515152 24.51414141  1.74242424  1.39979798],[0.04729833],[4.55558504]
26,[24.62317558  0.22       13.         29.475       0.          0.75676425],[-0.01316738],[18.57575758  0.72525253 11.57575758 24.67070707  1.81212121  1.4489899 ],[0.06488791],[4.50717226]
27,[24.11799902  0.22       13.         26.05        0.          0.58719798],[-0.01644659],[18.63636364  0.74545455 11.63636364 24.82727273  1.88181818  1.49818182],[0.08104649],[4.46287757]
28,[25.11863814  0.47821132 12.67448655 28.925       4.11124995  0.40292476],[0.00148958],[18.6969697   0.76565657 11.6969697  24.98383838  1.95151515  1.54737374],[0.09579431],[4.42240342]
29,[25.04574111  0.31978247 12.11604016 34.625       1.32429147  1.71978788],[-0.00258339],[18.75757576  0.78585859 11.75757576 25.14040404  2.02121212  1.59656566],[0.10915549],[4.38548026]
30,[26.23027818  0.22       13.         23.2         0.          0.57285563],[-0.04646619],[18.81818182  0.80606061 11.81818182 25.2969697   2.09090909  1.64575758],[0.12115793],[4.3518626]
31,[25.10410204  0.44680289 11.89829573 33.4         3.11917979  0.48537666],[-0.00050511],[18.87878788  0.82626263 11.87878788 25.45353535  2.16060606  1.69494949],[0.13183311],[4.32133456]
32,[24.39592408  0.22       14.45932389 27.7         4.19446709  1.46566011],[0.05030059],[18.93939394  0.84646465 11.93939394 25.61010101  2.23030303  1.74414141],[0.14121586],[4.29370317]
33,[22.96984874  0.22       15.10132985 21.85        0.86283804  0.58830683],[0.00269576],[19.          0.86666667 12.         25.76666667  2.3         1.79333333],[0.14934423],[4.2688027]
34,[23.05902831  0.22       16.         22.3         0.33210912  0.59034246],[-0.00254736],[19.06060606  0.88686869 12.06060606 25.92323232  2.36969697  1.84252525],[0.15625924],[4.24649056]
35,[24.38870216  0.22       13.00554523 24.775       0.92496575  0.55282024],[-0.00577827],[19.12121212  0.90707071 12.12121212 26.07979798  2.43939394  1.89171717],[0.16200467],[4.22664746]
36,[25.10658769  0.45148834 12.98563673 28.425       4.00387537  0.4021669 ],[0.00457465],[19.18181818  0.92727273 12.18181818 26.23636364  2.50909091  1.94090909],[0.16662682],[4.20917431]
37,[24.28094702  0.22       13.         27.5         0.          0.58700402],[-0.01430958],[19.24242424  0.94747475 12.24242424 26.39292929  2.57878788  1.99010101],[0.1701743],[4.19399245]
38,[24.02036406  0.22       13.         25.475       0.          0.44275685],[-0.01696873],[19.3030303   0.96767677 12.3030303  26.54949495  2.64848485  2.03929293],[0.17269778],[4.18104101]
39,[24.67672827  0.22       13.         29.175       0.          0.44275685],[-0.01493468],[19.36363636  0.98787879 12.36363636 26.70606061  2.71818182  2.08848485],[0.17424972],[4.17027481]
40,[24.32071537  0.22       14.72420551 28.08333333  3.6291807   1.47650141],[0.04536781],[19.42424242  1.00808081 12.42424242 26.86262626  2.78787879  2.13767677],[0.17488417],[4.16166343]
41,[24.35512183  0.22       13.         28.          0.          0.63965856],[-0.01399318],[19.48484848  1.02828283 12.48484848 27.01919192  2.85757576  2.18686869],[0.17465647],[4.15518932]
42,[25.05200784  0.33349169 12.21078329 34.71666667  1.42589612  1.72197331],[-0.00259467],[19.54545455  1.04848485 12.54545455 27.17575758  2.92727273  2.23606061],[0.17362305],[4.15084566]
43,[25.00375426  0.22       13.         32.51666667  0.4479967   0.75664897],[-0.00314602],[19.60606061  1.06868687 12.60606061 27.33232323  2.9969697   2.28525253],[0.17184114],[4.14863469]
44,[25.12535442  0.49307611 11.93137919 31.39166667  3.99769598  1.44303995],[-0.00056933],[19.66666667  1.08888889 12.66666667 27.48888889  3.06666667  2.33444444],[0.16936851],[4.14856794]
45,[25.00107624  0.22       13.         31.91666667  0.52430101  0.75732702],[-0.00359685],[19.72727273  1.10909091 12.72727273 27.64545455  3.13636364  2.38363636],[0.16626327],[4.1506622]
46,[25.1126059   0.46536206 12.08776224 31.575       3.56867728  1.44340859],[-0.00117843],[19.78787879  1.12929293 12.78787879 27.8020202   3.20606061  2.43282828],[0.1625836],[4.1549415]
47,[24.79599016  0.22       13.         30.70833333  0.          0.7570308 ],[-0.01200411],[19.84848485  1.14949495 12.84848485 27.95858586  3.27575758  2.4820202 ],[0.1583875],[4.16143301]
48,[24.64701227  0.22       13.         29.70833333  0.          0.75771687],[-0.01282288],[19.90909091  1.16969697 12.90909091 28.11515152  3.34545455  2.53121212],[0.15373256],[4.17016913]
49,[25.10658769  0.45148834 12.98563673 28.425       4.00387537  0.4021669 ],[0.00457465],[19.96969697  1.18989899 12.96969697 28.27171717  3.41515152  2.58040404],[0.14867576],[4.18118489]
50,[25.01721015  0.22       13.         33.9         0.25746238  0.86011012],[-0.0024054],[20.03030303  1.21010101 13.03030303 28.42828283  3.48484848  2.62959596],[0.14327322],[4.19451822]
51,[24.66916968  0.22       13.         25.          0.          0.44275685],[-0.02624425],[20.09090909  1.23030303 13.09090909 28.58484848  3.55454545  2.67878788],[0.13758001],[4.21021017]
52,[25.10991101  0.22       13.         24.25        0.          0.57285563],[-0.03121756],[20.15151515  1.25050505 13.15151515 28.74141414  3.62424242  2.7279798 ],[0.13164992],[4.22830415]
53,[25.45952188  0.22       13.         25.725       0.          0.44275685],[-0.02972131],[20.21212121  1.27070707 13.21212121 28.8979798   3.69393939  2.77717172],[0.12553533],[4.24884725]
54,[25.07205947  0.37701132 12.52847575 30.9         2.71768033  1.41396975],[-0.00068887],[20.27272727  1.29090909 13.27272727 29.05454545  3.76363636  2.82636364],[0.11928694],[4.27188895]
55,[24.51893816  0.22       13.         26.43333333  0.          0.44275685],[-0.02055905],[20.33333333  1.31111111 13.33333333 29.21111111  3.83333333  2.87555556],[0.1129537],[4.29748392]
56,[23.60398801  0.22       13.955537   26.53333333  2.64154443  0.5512087 ],[0.03213662],[20.39393939  1.33131313 13.39393939 29.36767677  3.9030303   2.92474747],[0.10658257],[4.32568966]
57,[25.10523428  0.44926616 11.96072006 32.9         3.22416447  1.16702006],[-0.00047842],[20.45454545  1.35151515 13.45454545 29.52424242  3.97272727  2.97393939],[0.10021843],[4.35657092]
58,[25.0237206   0.27190251 12.46292571 32.6         1.13252283  0.72728482],[-0.0021039],[20.51515152  1.37171717 13.51515152 29.68080808  4.04242424  3.02313131],[0.09390395],[4.39019765]
59,[24.92102109  0.22       13.         25.08333333  0.          0.44275685],[-0.02934844],[20.57575758  1.39191919 13.57575758 29.83737374  4.11212121  3.07232323],[0.08767943],[4.42664769]
60,[23.63168908  0.22       13.77964743 25.73333333  2.37084265  0.58609127],[0.02668977],[20.63636364  1.41212121 13.63636364 29.99393939  4.18181818  3.12151515],[0.08158274],[4.46600733]
61,[26.95525439  0.22       13.         27.35        0.          0.44275685],[-0.04573382],[20.6969697   1.43232323 13.6969697  30.15050505  4.25151515  3.17070707],[0.07564923],[4.50837216]
62,[23.5830405   0.22       14.2651658  22.8         0.467317    0.42527002],[-0.00864211],[20.75757576  1.45252525 13.75757576 30.30707071  4.32121212  3.21989899],[0.06991163],[4.55384867]
63,[25.51565259  0.22       13.         25.38333333  0.          0.44275685],[-0.03667963],[20.81818182  1.47272727 13.81818182 30.46363636  4.39090909  3.26909091],[0.0644],[4.60255412]
64,[25.01416816  0.25114512 12.54928569 32.83333333  0.79863446  0.90450598],[-0.00304515],[20.87878788  1.49292929 13.87878788 30.62020202  4.46060606  3.31828283],[0.0591417],[4.65461944]
65,[23.52965491  0.22       15.18870062 25.          0.          0.58838872],[-0.00906834],[20.93939394  1.51313131 13.93939394 30.77676768  4.53030303  3.36747475],[0.05416136],[4.71018799]
66,[23.54830126  0.22       15.15629574 25.          0.          0.58871391],[-0.00940983],[21.          1.53333333 14.         30.93333333  4.6         3.41666667],[0.04948082],[4.76941785]
67,[24.1673686   0.22       13.         26.35        0.          0.58719831],[-0.01623302],[21.06060606  1.55353535 14.06060606 31.08989899  4.66969697  3.46585859],[0.04511919],[4.83248079]
68,[25.12301504  0.48797808 11.77790177 32.86666667  3.71551508  0.73157809],[-0.00058886],[21.12121212  1.57373737 14.12121212 31.24646465  4.73939394  3.51505051],[0.04109281],[4.89956374]
69,[23.32426245  0.22       14.4659747  24.16666667  0.          0.62531613],[-0.0096159],[21.18181818  1.59393939 14.18181818 31.4030303   4.80909091  3.56424242],[0.03741529],[4.97086804]
70,[25.0907772   0.41783771 12.25362325 31.99166667  2.92411553  0.48616035],[-0.00113119],[21.24242424  1.61414141 14.24242424 31.55959596  4.87878788  3.61343434],[0.03409755],[5.04660951]
71,[25.07062295  0.37402151 12.31661994 31.86666667  2.38741548  0.48616076],[-0.00201645],[21.3030303   1.63434343 14.3030303  31.71616162  4.94848485  3.66262626],[0.03114787],[5.12701833]
72,[25.08584723  0.40683188 12.19887264 29.2         3.38870189  1.40642485],[0.00033143],[21.36363636  1.65454545 14.36363636 31.87272727  5.01818182  3.71181818],[0.02857194],[5.21233756]
73,[25.11925506  0.47971811 11.96084187 31.825       3.81074095  0.39994229],[0.00015142],[21.42424242  1.67474747 14.42424242 32.02929293  5.08787879  3.7610101 ],[0.02637292],[5.30282227]
74,[25.08718396  0.41000422 12.05437646 34.34166667  2.45503274  1.38877089],[-0.00120316],[21.48484848  1.69494949 14.48484848 32.18585859  5.15757576  3.81020202],[0.02455155],[5.3987375]
75,[24.2160826   0.22       13.         27.2         0.          0.58718868],[-0.01433998],[21.54545455  1.71515152 14.54545455 32.34242424  5.22727273  3.85939394],[0.02310623],[5.50035913]
76,[25.01248856  0.24751309 12.82227069 32.13333333  0.82630449  0.9096863 ],[-0.00325043],[21.60606061  1.73535354 14.60606061 32.4989899   5.2969697   3.90858586],[0.02203309],[5.60796858]
77,[24.32064941  0.22       14.63668022 27.2         3.92578452  1.47683697],[0.04668736],[21.66666667  1.75555556 14.66666667 32.65555556  5.36666667  3.95777778],[0.02132613],[5.72185312]
78,[25.05704645  0.34448299 12.03199251 35.3         1.48859259  0.53556663],[-0.0026777],[21.72727273  1.77575758 14.72727273 32.81212121  5.43636364  4.0069697 ],[0.02097735],[5.84230244]
79,[24.46502313  0.22       13.         28.56666667  0.          0.63965887],[-0.01369815],[21.78787879  1.7959596  14.78787879 32.96868687  5.50606061  4.05616162],[0.0209768],[5.9696069]
80,[25.09982589  0.43751337 11.96279142 32.075       3.21094185  1.17321562],[-0.00078008],[21.84848485  1.81616162 14.84848485 33.12525253  5.57575758  4.10535354],[0.02131281],[6.1040548]
81,[25.09261333  0.42182199 12.00165414 33.13333333  2.80045832  1.402196  ],[-0.00137131],[21.90909091  1.83636364 14.90909091 33.28181818  5.64545455  4.15454545],[0.02197201],[6.24592941]
82,[23.54964237  0.22       13.77888348 24.41666667  0.44306348  0.59034246],[-0.00553178],[21.96969697  1.85656566 14.96969697 33.43838384  5.71515152  4.20373737],[0.02293957],[6.39550722]
83,[24.56301434  0.22       13.         27.8         0.          0.75831906],[-0.01724103],[22.03030303  1.87676768 15.03030303 33.59494949  5.78484848  4.25292929],[0.02419925],[6.55305494]
84,[25.11701611  0.47493326 11.84410616 31.9         3.70000807  0.40035398],[-0.00082045],[22.09090909  1.8969697  15.09090909 33.75151515  5.85454545  4.30212121],[0.02573363],[6.71882725]
85,[26.41998068  0.22       13.         24.60833333  0.          0.44275685],[-0.04348385],[22.15151515  1.91717172 15.15151515 33.90808081  5.92424242  4.35131313],[0.02752416],[6.8930646]
86,[24.24781407  0.22       13.         24.8         0.          0.57285563],[-0.02104955],[22.21212121  1.93737374 15.21212121 34.06464646  5.99393939  4.40050505],[0.02955139],[7.07599126]
87,[25.05579269  0.33735454 12.86278053 29.875       4.20496259  1.44339726],[0.02728868],[22.27272727  1.95757576 15.27272727 34.22121212  6.06363636  4.44969697],[0.03179505],[7.26781322]
88,[23.09116859  0.22       14.99400684 23.35        1.96549141  0.55348804],[0.02193006],[22.33333333  1.97777778 15.33333333 34.37777778  6.13333333  4.49888889],[0.03423424],[7.46871746]
89,[24.50455674  0.22       13.         27.125       0.          0.75892307],[-0.01841727],[22.39393939  1.9979798  15.39393939 34.53434343  6.2030303   4.54808081],[0.03684754],[7.67886864]
90,[25.12345745  0.48891367 12.0386174  30.175       4.13366726  0.40179725],[-0.00025428],[22.45454545  2.01818182 15.45454545 34.69090909  6.27272727  4.59727273],[0.03961317],[7.89841065]
91,[25.09557141  0.42817465 12.03199257 32.925       2.97761665  1.40483483],[-0.00021604],[22.51515152  2.03838384 15.51515152 34.84747475  6.34242424  4.64646465],[0.0425091],[8.12746352]
92,[25.08589061  0.40525325 12.80488505 29.15        4.11396617  1.44340122],[0.01151264],[22.57575758  2.05858586 15.57575758 35.0040404   6.41212121  4.69565657],[0.04551324],[8.36612426]
93,[24.79505398  0.22       13.         26.90833333  0.          0.57285563],[-0.02354781],[22.63636364  2.07878788 15.63636364 35.16060606  6.48181818  4.74484848],[0.04860349],[8.61446531]
94,[25.06228309  0.35588475 12.31274993 33.65        1.87243551  0.39803701],[-0.00208881],[22.6969697   2.0989899  15.6969697  35.31717172  6.55151515  4.7940404 ],[0.05175795],[8.87253518]
95,[24.99678276  0.22       13.         32.45        0.16510673  0.86077806],[-0.00765584],[22.75757576  2.11919192 15.75757576 35.47373737  6.62121212  4.84323232],[0.05495495],[9.14035802]
96,[24.97232203  0.22       13.         32.025       0.12332793  0.86092897],[-0.0091348],[22.81818182  2.13939394 15.81818182 35.63030303  6.69090909  4.89242424],[0.05817326],[9.41793411]
97,[25.10740264  0.45397741 11.82949716 34.025       3.10453338  1.40653202],[-0.00056377],[22.87878788  2.15959596 15.87878788 35.78686869  6.76060606  4.94161616],[0.0613921],[9.70523958]
98,[23.81160245  0.22       13.09534572 24.01666667  0.          0.44275685],[-0.01820216],[22.93939394  2.17979798 15.93939394 35.94343434  6.83030303  4.99080808],[0.06459133],[10.00222774]
99,[24.10692451  0.22       13.         26.075       0.          0.63985829],[-0.01639043],[23.    2.2  16.   36.1   6.9   5.04],[0.06775149],[10.30882853]
100,[24.36323016  0.22       14.5091117  28.9         3.86170744  0.74293763],[0.04902097],,,
101,[25.11945432  0.48022389 11.84516359 31.6         3.83156187  0.40086653],[-0.00055124],,,
102,[25.07519485  0.38128995 12.65099185 30.15        4.02095538  1.44340076],[0.01537389],,,
103,[25.10410204  0.44680289 11.89829573 33.4         3.11917979  0.48537666],[-0.00050511],,,
104,[25.11567736  0.47204232 12.11229119 30.075       3.89315101  1.44339972],[-0.00098939],,,
105,[25.07859021  0.39137501 12.13287673 34.4         2.15838107  1.40783729],[-0.0021642],,,
106,[25.09966646  0.43711063 11.88363243 34.16666667  2.88057409  0.39911729],[-0.00043169],,,
107,[25.0689424   0.37035926 12.26736404 33.13333333  2.12990623  1.4172074 ],[-0.00202637],,,
108,[23.48462313  0.22       13.         24.525       0.          0.57285563],[-0.01463026],,,
109,[24.88899642  0.22       13.         31.85        0.          0.86078806],[-0.01021974],,,
110,[23.47792166  0.22       13.82337909 24.5         0.          0.62531613],[-0.01172942],,,
111,[24.25097516  0.22       13.         26.25        0.          0.57285563],[-0.01882892],,,
112,[25.11004591  0.45984348 11.84648661 33.4         3.240353    1.16871012],[-0.00115257],,,
113,[24.9191077   0.22       13.         32.15        0.          0.86161288],[-0.00988111],,,
114,[25.03257791  0.2912288  12.5927796  31.43333333  1.4807295   0.40570355],[-0.00269698],,,
115,[24.42504529  0.22       13.16863994 25.9         2.04948072  0.55299201],[0.01448754],,,
116,[25.07375811  0.3776247  12.55226666 30.09166667  4.18104766  1.44340068],[0.01883996],,,
117,[25.03756726  0.30216712 12.52077279 33.025       1.2903338   0.72201597],[-0.00331605],,,
118,[25.03333497  0.29277343 12.28548528 33.9         1.20134997  0.72756359],[-0.0014188],,,
119,[25.12987695  0.5028866  12.37827776 30.075       4.15962648  0.40205013],[-0.00040265],,,
120,[23.26885975  0.22       13.74275743 23.75        0.          0.57285563],[-0.01267116],,,
121,[25.12154763  0.48468603 12.30592246 31.05        3.94458698  0.73678114],[0.00049236],,,
122,[26.37236836  0.22       13.         23.375       0.          0.57285563],[-0.04781959],,,
123,[25.68815547  0.22       13.         24.7         0.          0.57285563],[-0.03574027],,,
124,[24.528538    0.22       13.         26.15        0.          0.44275685],[-0.02195587],,,
125,[24.50971203  0.22       13.         28.66666667  0.          0.75745058],[-0.01416418],,,
126,[24.47762409  0.22       13.         26.1         0.          0.44275685],[-0.0209492],,,
127,[25.1154298   0.47153672 11.95578561 32.85        3.43467111  1.18040003],[-0.00137261],,,
128,[24.16180802  0.22       13.         26.2         0.          0.44275685],[-0.01674079],,,
129,[25.07164445  0.37626655 12.22980034 33.06666667  2.20970783  0.39945079],[-0.00206865],,,
130,[25.100761    0.43956706 11.96075911 32.03333333  3.23258093  1.17386222],[-0.00093511],,,
131,[25.51596354  0.22       13.         25.          0.          0.44275685],[-0.034342],,,
132,[24.10354979  0.22       13.         25.89166667  0.          0.57285563],[-0.01788948],,,
133,[23.06336823  0.22       15.26240993 23.33333333  0.37907908  0.59034246],[-0.00129971],,,
134,[23.58280235  0.22       14.45342408 24.          1.44364685  0.55120969],[0.01030175],,,
135,[23.70885797  0.22       13.69756296 25.91666667  2.48457217  0.58609137],[0.02790619],,,
136,[24.47812105  0.22       14.21565997 28.73333333  3.84855435  1.46321422],[0.04637739],,,
137,[25.08287251  0.39939212 12.44956674 30.23333333  3.87679364  0.74293788],[0.00680902],,,
138,[23.71664892  0.22       13.         25.          0.          0.57285563],[-0.01621236],,,
139,[23.50481916  0.22       13.         23.63333333  0.          0.57285563],[-0.01805586],,,
140,"[2.44247626e+01 2.20000000e-01 1.30000000e+01 2.64833333e+01
 6.32827400e-03 8.64991261e-01]",[-0.023857],,,
141,[25.01607376  0.22       13.         24.75        0.          0.62531613],[-0.02669256],,,
142,[25.12417497  0.22       13.         22.625       0.          0.44275685],[-0.0333779],,,
143,[25.78119799  0.22       13.         25.95        0.          0.57285563],[-0.03229752],,,
144,[25.1235335   0.48909563 11.7808456  32.75833333  3.75143778  0.73166155],[-0.00051846],,,
145,[24.0369118   0.22       13.         25.89166667  0.          0.44275685],[-0.015966],,,
146,[25.07986024  0.3940694  12.24555064 32.03333333  2.6343064   0.48616047],[-0.00138104],,,
147,[23.3137042   0.22       14.37822998 24.4         0.28355526  0.59034246],[-0.00446467],,,
148,[24.54215388  0.22       13.         27.65833333  0.          0.75797212],[-0.01751935],,,
149,[23.86583117  0.22       13.         25.45        0.          0.57285563],[-0.01688492],,,
150,[25.11083811  0.46145393 11.85017103 34.83333333  3.04896032  1.38132391],[-0.00054465],,,
151,[25.11871929  0.47867158 11.77049903 34.06666667  3.37208562  1.17031056],[-0.00100296],,,
152,[24.82440586  0.22       13.         26.96666667  0.          0.57285563],[-0.02380575],,,
153,[23.4270209   0.22       14.49545223 22.5         0.          0.44275685],[-0.01571571],,,
154,[24.30117875  0.22       13.         27.975       0.          0.58715702],[-0.01318753],,,
155,[24.61668698  0.22       15.30812693 26.575       3.62244373  1.48024565],[0.04151838],,,
156,[26.35576584  0.22       13.         25.26666667  0.          0.57285563],[-0.04271333],,,
157,[24.85157939  0.22       13.35762861 29.38333333  3.90785088  1.44340109],[0.04232633],,,
158,[23.78200495  0.22       13.26968581 25.125       0.67271223  0.58223708],[-0.00378088],,,
159,[24.91240821  0.22       13.         32.23333333  0.          0.86102787],[-0.00940682],,,
160,[25.09394407  0.4246395  12.0538532  32.175       3.0533509   0.40031568],[-0.00035044],,,
161,[26.2170776   0.22       13.         26.76666667  0.          0.44275685],[-0.03623444],,,
162,[24.2715047   0.22       13.         26.48333333  0.          0.63965916],[-0.01716566],,,
163,[24.28210777  0.22       13.         26.8         0.          0.63950596],[-0.01638807],,,
164,[23.06206852  0.22       14.80603927 23.31666667  0.51300739  0.5553688 ],[-0.00051381],,,
165,[23.82923269  0.22       13.         24.6         0.          0.57285563],[-0.01960783],,,
166,[24.98818201  0.22       13.         25.3         1.0384876   0.4032082 ],[-0.00914342],,,
167,[25.05972253  0.35020586 12.55517624 31.525       2.18680202  1.4287494 ],[-0.00146572],,,
168,[25.04476041  0.31765929 12.14989754 34.125       1.38128394  0.48437865],[-0.00261003],,,
169,[25.45952188  0.22       13.         25.725       0.          0.44275685],[-0.02972131],,,
170,[24.82196366  0.22       13.         31.25        0.          0.75711347],[-0.01092905],,,
171,[25.11474987  0.46991138 12.30463484 31.2         3.69652035  1.44340375],[-0.00026776],,,
172,[23.80150354  0.22       13.97805194 25.70833333  2.78838922  0.55107539],[0.03151029],,,
173,[25.09266562  0.42184552 11.96740798 32.16666667  3.05791495  1.41433018],[-6.486e-05],,,
174,[25.80345067  0.22       13.         26.2         0.          0.44275685],[-0.03259765],,,
175,[24.31311758  0.22       13.         27.025       0.          0.63965875],[-0.0161684],,,
176,[25.09777353  0.22       13.         24.4         0.          0.57285563],[-0.02938035],,,
177,[24.3851568   0.22       13.         28.325       0.          0.58636356],[-0.01330421],,,
178,[23.3070407   0.22       13.         23.43333333  0.          0.57285563],[-0.01647067],,,
179,[25.12242618  0.48670252 11.77598083 32.975       3.6794658   0.73149374],[-0.0006281],,,
180,[24.12136714  0.22       13.         26.2         0.          0.44275685],[-0.01611022],,,
181,[23.86917266  0.22       13.03842037 27.4         3.43303753  0.58609289],[0.04172371],,,
182,[25.08348864  0.40195409 12.13415165 33.26666667  2.51453629  0.39963616],[-0.00154309],,,
183,[24.64638658  0.22       13.         28.55        0.          0.44275685],[-0.01631339],,,
184,[25.43511547  0.22       13.         23.15        0.          0.44275685],[-0.03553212],,,
185,[24.68346967  0.22       13.         30.3         0.          0.44275685],[-0.01164389],,,
186,[24.47894568  0.22       13.08415773 26.275       2.54692432  0.58543427],[0.02221115],,,
187,[24.05290932  0.22       13.         25.95        0.          0.44275685],[-0.01599752],,,
188,[24.37778673  0.22       13.         27.4         0.          0.44275685],[-0.01596778],,,
189,[24.49532819  0.22       13.         28.60833333  0.          0.75861592],[-0.01409762],,,
190,[24.2748037   0.22       13.         27.85833333  0.          0.58699616],[-0.01318789],,,
191,[25.10903773  0.45754135 11.81701987 33.9         3.17217335  1.16680548],[-0.00054137],,,
192,[25.01085255  0.22139174 12.98173829 34.275       0.41488272  0.75617207],[0.00091389],,,
193,[25.05421614  0.33829917 12.28098062 34.73333333  1.47944272  1.71808173],[-0.0022083],,,
194,[25.0115929   0.22       13.         33.9         0.2060381   0.86041332],[-0.00310888],,,
195,[25.63916239  0.22       13.         25.86666667  0.          0.44275685],[-0.0324238],,,
196,[24.64838049  0.22       13.         30.075       0.          0.44275685],[-0.011801],,,
197,[23.96589721  0.22       15.4568804  27.425       3.42018629  1.48296495],[0.04645046],,,
198,[24.77540458  0.22       13.         30.525       0.          0.75743107],[-0.01236339],,,
199,[25.11179512  0.46354583 11.81898643 34.35        3.16246688  1.40179038],[-0.00055954],,,
200,[24.81901142  0.22       13.         24.4         0.          0.57285563],[-0.02612662],,,
201,[25.20173642  0.22       13.         25.23333333  0.          0.44275685],[-0.03273941],,,
202,[25.07171898  0.37440128 12.48827266 30.14166667  3.901675    0.74293785],[0.01115353],,,
203,[24.60370367  0.22       13.         29.41666667  0.          0.44275685],[-0.01302882],,,
204,[24.05216266  0.22       13.         25.75        0.          0.58708775],[-0.0164811],,,
205,[23.05463523  0.22       14.97491883 22.48333333  0.92257773  0.55345557],[0.00430829],,,
206,[24.19481769  0.22       13.         26.1         0.          0.57285563],[-0.01850385],,,
207,[25.11560868  0.47182906 11.92185637 31.45        3.75612182  1.44336837],[-0.00032471],,,
208,[25.10257054  0.44244035 13.22251397 28.9         3.85754194  1.45385269],[0.00643643],,,
209,[24.43935976  0.22       13.         28.7         0.          0.44275685],[-0.01291757],,,
210,[24.90889638  0.22       13.         32.08333333  0.          0.8606734 ],[-0.00985945],,,
211,[25.12217541  0.48600707 12.26644994 30.275       4.05293695  1.43780687],[0.00058562],,,
212,[25.60673859  0.22       13.         25.83333333  0.          0.44275685],[-0.03210846],,,
213,[25.06982788  0.37230221 12.20151129 33.21666667  2.12902415  1.41254356],[-0.00228979],,,
214,[23.52965491  0.22       15.18870062 25.          0.          0.58838872],[-0.00906834],,,
215,[24.55855089  0.22       13.         29.1         0.          0.75751142],[-0.01337565],,,
216,[23.7018851   0.22       13.         24.58333333  0.          0.57285563],[-0.01622841],,,
217,[23.86600024  0.22       13.         24.78333333  0.          0.57285563],[-0.01652005],,,
218,[24.24291019  0.22       13.         27.46666667  0.          0.63965664],[-0.0140731],,,
219,[24.21475262  0.22       13.         27.34166667  0.          0.58719819],[-0.01407289],,,
220,[25.10085017  0.43936457 12.69977808 29.71666667  3.61184234  0.40183932],[0.00246434],,,
221,[23.17200063  0.22       14.8336198  23.75833333  2.00238958  0.55344271],[0.02258022],,,
222,[24.71695274  0.22       13.         21.25        0.          0.57285563],[-0.0333242],,,
223,[24.69859231  0.22       13.         29.775       0.          0.75784848],[-0.01340425],,,
224,[23.4561903   0.22       13.         23.26666667  0.          0.57285563],[-0.01814641],,,
225,[24.63275825  0.22       13.         27.95        0.          0.44275685],[-0.01794018],,,
226,[24.24466162  0.22       13.         27.35        0.          0.58705293],[-0.01427268],,,
227,[24.61308116  0.22       16.         24.60833333  3.74298807  1.47766582],[0.04121683],,,
228,[23.3667091   0.22       13.         25.          0.          0.44275685],[-0.01593365],,,
229,[25.05062828  0.33044035 12.62313213 27.31666667  2.66684139  1.42308712],[-0.00181581],,,
230,[24.80858418  0.22       13.         23.8         0.          0.57285563],[-0.02877096],,,
231,[25.09269723  0.422038   12.00131864 34.98333333  2.46442959  1.37944288],[-0.00165799],,,
232,[24.93150869  0.22       13.02550405 30.2         4.06254523  0.7429376 ],[0.04431852],,,
233,[23.32174205  0.22       14.30075202 24.70833333  2.20887488  0.58609122],[0.0250815],,,
234,[22.96409345  0.22       14.91411703 25.          0.          0.44275685],[-0.00460233],,,
235,[24.79079236  0.22       13.         27.28333333  3.24284792  0.58475418],[0.03163715],,,
236,[24.71039486  0.22       13.         26.125       0.          0.57285563],[-0.02317171],,,
237,[24.1451955   0.22       15.30240618 27.625       3.47930327  1.48060105],[0.04656561],,,
238,[25.11460147  0.46955551 12.04061063 30.46666667  3.93330592  0.40057121],[0.00049413],,,
239,[24.65721188  0.22       13.         27.6         0.          0.44275685],[-0.01913605],,,
240,[24.12956307  0.22       13.         25.4         0.          0.57285563],[-0.02037213],,,
241,[24.90889638  0.22       13.         32.08333333  0.          0.8606734 ],[-0.00985945],,,
242,[24.87381326  0.22       13.         31.55833333  0.          0.7552719 ],[-0.01078823],,,
243,[24.9270201   0.22       13.         31.3         0.08186366  0.86145392],[-0.01117501],,,
244,[24.79763959  0.22       13.         24.23333333  0.          0.62531613],[-0.02600808],,,
245,[23.25024739  0.22       16.         23.75833333  1.71891543  1.48021445],[0.01875562],,,
246,[24.99330632  0.22       13.         33.725       0.          0.45455898],[-0.00650658],,,
247,[23.37972871  0.22       14.18638063 25.525       1.69911256  0.55324325],[0.01932993],,,
248,[24.8129912   0.22       13.         30.175       0.          0.86214662],[-0.01398616],,,
249,[25.11394552  0.46825558 11.78910349 33.75        3.31828043  0.48239921],[-0.00073272],,,
