,x_train,y_train,x_test,y_pred,y_std
0,[-2.16959041  5.57418127 -0.81487296],[4.75895716],[-3.14159265 -9.42477796 -1.        ],[9.62235673],[0.36764501]
1,[-1.10361961 -0.42986089  0.96022254],[1.15075125],[-3.07812614 -9.23437841 -0.97979798],[9.28165729],[0.30889129]
2,[-1.90972604  6.34790985 -0.23167358],[3.62629193],[-3.01465962 -9.04397885 -0.95959596],[8.94074072],[0.25941082]
3,[-1.56478749  3.61505665 -0.18654178],[2.42455779],[-2.9511931  -8.8535793  -0.93939394],[8.60046823],[0.2182943]
4,[-0.7227162   9.18112854 -0.30346031],[0.6458084],[-2.88772658 -8.66317974 -0.91919192],[8.26165714],[0.18463804]
5,[0.09227121 1.80783607 0.98676065],[-0.13404892],[-2.82426006 -8.47278019 -0.8989899 ],[7.92507829],[0.15753283]
6,[ 1.60497355 -5.04420336  0.8398632 ],[2.52631559],[-2.76079354 -8.28238063 -0.87878788],[7.59145397],[0.13605892]
7,[-0.31909541  5.15336133  0.40610445],[0.16171858],[-2.69732703 -8.09198108 -0.85858586],[7.26145642],[0.11928431]
8,[-1.36807659  5.32159099  0.27734191],[1.81433758],[-2.63386051 -7.90158152 -0.83838384],[6.93570698],[0.10629718]
9,[-1.81979373 -4.73904031  0.82555485],[3.3127168],[-2.57039399 -7.71118197 -0.81818182],[6.61477562],[0.09624299]
10,[ 1.98486987 -1.8862663  -0.51809872],[3.71894393],[-2.50692747 -7.52078241 -0.7979798 ],[6.29918115],[0.0883708]
11,[-2.07535412 -6.57449571  0.80555975],[4.16280821],[-2.44346095 -7.33038286 -0.77777778],[5.98939181],[0.08207594]
12,[-0.78196454  6.60511661 -0.83143517],[0.62698956],[-2.37999443 -7.1399833  -0.75757576],[5.68582641],[0.07689951]
13,[ 0.10600022 -6.08779639  0.11405933],[-0.03985857],[-2.31652792 -6.94958375 -0.73737374],[5.38885579],[0.07252252]
14,[-1.37737584 -8.84998228  0.92408215],[1.88688202],[-2.2530614  -6.75918419 -0.71717172],[5.09880479],[0.06873311]
15,[-2.41995692  7.04372356  0.91822682],[6.09113509],[-2.18959488 -6.56878464 -0.6969697 ],[4.81595444],[0.06540228]
16,[ 0.44971957 -4.56359517  0.46189361],[0.31560656],[-2.12612836 -6.37838508 -0.67676768],[4.54054454],[0.06245108]
17,[2.20068029 4.0550431  0.62819818],[4.71842831],[-2.06266184 -6.18798553 -0.65656566],[4.27277642],[0.05983572]
18,[-0.64944345 -7.52275721 -0.02318372],[0.38006986],[-1.99919533 -5.99758598 -0.63636364],[4.01281586],[0.05753121]
19,[-0.11647497 -7.90849691  0.46525052],[0.03029595],[-1.93572881 -5.80718642 -0.61616162],[3.76079627],[0.05551844]
20,[ 1.43465891 -4.12227461 -0.70671228],[2.07412936],[-1.87226229 -5.61678687 -0.5959596 ],[3.51682182],[0.05378394]
21,[-1.29326089 -7.16473081 -0.52975863],[1.54649567],[-1.80879577 -5.42638731 -0.57575758],[3.28097069],[0.05231199]
22,[-1.4719178   2.32572063  0.36934576],[2.12270028],[-1.74532925 -5.23598776 -0.55555556],[3.0532983],[0.05108895]
23,[0.11122295 4.14927231 0.91520533],[0.00340873],[-1.68186273 -5.0455882  -0.53535354],[2.83384045],[0.05009999]
24,[-2.9508558   3.38764816  0.87833745],[8.78138095],[-1.61839622 -4.85518865 -0.51515152],[2.6226164],[0.04932704]
25,[ 0.01418645  6.6587475  -0.97844766],[0.00918322],[-1.5549297  -4.66478909 -0.49494949],[2.41963182],[0.04874595]
26,[-0.78947481 -2.48603059  0.70654533],[0.55556445],[-1.49146318 -4.47438954 -0.47474747],[2.22488154],[0.048336]
27,[-2.60829627  6.19144107  0.71037643],[6.84355562],[-1.42799666 -4.28398998 -0.45454545],[2.03835213],[0.04807043]
28,[-2.20805747 -3.35282181  0.78877242],[5.04867454],[-1.36453014 -4.09359043 -0.43434343],[1.86002429],[0.04792043]
29,[-2.4783338  -8.74154735  0.59915363],[6.1680045],[-1.30106362 -3.90319087 -0.41414141],[1.6898749],[0.04785431]
30,[ 2.06009722 -3.50822909  0.16768519],[4.27293674],[-1.23759711 -3.71279132 -0.39393939],[1.52787898],[0.04785036]
31,[ 1.59102502  4.14999267 -0.70816993],[2.65362326],[-1.17413059 -3.52239176 -0.37373737],[1.37401125],[0.04787857]
32,[1.11510171 1.00997027 0.80377324],[1.30493568],[-1.11066407 -3.33199221 -0.35353535],[1.22824749],[0.04791881]
33,[-2.66634098  8.00889094  0.2338107 ],[7.30614293],[-1.04719755 -3.14159265 -0.33333333],[1.09056564],[0.04795726]
34,[ 0.37387387 -3.25111521 -0.58572986],[0.22551985],[-0.98373103 -2.9511931  -0.31313131],[0.96094668],[0.04797811]
35,[-2.59026175  5.08166101  0.19004189],[6.585511],[-0.92026451 -2.76079354 -0.29292929],[0.83937518],[0.04798046]
36,[-2.52311798  7.83563045  0.53602185],[6.29954104],[-0.856798   -2.57039399 -0.27272727],[0.7258397],[0.04796078]
37,[ 1.95495074  4.97617857 -0.26276051],[3.99217424],[-0.79333148 -2.37999443 -0.25252525],[0.620333],[0.04792298]
38,[-1.72335543 -2.36287386  0.50615122],[3.00989144],[-0.72986496 -2.18959488 -0.23232323],[0.52285198],[0.04787691]
39,[-2.29103104 -1.76928232 -0.6370813 ],[5.22667269],[-0.66639844 -1.99919533 -0.21212121],[0.4333975],[0.04782684]
40,[1.96556343 1.14319125 0.17204655],[3.924247],[-0.60293192 -1.80879577 -0.19191919],[0.35197412],[0.04778309]
41,[ 1.10752653  6.88241456 -0.73652877],[1.04736412],[-0.53946541 -1.61839622 -0.17171717],[0.27858963],[0.04775339]
42,[ 2.40144512 -8.13641808  0.11538419],[5.98522199],[-0.47599889 -1.42799666 -0.15151515],[0.21325453],[0.04774192]
43,[ 2.66388036  3.54957745 -0.91671894],[7.26665126],[-0.41253237 -1.23759711 -0.13131313],[0.1559815],[0.04774809]
44,[-2.75171888  5.32730085  0.7175129 ],[7.56681052],[-0.34906585 -1.04719755 -0.11111111],[0.10678479],[0.04777574]
45,[-1.1606867   3.08364084 -0.23446427],[1.2928533],[-0.28559933 -0.856798   -0.09090909],[0.06567957],[0.04781472]
46,[-2.58785195  1.78459604  0.5040776 ],[6.63117713],[-0.22213281 -0.66639844 -0.07070707],[0.03268138],[0.04786098]
47,[0.69337414 5.64313012 0.67907054],[0.49028489],[-0.1586663  -0.47599889 -0.05050505],[0.00780557],[0.04790661]
48,[1.26084544 6.93222609 0.94296517],[1.61999319],[-0.09519978 -0.28559933 -0.03030303],[-0.00893324],[0.04794886]
49,[ 1.67050996 -5.59034385  0.69168735],[2.87184891],[-0.03173326 -0.09519978 -0.01010101],[-0.01752158],[0.04797337]
50,[-1.31122481 -6.58378031  0.33988867],[1.84640454],[0.03173326 0.09519978 0.01010101],[-0.01794746],[0.04798072]
51,[2.90915764 4.37488587 0.09276269],[8.4775514],[0.09519978 0.28559933 0.03030303],[-0.01020067],[0.04796862]
52,[-0.09563696  7.58104264 -0.48077574],[0.19434971],[0.1586663  0.47599889 0.05050505],[0.00572707],[0.04794228]
53,[-2.12854919 -8.43370843  0.06750104],[4.42933221],[0.22213281 0.66639844 0.07070707],[0.02984206],[0.0478988]
54,[ 0.87218693 -9.05505638 -0.43013058],[0.66565488],[0.28559933 0.856798   0.09090909],[0.0621486],[0.04784807]
55,[-0.8490304   3.04443396 -0.98691834],[0.84177656],[0.34906585 1.04719755 0.11111111],[0.10264916],[0.04779956]
56,[ 1.13751619 -8.71606237 -0.97812369],[1.30923276],[0.41253237 1.23759711 0.13131313],[0.15134452],[0.04776077]
57,[-0.53862784  7.86326292  0.97574416],[0.30813561],[0.47599889 1.42799666 0.15151515],[0.20823413],[0.04774103]
58,[-1.34908523  6.55608128  0.83981691],[1.89175564],[0.53946541 1.61839622 0.17171717],[0.27331638],[0.04774649]
59,[-1.65852742 -8.77534759  0.90633708],[2.81622357],[0.60293192 1.80879577 0.19191919],[0.34658898],[0.04778251]
60,[0.45948305 4.86355768 0.8900082 ],[0.39528678],[0.66639844 1.99919533 0.21212121],[0.42804941],[0.04784961]
61,[-0.20794662  9.32926341 -0.41062126],[-0.15171398],[0.72986496 2.18959488 0.23232323],[0.51769527],[0.04795359]
62,[-1.26617704 -2.25956738  0.05668814],[1.63441692],[0.79333148 2.37999443 0.25252525],[0.61552471],[0.04808648]
63,[ 0.0614485  -4.37240632 -0.86331378],[-0.13635305],[0.856798   2.57039399 0.27272727],[0.72153675],[0.04824836]
64,[-1.74975904 -2.11429193 -0.13408763],[3.14183275],[0.92026451 2.76079354 0.29292929],[0.83573158],[0.0484305]
65,[ 1.85679672 -7.07444647  0.90738554],[3.58749557],[0.98373103 2.9511931  0.31313131],[0.9581108],[0.04862564]
66,[-2.47527305  5.84541907  0.13806318],[6.00326193],[1.04719755 3.14159265 0.33333333],[1.08867747],[0.04883001]
67,[ 2.04259724  3.55081144 -0.45314791],[4.14591663],[1.11066407 3.33199221 0.35353535],[1.22743613],[0.04903631]
68,[-2.07582676 -3.72401514  0.23280603],[4.5271727],[1.17413059 3.52239176 0.37373737],[1.37439261],[0.04924154]
69,[0.45846052 5.36960016 0.42739067],[0.0717675],[1.23759711 3.71279132 0.39393939],[1.52955373],[0.0494482]
70,[-2.80437398  3.91506584  0.35843687],[7.94291113],[1.30106362 3.90319087 0.41414141],[1.69292678],[0.04965555]
71,[-1.65021106  6.81837748  0.01849894],[2.80399421],[1.36453014 4.09359043 0.43434343],[1.86451886],[0.04987782]
72,[-2.93372182  2.746581   -0.29551369],[8.8000109],[1.42799666 4.28398998 0.45454545],[2.04433599],[0.05013081]
73,[-0.71950573 -5.83483189  0.31599646],[0.42011518],[1.49146318 4.47438954 0.47474747],[2.23238204],[0.05044374]
74,[ 0.0380173   0.84596152 -0.26436185],[-0.04253173],[1.5549297  4.66478909 0.49494949],[2.42865744],[0.05084959]
75,[-2.45955184 -6.49719044  0.03880647],[6.01449809],[1.61839622 4.85518865 0.51515152],[2.63315775],[0.05139807]
76,[-2.40828446  6.82798973  0.7524912 ],[5.75127192],[1.68186273 5.0455882  0.53535354],[2.84587192],[0.05214236]
77,[ 2.67898812 -8.80891392  0.72601673],[7.06372915],[1.74532925 5.23598776 0.55555556],[3.06678049],[0.05314391]
78,[ 1.60816164 -7.39359079 -0.99994375],[2.38839251],[1.80879577 5.42638731 0.57575758],[3.29585354],[0.0544689]
79,[-2.27017232 -3.55498675 -0.66639639],[5.15440834],[1.87226229 5.61678687 0.5959596 ],[3.53304854],[0.05616931]
80,[-2.68646426 -3.83666621 -0.30116637],[7.24114659],[1.93572881 5.80718642 0.61616162],[3.778308],[0.05828771]
81,[ 1.02051472 -7.1487344   0.2956769 ],[1.25981028],[1.99919533 5.99758598 0.63636364],[4.03155706],[0.06084403]
82,[ 0.14238318 -4.91945851  0.91087141],[-0.05069215],[2.06266184 6.18798553 0.65656566],[4.29270098],[0.06383711]
83,[-1.88473226 -3.28483394 -0.53184277],[3.63358086],[2.12612836 6.37838508 0.67676768],[4.5616226],[0.0672419]
84,[ 0.60209749 -0.4575586   0.80451672],[0.21799605],[2.18959488 6.56878464 0.6969697 ],[4.83817973],[0.07102713]
85,[-0.17432207  8.57595355  0.52229908],[0.0256135],[2.2530614  6.75918419 0.71717172],[5.12220256],[0.07516593]
86,[ 0.8904842   2.10592976 -0.49263462],[0.86229446],[2.31652792 6.94958375 0.73737374],[5.41349119],[0.07967048]
87,[ 2.65159529 -1.87928924 -0.91371619],[7.07857266],[2.37999443 7.1399833  0.75757576],[5.71181316],[0.08462232]
88,[-2.50884556  8.8386355  -0.89222423],[6.21540165],[2.44346095 7.33038286 0.77777778],[6.01690109],[0.09022832]
89,[-2.96651539  1.87086413 -0.3776137 ],[8.73334184],[2.50692747 7.52078241 0.7979798 ],[6.32845062],[0.09686749]
90,[-2.69043672 -4.98979087  0.62402429],[7.22113414],[2.57039399 7.71118197 0.81818182],[6.64611834],[0.10514542]
91,[ 2.0662008  -0.47419663  0.68149488],[4.33396663],[2.63386051 7.90158152 0.83838384],[6.96952015],[0.11591285]
92,[ 2.69157752 -9.20111123 -0.75416698],[7.28927012],[2.69732703 8.09198108 0.85858586],[7.29822976],[0.13023859]
93,[-0.94120269 -2.4222261  -0.85707239],[0.80515842],[2.76079354 8.28238063 0.87878788],[7.63177753],[0.14931742]
94,[ 0.07855173 -6.36924158 -0.19339116],[-0.06652335],[2.82426006 8.47278019 0.8989899 ],[7.96964967],[0.1743648]
95,[2.9861471  6.4439257  0.03748046],[9.11752979],[2.88772658 8.66317974 0.91919192],[8.31128781],[0.20652808]
96,[ 1.36412554 -8.79651774 -0.15248158],[1.95395156],[2.9511931  8.8535793  0.93939394],[8.65608885],[0.24686084]
97,[ 0.88151144  1.51554514 -0.06748784],[0.69508385],[3.01465962 9.04397885 0.95959596],[9.00340538],[0.296339]
98,[-2.05180986 -4.25529837 -0.94736969],[4.06437344],[3.07812614 9.23437841 0.97979798],[9.3525464],[0.3558968]
99,[-0.89288132 -3.05213948 -0.81160911],[0.84327114],[3.14159265 9.42477796 1.        ],[9.70277852],[0.42645352]
100,[ 1.19788204  5.71389517 -0.6714719 ],[1.50676163],,,
101,[-0.74001753 -0.19483204  0.31019172],[0.40884149],,,
102,[ 0.40372135 -6.0465373   0.42831523],[0.10666614],,,
103,[-1.87102544 -2.21138103  0.20761573],[3.4016758],,,
104,[0.30019477 2.23694376 0.86082112],[0.22706916],,,
105,[-2.49653773 -8.24687395  0.84131372],[6.39527204],,,
106,[-1.43004074  4.32904262  0.54675455],[1.88331147],,,
107,[ 2.21683581 -2.43464882  0.19865343],[4.76900747],,,
108,[-1.03573078 -5.18467292 -0.2620618 ],[1.02101308],,,
109,[-0.24114788 -3.36311858 -0.91522165],[0.02497106],,,
110,[ 0.33558793 -4.99321718  0.31593711],[0.13739574],,,
111,[-0.50564245 -4.42044351 -0.9170144 ],[0.31362239],,,
112,[ 0.51770709  5.33424445 -0.86235574],[0.27577307],,,
113,[ 2.94316565  1.05682712 -0.84743202],[8.71112803],,,
114,[-0.7407692  -7.79998025  0.94237608],[0.56909946],,,
115,[ 0.07442578 -8.56184554  0.57535601],[0.08134907],,,
116,[ 2.55094998 -1.86792662  0.43082226],[6.44652063],,,
117,[ 2.45571322 -6.64994869  0.28258766],[6.01318167],,,
118,[ 0.8767889  -8.23439594 -0.33546722],[0.71849283],,,
119,[-1.59356296  8.39158413 -0.29693374],[2.44667576],,,
120,[-0.14144363  3.42355134  0.9361364 ],[0.10130038],,,
121,[-2.23310573  3.42524069 -0.65562304],[5.21991562],,,
122,[-1.45386552  1.29982133  0.24720221],[2.13783686],,,
123,[ 2.29749174 -8.25091089 -0.96243329],[5.20844095],,,
124,[0.88751701 0.15677751 0.66754338],[0.85661624],,,
125,[ 0.21243285 -6.89980482  0.81387891],[0.19093133],,,
126,[ 2.92209093 -3.05999309  0.68382316],[8.62054575],,,
127,[ 3.01111901 -5.5662221  -0.10244157],[9.0982042],,,
128,[-0.57471345 -6.28074394 -0.57058338],[0.37303269],,,
129,[-0.05533118  2.93470376 -0.26250345],[-0.06160328],,,
130,[1.24810116 2.62912256 0.78354031],[1.38373226],,,
131,[-3.01505088  4.95961327 -0.11094905],[9.06278257],,,
132,[ 1.38644687 -6.52900804 -0.05181368],[1.97012739],,,
133,[-2.52866441 -2.3946603   0.34662475],[6.5401148],,,
134,[1.68994437 3.33066024 0.82260662],[2.94450124],,,
135,[-3.02075217 -5.04214153 -0.73989659],[9.11670286],,,
136,[ 0.30238902 -2.20079924  0.30103548],[0.08973096],,,
137,[-2.37131528 -9.22517097  0.43346609],[5.5635134],,,
138,[-0.02681959  4.51970053  0.04074928],[0.03883152],,,
139,[-1.59180994 -8.11047928  0.48657907],[2.5159398],,,
140,[ 3.02315329 -4.79096683 -0.31888847],[9.1103495],,,
141,[-0.11642202  0.06787767 -0.11326576],[0.0089521],,,
142,[ 0.34727207  3.19987502 -0.76823194],[-0.01125381],,,
143,[-1.17063833  9.02999296 -0.2069241 ],[1.44781966],,,
144,[-2.93094678  1.50279315  0.36251076],[8.50806491],,,
145,[-0.45994106 -7.24620515  0.07657161],[0.27378187],,,
146,[-1.77816754  3.7146835  -0.38464154],[3.10079586],,,
147,[ 1.51230832  1.13365483 -0.34344965],[2.16010192],,,
148,[-1.81005241  6.36474923  0.9215532 ],[3.3421153],,,
149,[-3.10818998  1.96505892  0.66090452],[9.86443159],,,
150,[ 0.08193023  9.02797022 -0.1874968 ],[0.08655986],,,
151,[-1.12067144  9.16590219 -0.7806947 ],[1.13606157],,,
152,[ 0.28339956  1.74591841 -0.17530558],[0.11752057],,,
153,[ 1.93768819 -3.79005657 -0.333221  ],[3.61738105],,,
154,[ 0.34288578 -4.47742251  0.35439222],[0.06989883],,,
155,[ 0.49796784 -4.0828556   0.78049273],[0.28779257],,,
156,[-2.6732037  -3.84931852 -0.69781409],[7.05185761],,,
157,[-2.9758782  -4.51696584 -0.33692657],[8.72868428],,,
158,[-3.10014734 -0.45841838  0.37167512],[9.48705038],,,
159,[-2.55856562 -6.45919045  0.87422587],[6.65604652],,,
160,[ 0.9074351  -7.97802041 -0.72661079],[0.84857508],,,
161,[ 0.55043659  8.55032124 -0.32876575],[0.19626701],,,
162,[-3.0991655  -0.56069707 -0.72564077],[9.47354919],,,
163,[ 2.21359185 -5.33506666  0.48721443],[4.79600278],,,
164,[-2.00168346 -3.2052674   0.15645536],[3.90323769],,,
165,[0.06557095 2.71213725 0.45137446],[0.19820811],,,
166,[-0.72034253  4.15525089 -0.17187009],[0.62311158],,,
167,[-2.34640044 -2.62375244  0.73150794],[5.39133501],,,
168,[-0.04536559  4.96906856 -0.7108472 ],[-0.04220767],,,
169,[-2.31102302 -6.4547423   0.61723437],[5.24061404],,,
170,[-2.16007481 -9.37364099 -0.37635997],[4.48149979],,,
171,[-1.87100658 -6.84612545 -0.73641862],[3.49385434],,,
172,[ 1.80603722  8.29393741 -0.42432757],[3.42189831],,,
173,[-0.16880343  0.13274007 -0.26535618],[0.17388456],,,
174,[-1.74672222 -7.19576065 -0.59816857],[3.02519747],,,
175,[ 1.15453174  8.52202992 -0.51965588],[1.27911827],,,
176,[-0.75215522  5.19834932  0.1906506 ],[0.5829363],,,
177,[ 1.61299485 -7.2402246   0.32391458],[2.60644998],,,
178,[-3.1136839  -1.34507091  0.21555225],[9.89017242],,,
179,[-0.46753486  7.82701438  0.41042601],[0.16258443],,,
180,[ 1.7143428   8.35118855 -0.14446848],[2.79214891],,,
181,[0.71399712 4.47925772 0.82980446],[0.51248518],,,
182,[-0.24318648  0.86450458 -0.94825929],[-0.0166961],,,
183,[-0.39895213  8.16554875 -0.28644713],[0.2302298],,,
184,[ 0.275833   -4.00099643  0.32269317],[0.26210005],,,
185,[ 3.10177398  0.40550347 -0.35470681],[9.69436171],,,
186,[ 2.10621251 -1.53145106  0.6661622 ],[4.44496427],,,
187,[ 1.14498688 -0.48285231  0.96715299],[1.3582814],,,
188,[ 0.94646142  5.94304149 -0.90853043],[0.8189163],,,
189,[-1.39340432 -2.93999825  0.47214229],[1.88365747],,,
190,[ 0.96058399 -1.77925465 -0.68969343],[0.81882406],,,
191,[-1.30319456 -6.36267096  0.96989318],[1.74263529],,,
192,[ 1.99834535  9.37121211 -0.26499769],[3.96320811],,,
193,[-1.8936811  -4.93654179 -0.29030309],[3.67244491],,,
194,[-2.46151428  6.43150898  0.63382492],[5.91063176],,,
195,[-2.37559187  8.72863653 -0.45649229],[5.63949435],,,
196,[-2.80807323  2.0301126   0.46851852],[8.04642096],,,
197,[-3.02742097  2.03403616  0.08437389],[9.1979538],,,
198,[ 1.56658688 -4.09427732 -0.34888624],[2.4507512],,,
199,[ 0.30720294 -6.33916004  0.47297239],[0.30894391],,,
200,[-0.31928737  3.77700137 -0.22529294],[0.19328287],,,
201,[1.62098471 4.76859503 0.65387124],[2.72810128],,,
202,[0.96492143 3.18178525 0.87377438],[0.88505683],,,
203,[-2.74955739  2.62088317  0.45508642],[7.7650404],,,
204,[ 0.64081615 -7.24724115  0.91157058],[0.37469478],,,
205,[-1.57138794  5.97887316 -0.68599338],[2.4137884],,,
206,[ 1.83867665 -1.94357075  0.13788209],[3.39882245],,,
207,[ 1.95266214 -2.97754853 -0.85999845],[3.83349887],,,
208,[-2.74864477 -3.21977447  0.77382041],[7.55551681],,,
209,[-0.76177542  4.49760905 -0.89904313],[0.65558649],,,
210,[ 1.03584042 -9.34515246 -0.57763619],[1.20314114],,,
211,[-1.71242257  6.31327397  0.57289586],[2.85407115],,,
212,[ 2.4695362  -6.37695081 -0.03458426],[5.92571376],,,
213,[ 1.57222688 -0.26283275  0.87549738],[2.58579387],,,
214,[-1.89658526  0.68858902  0.11664066],[3.4466134],,,
215,[-5.77126521e-03 -8.65158033e+00 -5.93609715e-01],[0.17748287],,,
216,[-2.62941329 -6.36207229 -0.20116185],[7.04081458],,,
217,[-1.95965588 -6.27058217 -0.30944588],[3.9395825],,,
218,[-1.9113078  -8.31957311 -0.20299836],[3.74001799],,,
219,[ 2.14836257 -2.56578408  0.20611927],[4.48352276],,,
220,[-0.41687669 -2.48770266  0.88308754],[0.13239119],,,
221,[-2.64325054 -0.85952479 -0.42564888],[7.02344127],,,
222,[1.24989904e+00 1.31543211e+00 3.86962869e-04],[1.7009771],,,
223,[-0.14794993 -4.65658364 -0.05573021],[-0.01492255],,,
224,[-0.46280743 -5.95079295 -0.66283538],[0.09839958],,,
225,[-2.7765326   1.20789623 -0.04213509],[7.6614471],,,
226,[-1.40827259  0.55278125 -0.97821145],[1.94560522],,,
227,[-1.19452294  4.96184188 -0.1846018 ],[1.57035261],,,
228,[ 2.10693841 -3.32807263  0.50103516],[4.49164229],,,
229,[ 2.99130945  7.63717581 -0.52278489],[8.94272654],,,
230,[-2.02368247  1.05551698 -0.46044234],[3.9233402],,,
231,[-0.48403232 -6.14885263  0.31170467],[0.47539072],,,
232,[ 1.61427842 -7.52052454 -0.94340645],[2.74396137],,,
233,[0.50123179 5.95679873 0.08185317],[0.22739884],,,
234,[ 2.73733618 -6.50370807  0.96836658],[7.56120164],,,
235,[ 0.07326719 -8.82484549 -0.81317107],[-0.05731382],,,
236,[ 1.57392491  3.49363512 -0.42574478],[2.56587103],,,
237,[ 1.1258159  -0.42325813  0.15904641],[1.32974561],,,
238,[0.60140972 0.15370582 0.19586587],[0.34259703],,,
239,[ 0.22821202 -8.6804487   0.67574075],[0.0270789],,,
240,[-2.77926419 -1.1052505  -0.69952841],[7.60445633],,,
241,[ 2.25452931 -0.76986622  0.04324663],[5.06281297],,,
242,[ 1.85350165 -3.69053967  0.44830341],[3.49028886],,,
243,[ 0.71318647  5.78946779 -0.18135328],[0.58534371],,,
244,[-0.33730443 -3.36171444 -0.2988641 ],[-0.02225501],,,
245,[ 0.9715756   0.43444356 -0.85481486],[1.04917303],,,
246,[2.12746293 5.61495728 0.25700497],[4.7176152],,,
247,[-2.37578009  2.72631709 -0.04189505],[5.68265282],,,
248,[-0.24503179 -3.19153585 -0.10742689],[0.15242021],,,
249,[2.63962717 5.20287646 0.46255253],[6.96868597],,,
250,[1.84352768 2.85581832 0.59703812],[3.41142693],,,
251,[-1.83521963 -4.0503576  -0.50528511],[3.38923623],,,
252,[-2.61668593 -6.54960683  0.58757596],[7.01629223],,,
253,[ 0.18140987 -3.13681232 -0.14003897],[0.14968831],,,
254,[ 0.18658053  6.76792196 -0.89588132],[0.1072728],,,
255,[1.67636316 9.03109234 0.49380024],[2.96742762],,,
256,[ 0.2106244  -7.47608158 -0.54831073],[0.09225937],,,
257,[0.71782462 6.95971119 0.43437622],[0.61196023],,,
258,[-1.27395595 -3.91710024 -0.43203671],[1.50663962],,,
259,[-2.05642626 -7.1830608   0.04697346],[4.15080637],,,
260,[ 1.48443964 -8.29699427  0.02468179],[2.16122812],,,
261,[ 2.34869281 -7.80203003  0.7156926 ],[5.51179651],,,
262,[-1.45948346 -4.08785196  0.79576909],[2.07918214],,,
263,[2.37418384 8.36238304 0.86300651],[5.76209099],,,
264,[-1.08700384  3.94849548  0.03322236],[1.11241944],,,
265,[ 2.27599192  0.04815526 -0.12487725],[5.30995631],,,
266,[ 3.03984591 -8.79826692 -0.91355272],[9.20959777],,,
267,[1.52003287 6.88456595 0.10894813],[2.20176523],,,
268,[-0.2593617  -5.9393295   0.27382517],[0.17169577],,,
269,[ 3.05704052 -7.81766403 -0.9126716 ],[9.37662482],,,
270,[-1.9879076   1.96112153  0.53876554],[4.1499733],,,
271,[ 1.75216365  3.99007512 -0.51231633],[2.99583211],,,
272,[ 1.61299111  0.63810646 -0.89668449],[2.67979199],,,
273,[1.16625768 1.83756362 0.16971253],[1.16661726],,,
274,[ 0.74763135  5.05512271 -0.16713285],[0.65940936],,,
275,[0.8264709  5.31375623 0.93726321],[0.62197353],,,
276,[0.94628193 5.35399617 0.75276724],[0.85636585],,,
277,[2.53945569 6.58249287 0.55451918],[6.42708248],,,
278,[-1.63550683  5.5872426   0.80908639],[2.60951222],,,
279,[-0.01147283  3.69335139  0.46061662],[-0.17930046],,,
280,[-2.80145557 -4.89088225  0.15818095],[7.80883394],,,
281,[2.32658776 2.00738177 0.42527321],[5.47210283],,,
282,[-3.05435115  6.45359587  0.07064136],[9.2689545],,,
283,[ 1.69104901  6.9973244  -0.80475708],[2.85064726],,,
284,[ 2.57752628  6.80375294 -0.0942055 ],[6.74782246],,,
285,[ 1.5475757  -3.78270697  0.68194939],[2.33499921],,,
286,[-2.92412654 -1.33655433 -0.47706938],[8.52233247],,,
287,[-2.13118566  8.26100707  0.9943978 ],[4.60794052],,,
288,[-0.0037366   1.02794294  0.99280855],[-0.04038451],,,
289,[0.68291933 7.24040744 0.91609924],[0.39362747],,,
290,[ 1.17687544  8.86568727 -0.72681892],[1.19365637],,,
291,[-0.58966518  4.52491242  0.66659855],[0.38007576],,,
292,[-0.51885004  7.28925414 -0.32574866],[0.25495039],,,
293,[ 1.84801107 -8.67516324 -0.62031246],[3.33949515],,,
294,[-3.08917619  3.70826579 -0.93235337],[9.43493322],,,
295,[ 0.37743611  2.03633936 -0.52680869],[0.49276288],,,
296,[2.16825393 2.42551571 0.99052836],[4.64036177],,,
297,[ 2.75413575  7.08496664 -0.11139041],[7.36668695],,,
298,[ 1.72530721 -3.68952289  0.69936151],[3.12463861],,,
299,[-2.85979111 -5.69454953 -0.55750863],[8.30270802],,,
300,[-1.34903375 -0.80243592 -0.20076542],[1.89705983],,,
301,[-0.20779857  2.29936726 -0.73500559],[0.00130373],,,
302,[ 0.652969    9.08751273 -0.21510923],[0.43930984],,,
303,[-2.46455032 -7.74636384  0.80149749],[6.05447189],,,
304,[ 3.09168152 -2.1128909  -0.50225245],[9.52116892],,,
305,[-3.10719749 -7.79631014 -0.90284419],[9.63573963],,,
306,[ 0.27400272 -4.20163823 -0.63363336],[0.02004875],,,
307,[-1.02844517  0.3913167  -0.79311318],[1.08745344],,,
308,[-1.1283679  -0.78114138  0.81243486],[1.48059178],,,
309,[2.1679145  5.50220845 0.19935826],[4.63147821],,,
310,[-2.58833993 -2.91945931  0.90663785],[7.04919002],,,
311,[-0.06747558 -4.98919629  0.54440705],[-0.03143583],,,
312,[ 1.73568547  5.71027511 -0.23862963],[3.1534952],,,
313,[2.25283045 4.30322413 0.70576337],[5.00579613],,,
314,[-1.7097252  -1.53322643  0.80919279],[2.91432312],,,
315,[-2.24172844  4.99711765 -0.1075081 ],[5.07635373],,,
316,[-2.43853599  0.83621184  0.54251631],[5.95852523],,,
317,[-1.43459911 -0.0234938  -0.16850989],[2.18450023],,,
318,[-0.92892821 -5.75397015 -0.01235161],[0.73045997],,,
319,[-2.0296997   3.13773646 -0.2455224 ],[4.16111278],,,
320,[-0.52531304  1.15778735  0.9353357 ],[0.25288959],,,
321,[-0.65932673  1.36899305  0.53938432],[0.38944409],,,
322,[-2.61726912  6.6786193  -0.39432347],[6.9183015],,,
323,[ 2.74164424 -9.21302072 -0.76719415],[7.43545423],,,
324,[ 0.58281532  7.18121791 -0.51998204],[0.37238634],,,
325,[ 0.18395245 -8.90281312  0.37245641],[0.0571268],,,
326,[ 1.13946643 -8.02145978  0.54409406],[1.50790947],,,
327,[ 0.82822121 -8.9135785   0.81866322],[0.77168269],,,
328,[1.23203045 7.89294225 0.75538263],[1.46613191],,,
329,[ 0.34567941  1.7304011  -0.40993797],[0.18599471],,,
330,[-1.49805003 -4.18678228 -0.92101015],[2.24910519],,,
331,[0.42352343 1.20668437 0.99949373],[0.06171921],,,
332,[-2.19590817  7.11947596  0.42556059],[4.88786773],,,
333,[ 1.51745986  3.35635122 -0.82069585],[2.30617295],,,
334,[ 1.09599989 -8.0312503  -0.63222835],[1.4069952],,,
335,[-1.76709215 -1.4394719   0.72216559],[3.1242267],,,
336,[-2.72330083  1.43399267 -0.74587899],[7.38330995],,,
337,[-1.40889542 -0.42855703 -0.40130765],[1.99301425],,,
338,[ 1.97664104  6.54375925 -0.21209751],[3.83259948],,,
339,[ 2.60010908 -8.38056155  0.10900982],[6.83035985],,,
340,[ 2.35584563 -1.83073979  0.85700308],[5.67869255],,,
341,[0.59509144 0.23060519 0.75961374],[0.42325784],,,
342,[-2.62923128  7.70389923 -0.66891951],[6.91211747],,,
343,[2.81555959 3.1295813  0.08814706],[7.80395621],,,
344,[-2.31613708 -8.69288784  0.85333863],[5.55010733],,,
345,[ 0.67144394 -4.10045761 -0.31921778],[0.4659909],,,
346,[ 0.98349043 -1.21183107 -0.70625506],[0.80140672],,,
347,[ 1.89409323 -7.77150974 -0.09740883],[3.61903046],,,
348,[-1.92879476  1.70299109 -0.19688885],[3.83801969],,,
349,[-2.11650717 -6.87512369  0.93402807],[4.48273303],,,
350,[-2.75819484 -6.62604788 -0.94318953],[7.53624446],,,
351,[-3.07104432 -8.80531243 -0.55115217],[9.3287587],,,
352,[-0.33335636 -1.10771503 -0.83682377],[0.14124295],,,
353,[ 1.17542418 -9.16712137 -0.47564928],[1.42933453],,,
354,[-2.10749619 -3.44120127  0.8326987 ],[4.40563974],,,
355,[-1.52304889  7.21430188  0.3526569 ],[2.43600615],,,
356,[-0.42364616  7.83734406  0.12937144],[0.31658802],,,
357,[-1.16949028  7.65495578 -0.44978513],[1.42780506],,,
358,[0.91850958 6.46770732 0.18403324],[0.69983824],,,
359,[ 1.96031599 -1.33061941 -0.07465632],[3.8231743],,,
360,[ 2.31600503  5.20727645 -0.22554513],[5.59106562],,,
361,[-0.46907739 -6.39836707  0.40364178],[0.20000743],,,
362,[ 0.32907902 -6.46291947 -0.61559104],[-0.00367796],,,
363,[-1.64191205  8.56125094  0.64673979],[2.8006507],,,
364,[3.12082648 7.94559307 0.91934181],[9.66312941],,,
365,[ 0.04677686 -6.51571266 -0.50751027],[0.16610105],,,
366,[-1.50902745  7.97081947  0.71036758],[2.11261789],,,
367,[-2.92610761 -8.71678873 -0.10485818],[8.63170954],,,
368,[-0.28012183 -3.14949497  0.10278702],[0.12253686],,,
369,[-2.08608562 -3.50146563 -0.76930085],[4.13156055],,,
370,[ 1.68067983  6.70353725 -0.47101249],[2.75029474],,,
371,[-2.25486924  1.29535316 -0.46316414],[5.14055869],,,
372,[-2.17265421  4.6733238  -0.55422086],[4.72821227],,,
373,[-0.07489103  4.42737005 -0.5219171 ],[-0.1096745],,,
374,[-1.76665723  6.75958965  0.99545902],[3.05261961],,,
375,[-0.73056063 -1.77049747  0.09838743],[0.55147603],,,
376,[ 3.10914487  6.30165054 -0.09446922],[9.80171453],,,
377,[ 2.32401866 -6.01412578 -0.35707975],[5.50785195],,,
378,[ 2.77838867 -0.60277717  0.0884606 ],[7.74082588],,,
379,[ 2.21001983  1.63039066 -0.94575573],[4.92876683],,,
380,[ 0.23795748  7.90277996 -0.98194663],[0.19002503],,,
381,[ 0.56745216 -2.97663951 -0.46299538],[0.52990843],,,
382,[ 2.063359    0.99508806 -0.03407372],[4.29966039],,,
383,[-1.11883843  8.66795815 -0.86831966],[1.26914527],,,
384,[-2.21859331  4.57294767 -0.30370184],[4.846161],,,
385,[-2.0031903  -7.25965307 -0.24950256],[3.88345344],,,
386,[-3.0728817   4.14101144  0.18591193],[9.48516051],,,
387,[ 0.36058685  3.02375925 -0.51296886],[0.02112343],,,
388,[ 1.1454529  -6.29438113 -0.5171877 ],[1.18550821],,,
389,[2.57748488 5.58148013 0.82835309],[6.56791764],,,
390,[3.07962483 8.73161391 0.21000105],[9.38099096],,,
391,[ 2.00702972 -3.94205743 -0.56515637],[4.20019534],,,
392,[ 2.05522588  2.09971577 -0.09056658],[4.21118779],,,
393,[ 0.64717877 -3.15239766 -0.18960764],[0.49647562],,,
394,[-2.84070805 -5.31810575  0.08837705],[8.11528854],,,
395,[0.57917833 0.08270288 0.23140871],[0.52460541],,,
396,[-1.75020547  5.16948601  0.53773812],[3.13900907],,,
397,[ 0.78080972  6.7136849  -0.79598362],[0.60635364],,,
398,[ 2.894118   -8.79760997 -0.09762417],[8.33450417],,,
399,[-2.1873238  -4.25648553  0.35150984],[4.62571036],,,
400,[ 0.45432148 -4.09581279 -0.74014863],[0.44848957],,,
401,[-1.31407843 -5.82013201 -0.71738688],[1.79477898],,,
402,[-0.97121118  6.33917538 -0.77678325],[0.86823348],,,
403,[-2.04352469  4.61548588  0.42206861],[4.05088701],,,
404,[-2.57190877  2.86696502 -0.17682327],[6.5498914],,,
405,[ 3.00257931  4.81762696 -0.61769107],[8.86785246],,,
406,[ 0.10657368  0.80432486 -0.77788707],[0.01478328],,,
407,[-2.01079654  4.70322766 -0.37241772],[4.20779379],,,
408,[-2.91793358 -8.35000683  0.7196621 ],[8.27021295],,,
409,[-0.50147883  4.51890567 -0.18431579],[0.18734312],,,
410,[ 0.01058083 -2.87103104  0.92126664],[0.06506727],,,
411,[ 1.77117382  8.04848162 -0.85414993],[3.14643205],,,
412,[-2.66304332 -4.86727889 -0.19794673],[7.02810443],,,
413,[-0.83117333  4.95886014  0.16812508],[0.77780565],,,
414,[1.3294191  7.04343391 0.16159723],[1.53583047],,,
415,[-0.8081103   5.77974335 -0.78330489],[0.56534433],,,
416,[ 2.05355299  0.14584472 -0.2925126 ],[4.12798694],,,
417,[-1.3253622   1.96785008 -0.27213718],[1.76250269],,,
418,[-1.47248664 -5.65109358 -0.81777462],[2.31713478],,,
419,[-1.87507    -0.3933531   0.38779834],[3.61464635],,,
420,[-2.72247516  8.25367528  0.09937959],[7.39112838],,,
421,[-1.71229159 -4.85060437  0.7782183 ],[3.25031742],,,
422,[-2.43012476 -5.47623084  0.70670557],[5.81676249],,,
423,[-2.931629    7.05084442 -0.73295776],[8.5574245],,,
424,[ 0.38429864 -1.98018966 -0.2657736 ],[0.03817228],,,
425,[ 3.09083149  7.57464202 -0.05582985],[9.49716536],,,
426,[-1.49828047  8.90560462  0.76492302],[2.30214443],,,
427,[-0.46738774 -7.27967743  0.49930158],[0.45504398],,,
428,[-1.68212849  1.32258515 -0.29336047],[2.78440886],,,
429,[-2.83443236 -5.09555566  0.53178763],[8.09088434],,,
430,[ 1.69280016 -2.34671219  0.97785588],[2.88327274],,,
431,[3.0032551  3.02149912 0.25064067],[8.99697552],,,
432,[0.35816468 3.51406694 0.21168429],[-0.04226512],,,
433,[-2.30685202  2.43923165 -0.65675082],[5.23322679],,,
434,[3.11943212 4.84920825 0.93022881],[9.77270979],,,
435,[-2.71025525 -4.12351694  0.04081488],[7.2464102],,,
436,[2.01768114 7.62574236 0.57464944],[4.02182035],,,
437,[-2.33675839  1.32855077  0.48289465],[5.43591411],,,
438,[-0.04798264 -7.83822813  0.87278882],[0.15033669],,,
439,[ 1.70795489 -3.97832232  0.37746945],[3.08513176],,,
440,[-1.41543275 -1.16251776 -0.24651824],[1.93542222],,,
441,[ 2.07837541  0.05021686 -0.141799  ],[4.2946655],,,
442,[-0.81533372  2.9592278   0.7407872 ],[0.55262014],,,
443,[ 2.33831452 -2.62068468  0.14994853],[5.37452214],,,
444,[ 0.0077467  -0.94637869  0.25181013],[-0.15573528],,,
445,[ 2.45724828 -5.68447423 -0.56662158],[6.11125282],,,
446,[-2.54165106  2.86301997  0.22901342],[6.46628665],,,
447,[ 1.19164423  1.31841667 -0.23896283],[1.39809325],,,
448,[-1.56567496 -1.22388675 -0.65907307],[2.36340711],,,
449,[-2.42366713  5.58426434  0.84851823],[5.9705308],,,
450,[ 2.57382968 -7.43397352  0.6616346 ],[6.58743489],,,
451,[ 2.58942325 -1.7201532   0.45607608],[6.76473679],,,
452,[0.72045843 6.00268144 0.57226219],[0.63282647],,,
453,[3.04968401 8.55915795 0.36086663],[9.25699046],,,
454,[-2.15269158  1.63281035 -0.59623242],[4.6989569],,,
455,[1.75032465 6.56065305 0.23437167],[3.13408016],,,
456,[ 2.19500616  0.94767644 -0.77223997],[4.98018791],,,
457,[-0.98884748  0.08047224  0.57994971],[1.02335045],,,
458,[ 2.5538745   8.0728878  -0.05790956],[6.40778279],,,
459,[ 2.12478157 -4.09608872  0.50676926],[4.45398565],,,
460,[-2.2207719  -1.13761282  0.44944756],[5.02243385],,,
461,[ 0.99068377  2.62949663 -0.90627883],[0.96645749],,,
462,[ 1.7555116  -5.18977266  0.85221625],[3.13629072],,,
463,[-0.53884528  8.7668778   0.20042001],[0.43822685],,,
464,[-1.91126444 -8.33989861 -0.33262132],[3.66564018],,,
465,[ 0.72467426 -1.31052888 -0.65260706],[0.62026036],,,
466,[ 1.98127672  7.08075653 -0.16882108],[3.82572165],,,
467,[-1.39369747  3.28921434 -0.70975929],[1.86124346],,,
468,[ 2.99042986  3.84474895 -0.53572668],[9.06020819],,,
469,[-2.30831875  8.68404082  0.16357046],[5.24409589],,,
470,[ 0.81513548 -2.11201718 -0.89593915],[0.7458721],,,
471,[-0.89358819 -0.36806165 -0.5806419 ],[0.93947625],,,
472,[ 0.16829349 -5.19464393 -0.87861181],[0.11392864],,,
473,[ 0.55074655 -7.65782685 -0.85099129],[0.22297125],,,
474,[-2.78991127 -6.32631274  0.32133676],[7.77137314],,,
475,[0.76272753 4.57050127 0.36213293],[0.5480287],,,
476,[-0.05668468  1.95544542 -0.03748099],[0.0766401],,,
477,[-0.46264141 -8.61508676 -0.65840589],[0.09026704],,,
478,[-2.94632642  7.42827837  0.87871539],[8.57494763],,,
479,[-2.25107731  1.90504747 -0.18597155],[5.11867282],,,
480,[-2.3411073  -8.34950542  0.28947137],[5.38290397],,,
481,[-2.51561015 -4.67515989 -0.71239536],[6.4773905],,,
482,[-1.18765608 -8.65752782  0.85544903],[1.4877315],,,
483,[ 1.91739516  6.57149489 -0.89161981],[3.70615847],,,
484,[ 0.39586693 -1.16090254 -0.97570075],[0.15398969],,,
485,[-1.24800065 -8.66258608  0.4048487 ],[1.67723287],,,
486,[-0.25735076 -5.73399183 -0.90615965],[-0.08342399],,,
487,[-1.61718557  1.89294748 -0.06557477],[2.580197],,,
488,[-2.86455809 -8.32328605  0.58698618],[8.06250616],,,
489,[-0.87447778  1.0597834  -0.63804871],[0.73725137],,,
490,[3.08756251 1.80388834 0.07367782],[9.51425417],,,
491,[-0.56676937 -1.21763368 -0.72085455],[0.09125084],,,
492,[-2.18525782  0.53853666 -0.9611052 ],[4.80217843],,,
493,[-0.11673159  1.6329175  -0.46139996],[-0.04600466],,,
494,[ 1.68901501 -0.57518366 -0.07706646],[3.01817463],,,
495,[-1.42617874 -6.74795255  0.02479678],[2.03111476],,,
496,[0.29893769 5.95222567 0.69296249],[0.08423538],,,
497,[-1.75441925  0.36624389  0.940205  ],[3.2347625],,,
498,[-3.07094634  5.88321352  0.13306228],[9.36856669],,,
499,[ 0.39488002 -8.0373455  -0.12782794],[0.05064107],,,
500,[0.41782767 0.36621629 0.65744336],[0.16254632],,,
501,[ 1.34300822  5.11257881 -0.58891663],[1.92558701],,,
502,[2.90847707 8.28712474 0.56581796],[8.51356948],,,
503,[ 2.9754271  -5.97890721  0.1387547 ],[8.86398321],,,
504,[ 1.25791246  4.10952867 -0.54070724],[1.74423784],,,
505,[ 2.00631623 -3.27947077  0.67592819],[3.98671865],,,
506,[-2.49492145 -2.84181643  0.16538432],[6.39783376],,,
507,[ 2.57057503 -0.27182508 -0.1773393 ],[6.77323682],,,
508,[-3.10504886 -1.92748317 -0.79605685],[9.59683085],,,
509,[-3.05489221 -3.87736919 -0.53828361],[9.28492332],,,
510,[ 1.36102037 -3.96320185 -0.57061733],[1.9042304],,,
511,[ 3.02530245  3.4536976  -0.95984046],[9.29799695],,,
512,[-0.76390596 -7.52500513 -0.83741322],[0.79692287],,,
513,[2.8388363  3.64387502 0.86112668],[8.03766426],,,
514,[ 2.97236627 -8.69334147 -0.51728374],[8.8454134],,,
515,[-1.03636227  7.65567996 -0.60492862],[1.23215335],,,
516,[-3.01829413  5.27594263  0.22875844],[8.97632842],,,
517,[-2.12002111  8.66549199 -0.84313905],[4.50441476],,,
518,[-1.42567783  2.0099009   0.038396  ],[2.03068899],,,
519,[-1.73359677 -0.48868265  0.1245524 ],[3.0212513],,,
520,[-0.61800575 -1.63433979 -0.82307442],[0.34424499],,,
521,[-0.20371616  1.20539666  0.10749932],[-0.04684245],,,
522,[-2.25893212  7.48649721 -0.42255074],[4.97417598],,,
523,[ 0.31355433  5.91969924 -0.75146518],[0.14049712],,,
524,[ 2.79951089 -7.66602803 -0.35195608],[7.65236174],,,
525,[-0.63970255 -7.6346173  -0.70818749],[0.42554052],,,
526,[ 2.18910008 -9.09036027 -0.53726259],[4.80245644],,,
527,[-0.84980188 -3.21108487 -0.12341157],[0.79052333],,,
528,[-1.35005636 -0.5323378   0.50607774],[1.76332332],,,
529,[ 1.12539759 -8.28355862  0.86766299],[1.48119092],,,
530,[ 0.22181956 -5.16171671 -0.7880145 ],[0.03393468],,,
531,[ 2.00772115  6.78581709 -0.67338861],[4.12794486],,,
532,[2.46247774 6.20719625 0.9287927 ],[6.15912534],,,
533,[ 0.97385941 -7.6517099   0.43509398],[1.00686997],,,
534,[0.20606505 5.89053548 0.41496191],[0.01473674],,,
535,[ 2.412632    3.88211591 -0.39171282],[5.87604896],,,
536,[-2.56306389 -7.87308768  0.42085643],[6.48611742],,,
537,[ 0.87988544  2.86446896 -0.82752874],[0.7971568],,,
538,[-0.08378871  6.63552057  0.26954912],[-0.00821715],,,
539,[-0.26789019 -4.08665481  0.68591679],[0.01075231],,,
540,[ 0.89352794  6.19226811 -0.62621322],[0.77287559],,,
541,[-1.97515972 -8.48247863  0.4362363 ],[3.82199176],,,
542,[-2.8031489  -6.69299416 -0.07297218],[7.80505053],,,
543,[-2.7463135   7.27879043  0.11493068],[7.46933805],,,
544,[-1.43928698 -5.30850085  0.89111402],[2.14648622],,,
545,[-1.91449163 -4.53254933  0.70403324],[3.56783929],,,
546,[-1.80563052  5.97979908 -0.77740198],[3.21237069],,,
547,[-2.81663138 -0.70392516  0.91089642],[7.90479304],,,
548,[-1.02277817  4.99593796  0.8362566 ],[1.08606619],,,
549,[ 0.58945948 -0.98868349 -0.62538086],[0.34652391],,,
550,[-2.24457665 -8.50081532 -0.44692177],[5.0374145],,,
551,[-1.26649132  8.45455654  0.61024689],[1.57756831],,,
552,[ 1.10968919 -4.17689422 -0.63240777],[1.35704222],,,
553,[ 0.23862851 -4.67124487  0.62132036],[0.20367403],,,
554,[-1.01409754 -5.47602948  0.61041836],[0.96633493],,,
555,[ 2.89170539 -5.51628124  0.44593756],[8.34644293],,,
556,[-0.52959472 -7.53149129 -0.87773357],[0.23482515],,,
557,[1.77504294 4.6609217  0.53019085],[3.34280665],,,
558,[-3.09316838 -1.68508242 -0.78760655],[9.47163553],,,
559,[ 2.34747937 -3.37752298  0.98450492],[5.82660962],,,
560,[-2.81263835  5.63225649 -0.44593424],[8.14413741],,,
561,[-2.47189253 -7.78830683 -0.76053728],[6.12598537],,,
562,[-1.98770862 -6.50911564  0.12706942],[3.88771809],,,
563,[-2.36914577  2.64638086 -0.85014209],[5.44689919],,,
564,[-1.04346444 -4.69708082  0.20578635],[1.26037318],,,
565,[0.40411846 3.04462522 0.78712254],[0.15382182],,,
566,[1.7912963  0.04713733 0.53250609],[3.18216334],,,
567,[ 0.05307729  5.42534154 -0.07652456],[-0.1293245],,,
568,[-1.41547026 -3.66528407  0.79610148],[2.01954159],,,
569,[-2.91931422  0.14213866  0.52450066],[8.59503419],,,
570,[ 1.91041651 -0.61113238  0.82449934],[3.71689342],,,
571,[-0.66523834  0.72954908  0.84682443],[0.29304555],,,
572,[-1.60872511 -8.18410137 -0.25885312],[2.68497809],,,
573,[ 0.07354623  8.68966581 -0.26589261],[-0.03394682],,,
574,[-0.73516911  0.71519107 -0.0518983 ],[0.59749159],,,
575,[-0.24729903 -5.29998267 -0.47275423],[0.11497413],,,
576,[ 0.2354712  -6.14652591 -0.67852133],[-0.09241501],,,
577,[-3.01835172 -1.09087199 -0.76183506],[9.20767727],,,
578,[ 0.3331751  -7.10142457 -0.72404673],[0.2165716],,,
579,[ 1.66079476 -6.46500312 -0.64763612],[2.75188054],,,
580,[-2.61221453  4.68545679 -0.09732027],[6.70417397],,,
581,[-1.73929589 -5.10686165 -0.19668303],[2.99125877],,,
582,[-0.85457943 -7.86880499  0.64059769],[0.76707822],,,
583,[-0.39812572 -7.31465943  0.39004394],[0.10159086],,,
584,[-2.24429688  5.42067384 -0.94833812],[5.1967607],,,
585,[-2.43807009  5.0182409  -0.95740447],[5.88135421],,,
586,[-1.61509628  0.29022208  0.03718463],[2.5859399],,,
587,[-0.1294036  -5.92529287  0.94679157],[-0.00186633],,,
588,[-0.33128102  8.32721903 -0.16696325],[0.08844876],,,
589,[-0.20407107  3.54117167 -0.03059006],[-0.22297414],,,
590,[ 3.01901702  3.3267381  -0.1390617 ],[9.08504938],,,
591,[-0.42629246  0.37573881  0.67961425],[0.16014048],,,
592,[-2.20129192  5.18476952 -0.94025116],[4.95445441],,,
593,[2.87085499 5.783678   0.6365754 ],[8.27099909],,,
594,[-2.95896188 -0.19108728  0.0609764 ],[8.67514527],,,
595,[ 1.84520738 -3.33554927  0.73225231],[3.41965692],,,
596,[-2.44437127 -9.01623797 -0.17746538],[6.05478366],,,
597,[-0.33959904 -6.84444277  0.14988695],[-0.02003609],,,
598,[-1.50204241 -2.85318071  0.23181313],[2.38612916],,,
599,[-2.89408613  0.24675014  0.54721054],[8.39951996],,,
600,[ 3.09614764 -6.17347671 -0.15564724],[9.60307484],,,
601,[-3.06190371 -8.39952199  0.94749271],[9.37391788],,,
602,[ 2.84501035  4.42490805 -0.35184157],[8.14736836],,,
603,[ 2.33079787 -6.72916181  0.9760706 ],[5.43707256],,,
604,[-2.79151763  7.15263812 -0.1983888 ],[7.67866266],,,
605,[-0.19728482  8.1517209   0.81631269],[0.00034896],,,
606,[-2.61862285 -6.37323921  0.58717754],[6.813522],,,
607,[-2.03788671 -7.05615721  0.09701886],[4.08268571],,,
608,[-3.13949782  3.73380844  0.88506917],[9.76397192],,,
609,[ 1.16388289  6.21912952 -0.26959775],[1.40949229],,,
610,[0.52151325 3.31035389 0.78550896],[0.3091394],,,
611,[-1.72124572 -5.62813467 -0.63010289],[3.08910564],,,
612,[ 0.57233211 -1.58904601 -0.89831875],[0.39654383],,,
613,[1.09086342 0.92448464 0.4024636 ],[1.1001377],,,
614,[1.3426141  5.43625462 0.75974626],[1.83424858],,,
615,[-2.93582833 -6.57945499 -0.33739816],[8.52069594],,,
616,[ 1.95363591 -8.76030736 -0.90021385],[3.76461421],,,
617,[-1.88019893 -6.54826475 -0.29393486],[3.47840832],,,
618,[-2.70636779 -7.09236181 -0.75077683],[7.32744071],,,
619,[2.1836911  7.92386599 0.39657588],[4.89452809],,,
620,[-0.39962113 -1.35003558 -0.04064057],[0.08697033],,,
621,[ 0.60054508 -7.94301639  0.16118878],[0.24134768],,,
622,[-2.84323561 -9.03600861  0.78452311],[8.07390978],,,
623,[ 0.08137709 -5.42482459  0.36948565],[-0.1000009],,,
624,[ 1.23085357  3.35807061 -0.99929045],[1.60155205],,,
625,[ 0.10959404 -7.02513566 -0.09588634],[-0.06721963],,,
626,[ 2.01301277  2.4519988  -0.58829038],[4.06628965],,,
627,[-1.56217242  7.64710468 -0.92919624],[2.52766317],,,
628,[ 3.02420108 -8.15763945 -0.38562213],[9.12776094],,,
629,[-2.10022133 -8.96299396 -0.791721  ],[4.40383125],,,
630,[ 2.34122314 -3.50770306 -0.22893565],[5.35862217],,,
631,[-2.89473661  2.48932365 -0.79484809],[8.28818176],,,
632,[ 0.14649311 -1.32425308  0.92069983],[0.03482281],,,
633,[2.41939455 0.79794276 0.91258157],[5.82615386],,,
634,[ 0.45572317 -9.26596442  0.36978362],[0.31963601],,,
635,[ 3.12992988 -1.5837399  -0.61322884],[9.79091014],,,
636,[ 1.94467536  5.17247793 -0.11727857],[3.73704098],,,
637,[-1.71854237 -0.20073734 -0.34090006],[2.93443318],,,
638,[ 2.90159238 -3.08621202 -0.45123442],[8.29532824],,,
639,[ 2.05811401  8.28302376 -0.52234916],[4.1896479],,,
640,[-2.77818462  8.36080679 -0.77931669],[7.74871676],,,
641,[-0.03221753  2.24816473  0.31850403],[0.10747868],,,
642,[-1.85323044  4.77101266 -0.84511632],[3.35962521],,,
643,[ 0.26744625 -3.42592665  0.58352791],[0.11886218],,,
644,[ 0.70183997 -8.70908257 -0.61019345],[0.46379959],,,
645,[-1.20916772  7.37457909 -0.58486865],[1.37010758],,,
646,[ 2.22192148  0.99094505 -0.58601917],[5.00151223],,,
647,[-1.47098994  1.28110165 -0.34122188],[2.21760213],,,
648,[-0.09612816 -0.82808176 -0.89546094],[-0.00512949],,,
649,[-3.04238784 -5.65983879 -0.60012888],[9.21084385],,,
650,[ 0.55817507  4.33642769 -0.99202517],[0.28310103],,,
651,[0.78555892 5.86489642 0.0272527 ],[0.71701748],,,
652,[ 0.20600982 -0.77662307 -0.20874712],[0.13101302],,,
653,[2.64230823 0.45216349 0.28347093],[7.02853807],,,
654,[-2.58578349  1.71346836  0.05705004],[6.65543609],,,
655,[ 2.08847125 -0.33877898 -0.61435882],[4.39760852],,,
656,[-2.076265    2.58079381  0.7926684 ],[4.28602041],,,
657,[0.07827728 5.56637424 0.90050097],[-0.10470373],,,
658,[2.6588877  2.21161543 0.46516195],[7.18265789],,,
659,[ 2.12438652 -1.25016087 -0.45104678],[4.62270317],,,
660,[0.48506369 5.96833095 0.12694635],[0.20228977],,,
661,[ 1.66438535 -3.95323962  0.62445855],[2.71064033],,,
662,[-1.35745348 -3.36681418  0.86713386],[1.73032116],,,
663,[-2.5842182  -2.79679148 -0.41294042],[6.51926845],,,
664,[-0.42498004 -0.55486773 -0.91252689],[0.05606964],,,
665,[-2.43604069  0.03221226 -0.12264159],[6.07012043],,,
666,[-1.74625376  5.62803933  0.75776182],[3.09940941],,,
667,[-2.69697995 -9.39155669  0.95902778],[7.40501107],,,
668,[-2.89975115 -1.02524141 -0.46389761],[8.41736303],,,
669,[-2.39279471  5.13904403 -0.03554197],[5.68559999],,,
670,[0.06390112 7.39934674 0.7170539 ],[-0.05469673],,,
671,[-1.13074679  5.90903481 -0.19128464],[1.11985273],,,
672,[ 1.87580004 -2.13674832  0.56274565],[3.48785665],,,
673,[ 0.33016476 -7.47287065  0.9748637 ],[0.12763329],,,
674,[ 1.45142584 -3.83362909 -0.55861579],[2.02490748],,,
675,[ 1.35333187 -8.45105681 -0.20326075],[1.97576029],,,
676,[-1.17086131 -4.15696258  0.85032036],[1.39630179],,,
677,[ 1.00109396 -3.11440423 -0.85687066],[0.91847292],,,
678,[ 1.82919282 -5.12008345 -0.56562123],[3.49324429],,,
679,[-1.61035344  1.60422182  0.86708181],[2.61908903],,,
680,[ 2.25382114 -3.97718436  0.34580229],[5.07732906],,,
681,[-2.56940074  7.66574194 -0.72578682],[6.68105275],,,
682,[ 0.90957551  4.70848851 -0.39425138],[0.84300128],,,
683,[0.72167455 3.1256386  0.37453089],[0.44981924],,,
684,[ 1.60588788 -9.05359409  0.74698565],[2.58394278],,,
685,[-1.81327511  0.86393043  0.36796202],[3.18375055],,,
686,[ 1.6838065  -3.71033764 -0.88919535],[3.00080345],,,
687,[-0.8891555   3.52781598  0.08073296],[0.76407738],,,
688,[-1.69691795 -5.62580825 -0.95325469],[2.91056313],,,
689,[-2.93434267  6.82009593  0.21859638],[8.7671398],,,
690,[ 0.56012108 -1.96893658  0.98974021],[0.25418383],,,
691,[ 0.29521346 -8.70818969 -0.30576208],[0.06849863],,,
692,[ 1.63069786 -2.56905528 -0.09586565],[2.64402532],,,
693,[-0.20398417 -4.14540265 -0.40044842],[0.08936709],,,
694,[ 3.05765002 -4.62365604 -0.48002306],[9.54728116],,,
695,[-1.02393227 -8.3139043   0.98856481],[1.01670937],,,
696,[-2.36297065 -4.89001008 -0.74634905],[5.6087499],,,
697,[-1.08071871 -2.34088294  0.31188012],[1.14652112],,,
698,[-1.67828281 -1.35685801  0.90632019],[2.68046408],,,
699,[-2.86478063 -0.98477231  0.62524311],[8.09360922],,,
700,[-0.56461202 -5.86672649  0.08606203],[0.33751791],,,
701,[ 2.97139113 -1.41804791 -0.50077567],[8.72918984],,,
702,[ 0.25181352 -9.23925622  0.07541317],[0.055797],,,
703,[-2.89142459 -7.18443935 -0.8581134 ],[8.29156276],,,
704,[-1.75327267  0.07818686  0.53485454],[3.09792027],,,
705,[ 0.51127573 -7.482258    0.01492731],[0.26214263],,,
706,[ 2.64484444 -8.4534079   0.10650992],[7.00970634],,,
707,[-1.6926465  -8.60178054 -0.86366939],[2.6929021],,,
708,[0.82944329 6.0821006  0.85575568],[0.53103052],,,
709,[-0.14342136  9.25178374  0.68557828],[0.06847788],,,
710,[-0.02103902 -7.94574983  0.68602843],[-0.00281976],,,
711,[ 1.10435975  2.84478    -0.91483912],[1.32932316],,,
712,[-2.36791618  9.40212639 -0.9863833 ],[5.67875488],,,
713,[-3.11335435  1.87165621  0.15813559],[9.64784113],,,
714,[-3.05741888  8.86468002  0.93036871],[9.32562178],,,
715,[ 1.21844922 -6.6443822   0.89344294],[1.42481645],,,
716,[ 1.31112726 -2.02518797 -0.40437667],[1.73886924],,,
717,[-2.51761242  4.7672421   0.3397206 ],[6.45580433],,,
718,[-0.65857703  8.36895926  0.97787226],[0.5042584],,,
719,[0.79604684 4.88285195 0.05492171],[0.82399103],,,
720,[-2.11915668 -2.06903224  0.35305924],[4.61862299],,,
721,[ 2.0959889  -3.12712486  0.44201607],[4.4250103],,,
722,[-0.34574452 -7.13794666  0.64789782],[0.12869841],,,
723,[-2.64657995  4.17250867  0.61825451],[7.13395009],,,
724,[-0.6441353   3.76636986 -0.09874371],[0.31409691],,,
725,[ 2.89689974  6.88002955 -0.85066647],[8.2970322],,,
726,[ 1.74025165  8.84204151 -0.75649146],[3.05468963],,,
727,[-2.77387659e+00 -8.21051953e+00  7.50481233e-04],[7.64005384],,,
728,[ 2.40792097 -5.03887904 -0.55780047],[5.69700598],,,
729,[-0.00977954 -5.06999552 -0.36374309],[-0.12950907],,,
730,[-1.19764209 -1.3897616  -0.195922  ],[1.51445882],,,
731,[2.28452068 1.59898671 0.41697715],[5.12031195],,,
732,[-2.03099671 -9.05663365  0.27486592],[4.02757335],,,
733,[ 2.930785   -1.44840364  0.15186017],[8.55959091],,,
734,[-1.00715252  6.06450522  0.82368503],[1.00540391],,,
735,[-1.33345781  0.23641559 -0.3394155 ],[1.95696133],,,
736,[ 2.11969731  2.65506106 -0.58003938],[4.70282474],,,
737,[1.53317828 5.43155066 0.96088676],[2.49544572],,,
738,[0.46875592 4.27362356 0.29797435],[0.28001114],,,
739,[ 3.01698203 -0.90876523 -0.3418972 ],[9.16646831],,,
740,[ 2.57214987 -7.84855123  0.60062017],[6.57127156],,,
741,[ 2.25520728 -1.80656811  0.66306309],[5.05256076],,,
742,[ 1.45558789 -2.60743261  0.33990763],[2.11292553],,,
743,[ 1.60936998  6.8576567  -0.06728178],[2.70315783],,,
744,[ 2.82448559 -1.81960363  0.10595732],[8.01180077],,,
745,[ 2.63753195 -5.43397791  0.37159439],[6.93273848],,,
746,[2.68706705 1.24291493 0.90257822],[7.12071358],,,
747,[-1.19366202  3.14775544 -0.04007276],[1.42035882],,,
748,[-0.76755997 -9.3287158   0.97804598],[0.60703128],,,
749,[ 0.40896674 -4.28713232  0.01148592],[-0.00385071],,,
750,[ 0.25990995 -0.42124108  0.40954719],[0.04043071],,,
751,[ 0.64858955  4.61127764 -0.7602126 ],[0.46379252],,,
752,[-2.79421215  9.22616211  0.68351525],[7.88818945],,,
753,[ 1.32221151 -6.90376489 -0.50748665],[1.82601299],,,
754,[-1.05973042 -5.43551582 -0.8144295 ],[1.08315259],,,
755,[ 1.01339675  6.27242266 -0.78277354],[0.94056759],,,
756,[2.53754336 4.81729162 0.864161  ],[6.34604162],,,
757,[-0.07661351 -2.16885559  0.07374378],[0.01864318],,,
758,[-2.83287975 -1.65922278  0.91425592],[8.13618341],,,
759,[-2.94944445  3.59691261  0.4649116 ],[8.61991622],,,
760,[ 2.44340868 -5.91093475  0.42894304],[6.03969637],,,
761,[-0.81924794 -7.08488679  0.79565376],[0.67372547],,,
762,[ 2.17921788  7.85464999 -0.29877313],[4.72622166],,,
763,[-0.58649376  9.01015868 -0.83815001],[0.47103438],,,
764,[-1.54832636  2.71653121 -0.84448373],[2.27828573],,,
765,[-2.37202936 -1.89013603 -0.74505397],[5.59503104],,,
766,[2.07349319 5.83551721 0.67359836],[4.38061234],,,
767,[-2.04163807 -1.05315815 -0.18348539],[4.35562267],,,
768,[-2.28451123  1.67276294 -0.18992689],[5.28158114],,,
769,[-1.10694841  9.09004854 -0.84642553],[1.25990231],,,
770,[ 0.82561244 -8.78016578  0.05319178],[0.75522518],,,
771,[-1.56739648 -4.62653294  0.40459545],[2.46734238],,,
772,[-1.16307231 -7.07721155 -0.62258649],[1.25170999],,,
773,[2.47045798 5.32827498 0.38065075],[5.97929054],,,
774,[ 2.33123603 -8.02256547 -0.95321823],[5.33604507],,,
775,[-2.07042593  7.6783683  -0.91731348],[4.36401314],,,
776,[-1.74846419 -0.78341568 -0.4694266 ],[3.1866283],,,
777,[-2.87856549 -6.78668497 -0.57519542],[8.26371414],,,
778,[0.11949246 1.8135363  0.50942237],[-0.07336642],,,
779,[-1.34150794 -4.52373648  0.01487702],[1.89514018],,,
780,[ 1.70081668 -6.16068954 -0.62134797],[2.80019216],,,
781,[2.39755826 5.06142382 0.0502073 ],[5.67439361],,,
782,[-1.44312309 -4.37021033 -0.43740224],[1.9451449],,,
783,[0.08670805 9.14792223 0.48305036],[0.09495664],,,
784,[-0.45195224 -8.9340699  -0.11358117],[0.09154312],,,
785,[-1.40873196 -7.58199433  0.21273317],[1.98024901],,,
786,[ 0.36642833 -8.73346045  0.07996552],[0.20593085],,,
787,[ 0.37353373  5.1729533  -0.83742459],[0.11092077],,,
788,[2.14729809 4.27707218 0.15080171],[4.57699687],,,
789,[-1.61438867  8.5812997  -0.07646229],[2.53303547],,,
790,[-0.15800639 -4.15407505 -0.90643152],[0.05715671],,,
791,[0.81119022 3.40610863 0.72604622],[0.73860623],,,
792,[-0.12921899  1.91780939  0.37182745],[-0.17173056],,,
793,[ 2.90498087 -3.440047   -0.67404788],[8.3814029],,,
794,[-1.80232928  0.02028587 -0.28822449],[3.24614931],,,
795,[-0.79704818 -3.00462674 -0.57318902],[0.50901399],,,
796,[ 0.69607957  1.38325694 -0.34360446],[0.59801374],,,
797,[ 2.78487324 -4.13562014 -0.99891575],[7.74554196],,,
798,[2.71564046 7.12644351 0.92679866],[7.27102648],,,
799,[-1.27828522 -5.52564101  0.4986971 ],[1.62550611],,,
800,[ 0.94359155 -4.60121376  0.52513901],[0.99619533],,,
801,[ 1.22719441 -6.36758401 -0.87397855],[1.49703906],,,
802,[ 0.39801654 -6.3509842   0.60247338],[0.14976538],,,
803,[1.27406787 8.85901969 0.5003667 ],[1.62065246],,,
804,[ 2.4487624   2.75188328 -0.9148216 ],[5.96013363],,,
805,[-0.74361474 -6.16367455 -0.70744502],[0.50199596],,,
806,[-1.88773162 -4.72981019 -0.19518509],[3.50061954],,,
807,[1.06488713 1.75494158 0.63043158],[1.0291823],,,
808,[-0.44598007 -5.3790963   0.48962659],[0.00145576],,,
809,[2.8826034  0.3093167  0.36080721],[8.62453143],,,
810,[ 1.00228243 -0.34292685 -0.73838121],[0.92126189],,,
811,[-0.10943156  3.57114793  0.98944628],[-0.0969157],,,
812,[ 2.92249033 -6.32684544 -0.98629625],[8.75852306],,,
813,[ 0.88967193  1.00909755 -0.69571501],[0.76993544],,,
814,[-0.63664714  5.75762299 -0.16110674],[0.48873689],,,
815,[-2.12628372 -9.10730117 -0.17765045],[4.53847746],,,
816,[ 0.79020048 -1.00301008  0.18460458],[0.58232176],,,
817,[-3.12421175  5.95462471 -0.18005527],[9.76840353],,,
818,[-2.37678763  3.88424243  0.74154318],[5.73222672],,,
819,[ 2.62542583 -4.47143721 -0.53275219],[6.75468163],,,
820,[-1.81076414 -5.22636901  0.52010848],[3.37175359],,,
821,[-1.16513108 -7.49091355  0.24673273],[1.13363872],,,
822,[ 1.27218605 -0.24204361 -0.57952871],[1.89007007],,,
823,[-1.76220887 -5.11295873  0.38196152],[3.17860673],,,
824,[ 2.029325   -7.29023445 -0.53534509],[4.10889137],,,
825,[-2.64906701 -8.85942407  0.97131899],[6.89012012],,,
826,[-2.2324407   6.91109665 -0.13164217],[5.04017454],,,
827,[ 2.94946317 -2.12913485 -0.34189453],[8.65387892],,,
828,[-2.46406546  0.55798483 -0.61185183],[6.26673178],,,
829,[-2.68068256 -4.42149208  0.41987253],[7.12960331],,,
830,[ 2.72332422 -7.73480845 -0.36158212],[7.52298478],,,
831,[ 0.03649246 -8.19716819 -0.22030289],[-0.10355986],,,
832,[-0.93302434 -4.51992249 -0.75243339],[0.80958449],,,
833,[-0.02017622  3.53776641 -0.02158081],[0.03705189],,,
834,[ 2.63972806 -5.29623613 -0.10364307],[7.06718221],,,
835,[3.02722934 6.57728649 0.46788366],[9.31574905],,,
836,[-1.00023487  1.86761231 -0.18851943],[1.00587413],,,
837,[-2.75612544  8.46164681  0.61618934],[7.47530415],,,
838,[-0.53951712  6.55634948 -0.65793714],[0.20727409],,,
839,[-2.82513308 -7.50391533  0.99491947],[7.99829928],,,
840,[1.43319929 1.18993383 0.16454285],[2.1898567],,,
841,[-0.32066201  8.02344422 -0.28132781],[-0.00793742],,,
842,[-1.86374902  6.42876869 -0.40902983],[3.55803979],,,
843,[-0.90733113 -3.0323776  -0.46559716],[1.01411622],,,
844,[-1.50881802 -5.97727925 -0.7277129 ],[2.45792966],,,
845,[-0.66829089 -5.0602667   0.88547897],[0.48006512],,,
846,[ 1.85973653  7.3303163  -0.4058916 ],[3.49422053],,,
847,[-2.73410713 -5.91128371  0.79316626],[7.52171836],,,
848,[ 0.78465834 -9.31564364  0.46531224],[0.64170771],,,
849,[-2.52663549  5.13732264 -0.46954783],[6.3122945],,,
850,[ 0.55386006 -2.25916036 -0.32122702],[0.13582524],,,
851,[ 2.148756    1.34641271 -0.226833  ],[4.66307402],,,
852,[ 0.58622499  7.81202386 -0.88022213],[0.37900917],,,
853,[ 0.88546302 -2.45158377  0.33113958],[0.69004463],,,
854,[ 0.06282771  8.61601508 -0.3623387 ],[-0.14128397],,,
855,[-1.06965344 -0.12815968  0.53666159],[1.27779736],,,
856,[-2.76015904  1.92974122  0.25482212],[7.71853937],,,
857,[-1.1966763  -9.03799505  0.81329704],[1.555447],,,
858,[ 1.37490074  4.54438561 -0.9023217 ],[1.78851854],,,
859,[1.65614947 0.69814523 0.36436105],[2.65010128],,,
860,[-1.19691544 -9.40171655  0.76475718],[1.25090178],,,
861,[ 1.94616273 -7.21997504  0.35792115],[3.81417613],,,
862,[-0.53260691  7.08202609 -0.94496064],[0.28768146],,,
863,[-3.0705642  -6.88982613  0.45873277],[9.52470487],,,
864,[ 1.91672704 -0.50879909  0.00774411],[3.68958061],,,
865,[ 0.06127478  2.56737976 -0.48319386],[0.07334437],,,
866,[-0.56051168 -6.81172586  0.99702811],[0.46484776],,,
867,[-0.66463583 -0.12980827 -0.56920081],[0.29592753],,,
868,[-2.37864891 -1.43289874 -0.80926138],[5.89957415],,,
869,[ 2.82495944 -6.57721001 -0.91248831],[8.0577409],,,
870,[ 2.8651362  -1.58457828  0.95323269],[8.13100303],,,
871,[-2.31165379  5.08350426  0.91562572],[5.27383037],,,
872,[-2.26840824 -3.61719176  0.69167496],[5.24146035],,,
873,[-1.44285733 -1.41496223 -0.77887094],[2.17198138],,,
874,[ 0.74233232 -1.94840008 -0.35408225],[0.61755929],,,
875,[-2.90934912 -2.1100868   0.95359078],[8.54693769],,,
876,[-2.8910108   3.22939212 -0.83827348],[8.31062953],,,
877,[-0.22443017 -6.23575724 -0.98625529],[0.14313877],,,
878,[ 0.46084003 -6.65283059 -0.40757634],[0.21440664],,,
879,[ 2.94068743 -4.16321689 -0.21326496],[8.57699685],,,
880,[1.27301603 7.9594276  0.65809532],[1.57971166],,,
881,[-0.22002015  6.38156176  0.92986041],[0.07394642],,,
882,[-1.40392289 -6.73929418  0.37139496],[1.91403796],,,
883,[-1.31793080e-02  5.77715918e+00 -5.45858986e-03],[0.09446509],,,
884,[-0.75554379 -3.80143655 -0.54688704],[0.43353327],,,
885,[-2.83273168 -3.83608037 -0.40637282],[8.11980108],,,
886,[-3.11166273  7.60495591 -0.12557269],[9.65161199],,,
887,[-2.90295443  7.16723396 -0.18417035],[8.49032474],,,
888,[ 1.71412375 -1.32136412  0.1118573 ],[3.03762613],,,
889,[-1.05975564  1.82990596 -0.92613266],[1.09821856],,,
890,[-1.77260492  5.93473754 -0.89349893],[3.16485311],,,
891,[-2.49818503  0.66573922 -0.2889411 ],[6.2522426],,,
892,[ 1.21417905 -2.24130295  0.0740761 ],[1.431511],,,
893,[-0.04851556 -5.45201069  0.43130104],[-0.06108863],,,
894,[0.3599719  5.27707186 0.38307665],[0.25333022],,,
895,[-0.19906275 -6.21930176 -0.49755005],[-0.03105922],,,
896,[ 2.55778823 -7.86760735  0.74661187],[6.61309751],,,
897,[-1.15672426 -5.45999643 -0.24855579],[1.19672041],,,
898,[-2.44075765 -4.03182612 -0.5456544 ],[6.13855133],,,
899,[-0.54346583  3.72475069  0.01087734],[0.38842343],,,
900,[-1.71125061 -4.41849311  0.41974936],[2.78383201],,,
901,[ 1.24026312 -8.81704996  0.44936915],[1.2812294],,,
902,[ 0.87083159 -7.95490995 -0.9801084 ],[0.77562657],,,
903,[2.13343158 3.43764323 0.561962  ],[4.4939605],,,
904,[ 2.84292407 -5.35924456  0.41431982],[8.11095903],,,
905,[-1.73618034 -4.41550253 -0.90126548],[2.81237634],,,
906,[ 3.09924349  1.60539315 -0.27841106],[9.43467167],,,
907,[ 1.44880133 -8.06859379  0.66939326],[2.19764676],,,
908,[-2.20808885  7.26248147 -0.51823594],[4.7402292],,,
909,[1.30160444 3.98252377 0.33143146],[1.66132686],,,
910,[-2.6987221   5.48619269 -0.16960042],[7.36494421],,,
911,[-1.81990124  9.0440678  -0.48380956],[3.41801854],,,
912,[-0.58192455  9.12131387  0.63351545],[0.39350319],,,
913,[ 2.61365294 -2.43522915 -0.38003591],[6.77036742],,,
914,[-1.0203933   7.79467868  0.72748401],[1.0995607],,,
915,[ 0.76842564  6.97275999 -0.91091452],[0.6324924],,,
916,[ 3.00547878 -5.18784318  0.07441218],[9.00496976],,,
917,[-2.2186836  -8.11106041  0.89542125],[4.97289206],,,
918,[-0.90371591 -2.8383563   0.26429939],[0.72565959],,,
919,[ 1.70535401  3.0130652  -0.52853105],[2.70585273],,,
920,[-1.67307074 -1.11340247  0.91384159],[2.85346437],,,
921,[-0.71026205  6.24023209 -0.39569131],[0.39255592],,,
922,[ 1.92050319 -5.47039695  0.30975192],[3.78515679],,,
923,[-1.65743278 -4.77280715 -0.09134217],[2.55670303],,,
924,[ 2.41545889 -2.62795764  0.60104121],[5.70717117],,,
925,[ 2.24803868  3.81000933 -0.5418643 ],[5.16745102],,,
926,[ 1.18924987  8.60744645 -0.22584306],[1.32526265],,,
927,[ 2.54632184 -1.61521299 -0.21533327],[6.29824045],,,
928,[ 2.70282695  6.60557002 -0.93746193],[7.41479599],,,
929,[2.56265525 0.23421457 0.55882163],[6.64174227],,,
930,[ 2.05958677 -0.48324829 -0.93093618],[4.35609883],,,
931,[-1.97655218 -7.48759122  0.56701381],[3.77710611],,,
932,[-0.08782603  3.93618785 -0.44816919],[-0.06560572],,,
933,[-2.46288203  5.93948084  0.24170486],[5.90381254],,,
934,[-1.72159426 -0.59774428 -0.62655483],[2.91585399],,,
935,[ 1.69496395 -3.84611985  0.64204517],[2.75776],,,
936,[-2.08255306 -7.19852631  0.27061657],[4.25558765],,,
937,[-2.81341714 -2.10652454  0.79485224],[7.82926606],,,
938,[2.43574799 2.4782522  0.62477099],[6.10570619],,,
939,[ 0.91114572 -6.88254778 -0.70133226],[0.8226388],,,
940,[ 2.12025246 -7.17401681 -0.94129548],[4.4506395],,,
941,[-1.41739292  3.62915495  0.39670105],[2.10923772],,,
942,[-1.17013621  7.84563145  0.75512639],[1.47486154],,,
943,[-0.27659175  5.01372188 -0.64698837],[0.06194488],,,
944,[1.3044621  4.16245687 0.23214753],[1.54755573],,,
945,[-2.44027824  3.09815549 -0.10888213],[5.91935887],,,
946,[0.86466865 3.24916435 0.15470167],[1.0073691],,,
947,[ 0.259025    5.99818209 -0.72579444],[0.04861422],,,
948,[ 2.73918798  8.56261276 -0.02397449],[7.35062831],,,
949,[ 0.17652223  1.52639802 -0.38506034],[0.09199153],,,
950,[1.03188873 2.82508468 0.12627613],[0.92111248],,,
951,[-2.19085159 -9.30668857  0.41340559],[4.61406031],,,
952,[-0.38818366  7.65049769  0.18624849],[0.23640444],,,
953,[ 3.02120447 -0.15738716  0.51260073],[9.0405207],,,
954,[-2.93354112  2.08109658  0.36983586],[8.47739299],,,
955,[-3.04197771 -5.9328662  -0.5620705 ],[9.27668254],,,
956,[-0.52990837 -8.79375934 -0.60061321],[0.36745442],,,
957,[ 0.48109352 -2.02749734  0.68624787],[0.20436236],,,
958,[ 1.12033444  4.58052417 -0.83145805],[1.32796559],,,
959,[1.00834814 5.71631276 0.9484736 ],[0.92385763],,,
960,[ 1.50848267 -9.17100203  0.46610285],[2.06243348],,,
961,[ 1.42056004 -1.79801144  0.70774648],[2.10851987],,,
962,[-0.60339961 -6.16617546  0.85996953],[0.39751454],,,
963,[-0.93524514 -1.65480661 -0.21417067],[0.89188236],,,
964,[ 1.98317286  6.23024435 -0.22005642],[3.93689519],,,
965,[ 2.88369381 -0.40000294 -0.27887452],[8.10276021],,,
966,[ 2.95627861 -1.4171745   0.30255155],[8.56560672],,,
967,[ 1.44801204 -7.66646329  0.38001253],[2.02475108],,,
968,[ 1.61863258 -6.96824695  0.29849149],[2.73081467],,,
969,[ 1.76111299 -0.64498309  0.37392724],[3.22491485],,,
970,[ 0.68416181 -3.66256355  0.52787717],[0.66316493],,,
971,[1.32004673 8.67164515 0.19369009],[1.78773788],,,
972,[-2.38978713 -4.8046961  -0.12029678],[5.59862293],,,
973,[ 2.94019124  6.79633003 -0.7167307 ],[8.81997925],,,
974,[ 2.48646109 -5.23412991 -0.94167177],[6.20301514],,,
975,[ 1.96398448 -8.46711499  0.1586373 ],[3.87166085],,,
976,[ 1.43977634 -5.84950702  0.47286901],[2.07628136],,,
977,[-2.56504403  5.69849234 -0.92238251],[6.59937898],,,
978,[ 2.06754512 -3.43127573  0.63085447],[4.19531899],,,
979,[ 2.50385363 -1.27297039  0.22204391],[6.3768381],,,
980,[-1.46044968  3.12839147 -0.40618174],[2.19892866],,,
981,[ 0.40829244 -1.78261119 -0.42191887],[0.22731822],,,
982,[-2.11307125 -4.06568956 -0.62304145],[4.62159489],,,
983,[1.7368401  4.72349716 0.2064778 ],[2.97914415],,,
984,[2.08010521 3.47272353 0.5327548 ],[4.14178699],,,
985,[-0.96952688 -6.91497705 -0.75869351],[1.02850691],,,
986,[-1.53063469  2.78349073  0.39127279],[2.45198232],,,
987,[ 1.26295777 -2.04716074  0.01234193],[1.5633346],,,
988,[ 1.25019302 -1.79209283 -0.56324877],[1.55633312],,,
989,[-2.81280138  0.9619618  -0.12237336],[7.96536806],,,
990,[1.24676048 5.11048233 0.6113188 ],[1.55790341],,,
991,[ 0.35324651 -5.57329348  0.70675029],[0.1424075],,,
992,[-2.26130204 -4.11387867  0.73503257],[5.04034686],,,
993,[ 0.73972506  5.78265053 -0.95928998],[0.53452192],,,
994,[1.60684428 0.14400098 0.55817319],[2.39366453],,,
995,[-2.15270965 -0.63402384 -0.5760293 ],[4.64050995],,,
996,[ 1.1699286   7.04359825 -0.79162966],[1.29503409],,,
997,[2.51476886 1.56379536 0.02918004],[6.26120788],,,
998,[ 1.42412444 -0.92423651 -0.24115667],[2.01972389],,,
999,[-0.01293676 -4.17124901 -0.40786411],[0.02195415],,,
