,x_train,y_train,x_test,y_pred,y_std,score
0,[ 6.85393057 -3.94336502 -0.4235899 ],[47.69713829],[-9.42477796 -9.42477796 -1.        ],[83.58621058],[0.30726761],0.9968523369984642
1,[ 3.84575888  8.304103   -0.39433941],[15.11268765],[-9.23437841 -9.23437841 -0.97979798],[80.76664291],[0.28744016],
2,[ 8.91338104 -1.55931147  0.20770221],[79.094661],[-9.04397885 -9.04397885 -0.95959596],[77.96147775],[0.26875839],
3,[ 0.64021759  7.419948   -0.76020721],[1.55553477],[-8.8535793  -8.8535793  -0.93939394],[75.17296023],[0.25120483],
4,[-7.87266661  1.69651985  0.69015534],[62.30688626],[-8.66317974 -8.66317974 -0.91919192],[72.40332967],[0.23476129],
5,[ 8.57634267 -8.51103687  0.62356129],[73.96200531],[-8.47278019 -8.47278019 -0.8989899 ],[69.6548175],[0.21940861],
6,[ 3.52493218 -2.68753064 -0.50936434],[12.73144037],[-8.28238063 -8.28238063 -0.87878788],[66.9296451],[0.20512647],
7,[ 9.00837006 -5.76142351 -0.32239105],[80.66612913],[-8.09198108 -8.09198108 -0.85858586],[64.23002167],[0.19189297],
8,[ 7.82973544 -9.40764132  0.42354756],[63.03601706],[-7.90158152 -7.90158152 -0.83838384],[61.55814212],[0.17968428],
9,[ 4.54646411 -6.66309195  0.25018922],[21.78345475],[-7.71118197 -7.71118197 -0.81818182],[58.91618493],[0.16847409],
10,[-6.87014784 -4.28551289  0.98022032],[46.47061731],[-7.52078241 -7.52078241 -0.7979798 ],[56.30631005],[0.15823303],
11,[ 5.60051245 -2.46194074  0.07723266],[31.34394735],[-7.33038286 -7.33038286 -0.77777778],[53.73065681],[0.14892812],
12,[-6.86580605  8.32475671  0.42620707],[46.27873512],[-7.1399833  -7.1399833  -0.75757576],[51.19134183],[0.14052216],
13,[ 4.24347247  5.70518972 -0.1387248 ],[17.85242662],[-6.94958375 -6.94958375 -0.73737374],[48.69045695],[0.1329733],
14,[-0.10806937 -5.04304249  0.41354014],[0.18802611],[-6.75918419 -6.75918419 -0.71717172],[46.2300672],[0.12623478],
15,[ 2.7788299  -3.25238594  0.25575286],[8.31899666],[-6.56878464 -6.56878464 -0.6969697 ],[43.81220876],[0.12025495],
16,[8.54451789 8.04142168 0.18094821],[73.35119223],[-6.37838508 -6.37838508 -0.67676768],[41.43888696],[0.11497764],
17,[-3.36989482 -3.45970459  0.67661517],[10.50915555],[-6.18798553 -6.18798553 -0.65656566],[39.1120743],[0.11034292],
18,[ 3.97669711 -0.81156398  0.31345438],[16.51716666],[-5.99758598 -5.99758598 -0.63636364],[36.83370854],[0.10628818],
19,[ 6.12222041  7.95376007 -0.20152051],[35.76540902],[-5.80718642 -5.80718642 -0.61616162],[34.60569072],[0.10274954],
20,[5.15635853 0.96730756 0.42698008],[25.00806658],[-5.61678687 -5.61678687 -0.5959596 ],[32.42988334],[0.09966333],
21,[ 9.34086678 -8.51830168 -0.69659733],[87.54826258],[-5.42638731 -5.42638731 -0.57575758],[30.30810847],[0.09696762],
22,[-7.26417091  0.57157418 -0.94891491],[52.44308011],[-5.23598776 -5.23598776 -0.55555556],[28.24214595],[0.09460361],
23,[-3.40760311 -0.69096595  0.60108035],[11.07178785],[-5.0455882  -5.0455882  -0.53535354],[26.23373163],[0.09251681],
24,[ 1.24667239  7.22345986 -0.325076  ],[0.50248441],[-4.85518865 -4.85518865 -0.51515152],[24.28455563],[0.09065785],
25,[-7.08970867 -7.91579481 -0.01533012],[49.02094246],[-4.66478909 -4.66478909 -0.49494949],[22.39626066],[0.08898306],
26,[-4.9818593   3.67113492 -0.13516446],[24.81007994],[-4.47438954 -4.47438954 -0.47474747],[20.57044035],[0.0874547],
27,[ 0.69106525  6.64825953 -0.86966397],[-0.81996259],[-4.28398998 -4.28398998 -0.45454545],[18.80863769],[0.08604092],
28,[-8.16326491  7.2664729  -0.42317638],[66.69698253],[-4.09359043 -4.09359043 -0.43434343],[17.11234349],[0.08471564],
29,[-6.93159214  7.26137098  0.99817542],[49.3146383],[-3.90319087 -3.90319087 -0.41414141],[15.48299483],[0.08345808],
30,[-1.9522019  -5.64942912 -0.42532088],[4.90357035],[-3.71279132 -3.71279132 -0.39393939],[13.92197369],[0.08225241],
31,[ 9.36018925 -0.15727893 -0.62004682],[88.30174311],[-3.52239176 -3.52239176 -0.37373737],[12.43060548],[0.08108725],
32,[ 8.12324134  5.29577274 -0.51288457],[66.00268236],[-3.33199221 -3.33199221 -0.35353535],[11.0101578],[0.07995513],
33,[-6.65569396  1.02177419  0.42411171],[43.53323438],[-3.14159265 -3.14159265 -0.33333333],[9.66183908],[0.07885204],
34,[ 3.50152035  8.64353457 -0.68292628],[10.1684184],[-2.9511931  -2.9511931  -0.31313131],[8.38679741],[0.0777769],
35,[ 5.53976     5.61770937 -0.1207032 ],[30.23321826],[-2.76079354 -2.76079354 -0.29292929],[7.18611938],[0.07673118],
36,[4.35690634 6.43493561 0.73638732],[18.79915359],[-2.57039399 -2.57039399 -0.27272727],[6.06082898],[0.07571841],
37,[-9.3069558  -1.78791074  0.66321352],[86.42222903],[-2.37999443 -2.37999443 -0.25252525],[5.01188653],[0.07474384],
38,[ 7.87127963  2.55697212 -0.06522626],[61.58771154],[-2.18959488 -2.18959488 -0.23232323],[4.04018778],[0.07381402],
39,[-0.94759485 -6.37306698  0.11280268],[2.18985877],[-1.99919533 -1.99919533 -0.21212121],[3.14656296],[0.07293651],
40,[5.24449744 8.86572888 0.2942434 ],[26.83045491],[-1.80879577 -1.80879577 -0.19191919],[2.33177594],[0.07211952],
41,[ 7.47018425 -2.20929375 -0.47742276],[56.56764108],[-1.61839622 -1.61839622 -0.17171717],[1.5965235],[0.07137158],
42,[ 6.72308559 -5.46134654 -0.62370917],[46.62178466],[-1.42799666 -1.42799666 -0.15151515],[0.94143457],[0.07070126],
43,[-4.50629545  0.39880998  0.45421495],[18.87558455],[-1.23759711 -1.23759711 -0.13131313],[0.36706963],[0.07011688],
44,[-8.79822274  2.09184908 -0.27819241],[76.4148469],[-1.04719755 -1.04719755 -0.11111111],[-0.12607985],[0.06962619],
45,[ 4.27154403  3.08070105 -0.19948692],[20.1765159],[-0.856798   -0.856798   -0.09090909],[-0.53759193],[0.06923619],
46,[-4.04177645  2.84860053 -0.44979426],[17.48206873],[-0.66639844 -0.66639844 -0.07070707],[-0.86711459],[0.0689528],
47,[-1.80507508  8.83573207 -0.29909013],[2.1206823],[-0.47599889 -0.47599889 -0.05050505],[-1.11436614],[0.06878073],
48,[ 0.26190096  2.60276191 -0.42714438],[-1.41164625],[-0.28559933 -0.28559933 -0.03030303],[-1.27913542],[0.06872327],
49,[0.57575934 1.43990776 0.97645489],[1.68484387],[-0.09519978 -0.09519978 -0.01010101],[-1.36128211],[0.06878218],
50,[-3.37280594  8.80937417 -0.54301414],[11.91555667],[0.09519978 0.09519978 0.01010101],[-1.36073676],[0.06895763],
51,[ 2.45725011 -5.0223693   0.65575965],[4.2028011],[0.28559933 0.28559933 0.03030303],[-1.27750096],[0.06924817],
52,[ 0.89738373 -4.69792852 -0.05534974],[0.11834087],[0.47599889 0.47599889 0.05050505],[-1.11164725],[0.06965075],
53,[-4.30059758  0.59609407 -0.26575229],[19.99486959],[0.66639844 0.66639844 0.07070707],[-0.8633191],[0.07016082],
54,[ 4.16812555  4.39041302 -0.54195578],[15.99511893],[0.856798   0.856798   0.09090909],[-0.53273073],[0.07077246],
55,[2.53584621 8.85488386 0.01693028],[7.24147629],[1.04719755 1.04719755 0.11111111],[-0.12016687],[0.07147851],
56,[-8.21658358 -4.72878897 -0.16899846],[67.85970173],[1.23759711 1.23759711 0.13131313],[0.37401747],[0.07227082],
57,[-4.40433685  1.55319563 -0.91731592],[20.68580673],[1.42799666 1.42799666 0.15151515],[0.94939743],[0.07314039],
58,[-8.72141282 -0.3458478   0.91714486],[75.71446587],[1.61839622 1.61839622 0.17171717],[1.6054787],[0.07407764],
59,[-9.40013955  8.01133055  0.4020323 ],[87.7571443],[1.80879577 1.80879577 0.19191919],[2.34169805],[0.07507262],
60,[-2.0811752   0.20951263 -0.31833622],[4.51402463],[1.99919533 1.99919533 0.21212121],[3.15742388],[0.07611526],
61,[ 2.46199689 -9.19602808 -0.34112099],[6.11042244],[2.18959488 2.18959488 0.23232323],[4.05195689],[0.07719561],
62,[ 4.76599487  8.35562499 -0.57759076],[21.64709241],[2.37999443 2.37999443 0.25252525],[5.02453078],[0.07830408],
63,[ 3.17507819 -1.31571959  0.49390943],[8.47169301],[2.57039399 2.57039399 0.27272727],[6.07431304],[0.0794317],
64,[ 7.55186154 -7.5627658  -0.06352713],[58.33684237],[2.76079354 2.76079354 0.29292929],[7.20040576],[0.0805704],
65,[-5.21146327 -5.54882916 -0.42683028],[27.5061037],[2.9511931  2.9511931  0.31313131],[8.40184662],[0.08171331],
66,[2.08055078 6.03497951 0.50983613],[2.53308084],[3.14159265 3.14159265 0.33333333],[9.67760979],[0.08285503],
67,[-2.92346953 -8.91559461  0.75461323],[8.60442111],[3.33199221 3.33199221 0.35353535],[11.02660703],[0.08399204],
68,[-3.61325823 -5.4527743  -0.24823074],[13.33233825],[3.52239176 3.52239176 0.37373737],[12.44768874],[0.08512302],
69,[ 4.82104353  2.07279858 -0.18413972],[23.87533756],[3.71279132 3.71279132 0.39393939],[13.93964517],[0.08624936],
70,[ 5.02388167 -6.90965351 -0.76701346],[25.580394],[3.90319087 3.90319087 0.41414141],[15.50120762],[0.08737557],
71,[ 1.10502538 -2.92595811 -0.65990317],[0.9489708],[4.09359043 4.09359043 0.43434343],[17.13104973],[0.08850982],
72,[-5.29014388  0.29319842 -0.70859334],[28.09688357],[4.28398998 4.28398998 0.45454545],[18.82778882],[0.08966451],
73,[ 0.90442529  5.70029792 -0.91253764],[0.83837449],[4.47438954 4.47438954 0.47474747],[20.58998728],[0.09085683],
74,[ 7.98409241 -7.57714784 -0.83064089],[63.53446639],[4.66478909 4.66478909 0.49494949],[22.416154],[0.09210939],
75,[ 9.0326327   4.2013246  -0.29997233],[82.88675788],[4.85518865 4.85518865 0.51515152],[24.30474592],[0.09345072],
76,[-1.64113554  2.24560013  0.83485983],[1.34125354],[5.0455882  5.0455882  0.53535354],[26.25416951],[0.0949158],
77,[ 7.85859698 -0.12466452 -0.56597838],[60.96141145],[5.23598776 5.23598776 0.55555556],[28.26278244],[0.09654634],
78,[7.04937297 5.00419895 0.53752238],[51.35239778],[5.42638731 5.42638731 0.57575758],[30.32889515],[0.09839092],
79,[5.39032319 4.90822506 0.52218945],[29.85290684],[5.61678687 5.61678687 0.5959596 ],[32.45077262],[0.10050479],
80,[-5.226045    3.65314587 -0.74999716],[27.44008527],[5.80718642 5.80718642 0.61616162],[34.62663601],[0.10294934],
81,[-7.09373983 -1.88183817 -0.74865046],[48.84791491],[5.99758598 5.99758598 0.63636364],[36.85466453],[0.10579107],
82,[-1.96838401  4.07404987  0.07591384],[3.42077078],[6.18798553 6.18798553 0.65656566],[39.13299715],[0.10910028],
83,[ 2.23826135 -0.1979051  -0.12714279],[5.59469316],[6.37838508 6.37838508 0.67676768],[41.45973454],[0.1129493],
84,[-7.57463942 -1.66651055  0.98556772],[58.02028517],[6.56878464 6.56878464 0.6969697 ],[43.83294088],[0.1174106],
85,[ 8.39084972 -9.28196582  0.93219925],[71.88787112],[6.75918419 6.75918419 0.71717172],[46.25064581],[0.12255479],
86,[6.16962812 8.08689439 0.89857725],[37.85074529],[6.94958375 6.94958375 0.73737374],[48.71084637],[0.12844887],
87,[ 1.37151536  3.64967154 -0.15973448],[2.9514452],[7.1399833  7.1399833  0.75757576],[51.21150897],[0.13515475],
88,[ 2.50676338  6.94138312 -0.71873802],[8.40212855],[7.33038286 7.33038286 0.77777778],[53.75057136],[0.14272835],
89,[-6.69716857 -7.19110367  0.46620864],[45.75846604],[7.52078241 7.52078241 0.7979798 ],[56.3259447],[0.15121912],
90,[ 0.03689557 -6.05617007 -0.47273277],[-0.63815313],[7.71118197 7.71118197 0.81818182],[58.93551557],[0.16067014],
91,[-8.56340269  2.46161439 -0.67492832],[73.64191907],[7.90158152 7.90158152 0.83838384],[61.57714802],[0.17111851],
92,[ 3.23757628  0.70592572 -0.83191615],[9.58188304],[8.09198108 8.09198108 0.85858586],[64.24868566],[0.18259608],
93,[-3.56066712  8.12938965 -0.04706622],[12.10718002],[8.28238063 8.28238063 0.87878788],[66.94795377],[0.19513029],
94,[ 1.33783476 -2.50851297 -0.02064763],[0.68265714],[8.47278019 8.47278019 0.8989899 ],[69.67276136],[0.20874494],
95,[ 2.52422463  0.88114246 -0.75478738],[6.40770184],[8.66317974 8.66317974 0.91919192],[72.42090331],[0.22346107],
96,[ 0.92173539  3.14752869 -0.89532735],[-1.05640285],[8.8535793  8.8535793  0.93939394],[75.19016247],[0.23929755],
97,[-6.40736434 -0.06064184  0.69087295],[41.68727276],[9.04397885 9.04397885 0.95959596],[77.97831179],[0.25627171],
98,[ 3.68710301 -3.68945776 -0.37218429],[12.1108341],[9.23437841 9.23437841 0.97979798],[80.78311644],[0.27439973],
99,[ 0.50276122 -5.9027378   0.93672852],[-0.50875657],[9.42477796 9.42477796 1.        ],[83.60233595],[0.29369694],
100,[-8.66288112  6.5111943   0.67372857],[76.5621786],,,,
101,[-9.40029648 -7.48849187 -0.44576129],[88.86210211],,,,
102,[2.24035434 5.08672787 0.0546858 ],[5.65800993],,,,
103,[ 1.88041563 -6.6261278   0.12269106],[3.36539457],,,,
104,[-4.01325148  4.39651388  0.00899458],[15.47363395],,,,
105,[-5.54163637 -6.69960804  0.16000992],[29.48810857],,,,
106,[ 4.62734171 -5.37340231 -0.94294446],[21.03598935],,,,
107,[9.13347354 4.51923841 0.80487079],[83.57377994],,,,
108,[ 1.35121422 -7.04482229  0.67770399],[1.23632118],,,,
109,[ 2.34423744 -9.25709196  0.76497424],[6.59943902],,,,
110,[ 8.19782923  7.24192698 -0.54222112],[68.49213885],,,,
111,[-3.23147186  1.12943431  0.74278766],[11.02654181],,,,
112,[-7.65250233  5.74550632 -0.53682451],[59.92642274],,,,
113,[ 3.26052705 -1.26060889  0.84578554],[11.86604177],,,,
114,[-5.11003189  6.94350438 -0.52408026],[26.14216299],,,,
115,[1.64726    0.3652638  0.19260474],[0.57513936],,,,
116,[-8.38120956  9.26249603 -0.38055505],[70.53509247],,,,
117,[-1.34352844  6.94067745 -0.08392362],[2.03364788],,,,
118,[ 3.67213857 -3.24761114 -0.65431817],[14.52738446],,,,
119,[ 1.66681069 -7.90812167 -0.40491725],[2.57770117],,,,
120,[2.26425856 1.00240056 0.18320321],[5.37733249],,,,
121,[3.47816088 3.45261328 0.84949493],[12.71934412],,,,
122,[-8.60252379  5.96065126  0.50544251],[73.97586293],,,,
123,[8.47820697 5.33841926 0.10548136],[71.84776978],,,,
124,[-2.80617964 -6.51760039  0.68189642],[6.6628548],,,,
125,[ 6.10845521 -7.2594996   0.14793375],[35.75462354],,,,
126,[ 1.20756125 -0.08700592  0.68755807],[2.49745116],,,,
127,[-0.22768608 -3.19482311  0.14438312],[0.54446893],,,,
128,[ 3.2319318  -7.99863695 -0.10810307],[11.70988749],,,,
129,[-6.3335005   2.37981215 -0.51138761],[41.6246551],,,,
130,[-2.09452167  7.44040778  0.14641623],[4.25748219],,,,
131,[-1.29057402 -7.60049749  0.55409764],[0.75806964],,,,
132,[8.44324282 6.68128889 0.7626126 ],[70.4458906],,,,
133,[ 7.33588862  1.17510142 -0.29550077],[54.12079157],,,,
134,[ 7.36563978 -3.52084596 -0.17571247],[55.53993242],,,,
135,[ 0.12303778 -3.94392119  0.65328606],[-0.17857584],,,,
136,[-6.25948133  6.4078002  -0.71096421],[39.72578949],,,,
137,[1.83888016 3.84180089 0.51122352],[3.05600811],,,,
138,[-1.29400738 -1.68571628 -0.4244328 ],[0.65341492],,,,
139,[-8.48721361 -7.14600137  0.50734671],[73.22225447],,,,
140,[2.72696108 3.41565701 0.65930508],[7.6656985],,,,
141,[ 3.59014171 -6.05926549 -0.66507388],[12.31737073],,,,
142,[ 7.93347857  4.33830864 -0.43861644],[61.87779807],,,,
143,[ 5.07834643  7.46320627 -0.92488629],[24.79112893],,,,
144,[-8.91084204 -7.54375037  0.72494338],[79.00639449],,,,
145,[ 7.24844843 -1.78382894 -0.74782008],[52.03507238],,,,
146,[ 6.29268065 -4.65167969  0.72488274],[38.84793131],,,,
147,[-1.99687486 -6.88042795  0.5880391 ],[5.62903608],,,,
148,[ 2.80063938 -4.3894067   0.34331189],[8.09238687],,,,
149,[ 5.74499476 -6.34800196  0.57969884],[32.20168574],,,,
150,[5.8693988  7.14315861 0.07759022],[34.66409779],,,,
151,[-6.65654099 -1.1423653   0.05317029],[44.44127965],,,,
152,[-2.78882528  4.73499336 -0.50044575],[7.78455742],,,,
153,[ 7.12258431 -7.31004891  0.95241936],[51.65203526],,,,
154,[-8.41225013 -0.8313638   0.27795889],[70.71695717],,,,
155,[ 7.42490559 -6.24583989 -0.1579169 ],[56.08874984],,,,
156,[-8.04094004  2.89862622  0.8131461 ],[63.00781694],,,,
157,[ 4.84360417 -7.90873416 -0.61213768],[22.48004844],,,,
158,[-1.08840866  0.35365353 -0.30135195],[1.55074491],,,,
159,[ 4.08908763 -6.14918318 -0.78948467],[15.70215952],,,,
160,[ 0.303128   -8.64155315 -0.57119158],[0.07296582],,,,
161,[-4.81944156  5.30158733  0.07322039],[22.57021248],,,,
162,[2.46057594 5.53921947 0.82366802],[4.2899846],,,,
163,[-7.53290086 -1.41007395 -0.36675901],[57.81817339],,,,
164,[-2.56832971 -8.50393947  0.5785877 ],[6.01332975],,,,
165,[ 7.57208893 -4.86296461 -0.90927821],[58.18642624],,,,
166,[-4.22545007  8.82708405  0.14859861],[18.12443711],,,,
167,[-6.63481773  5.94370647  0.13721423],[44.88201867],,,,
168,[5.27461567 8.68693131 0.42604141],[29.70518613],,,,
169,[-6.18021161 -3.89401898  0.49669293],[37.25103834],,,,
170,[ 5.09291517  0.43709612 -0.79182503],[28.50290609],,,,
171,[ 0.94762573 -7.70960003 -0.69023036],[0.03188246],,,,
172,[-4.03213785  9.29276641 -0.52046203],[16.30781112],,,,
173,[-7.78184884  4.44406112  0.91793425],[58.83051113],,,,
174,[ 7.97450633  5.36048552 -0.30911604],[65.04096331],,,,
175,[ 0.07609049 -2.56791359  0.6536283 ],[1.25405225],,,,
176,[ 7.90092416 -2.41588342  0.61038086],[63.1691966],,,,
177,[-5.01502101 -2.00214179  0.60845149],[24.95499029],,,,
178,[8.82153425 4.7996785  0.72761649],[78.86284492],,,,
179,[-1.26671321  2.50155156 -0.09133283],[0.30658343],,,,
180,[ 5.17673909 -9.17406809 -0.97447539],[26.76198121],,,,
181,[-2.61185737 -0.33444444 -0.60204616],[5.48241828],,,,
182,[5.09630268 8.61700438 0.28557139],[25.0269782],,,,
183,[-0.1581321   7.12582545  0.34443195],[1.02204532],,,,
184,[ 1.39783272 -6.10937043  0.57427736],[0.59609585],,,,
185,[-7.37175089 -2.79006973  0.45638295],[55.275972],,,,
186,[-0.4739263   0.49572571 -0.45465627],[2.03323557],,,,
187,[ 4.74735832 -6.85573511 -0.16245965],[23.4253527],,,,
188,[ 3.47386434 -2.11370445  0.64183292],[10.57949771],,,,
189,[-7.57502498  1.27402073  0.14759848],[57.27823083],,,,
190,[-6.62997449 -1.71215434  0.35898628],[43.84768123],,,,
191,[ 4.7281096  -1.47913402 -0.99965974],[23.42772678],,,,
192,[ 4.0934757   8.85876216 -0.7404965 ],[16.28406388],,,,
193,[-1.90477328 -1.11012548 -0.77709797],[3.96596992],,,,
194,[ 2.10154541  7.33135996 -0.98617737],[4.31338612],,,,
195,[-8.20794209  1.787878   -0.88066952],[67.06550407],,,,
196,[-8.00348531  4.83796295 -0.35852159],[63.45291918],,,,
197,[-8.49208474 -7.78797971 -0.53884974],[72.47174675],,,,
198,[-2.97876961 -5.70518591  0.85397214],[10.52410975],,,,
199,[-4.48275736 -4.3165488  -0.90986829],[20.60141294],,,,
200,[ 4.51077583 -5.47429373  0.54561766],[20.65493532],,,,
201,[3.57821228 5.72311192 0.89562364],[13.77596299],,,,
202,[-4.9967075   0.26785579 -0.25372162],[25.01129754],,,,
203,[-6.74054111 -2.41201656  0.29986171],[43.83699737],,,,
204,[-7.39329375 -0.04705519 -0.18786686],[54.49278635],,,,
205,[-6.95719788  1.43207092 -0.9514503 ],[48.77763864],,,,
206,[ 8.75448304 -1.97430126 -0.29814501],[76.31628937],,,,
207,[-1.6202851  -7.83501697 -0.77092389],[3.90849712],,,,
208,[-5.90897888  6.82100953 -0.02966424],[33.59573882],,,,
209,[ 9.30243719 -7.26673643 -0.08993907],[85.79638626],,,,
210,[-8.13197121 -6.74444949  0.18854286],[64.98352369],,,,
211,[-4.1784377   1.0794846   0.33779321],[17.73575457],,,,
212,[ 9.00711842 -1.24290911 -0.46086533],[81.65627881],,,,
213,[ 1.66178683  8.23725265 -0.26269544],[2.1519995],,,,
214,[ 6.26145473 -6.71430419 -0.38415363],[40.86120841],,,,
215,[-6.46998213  4.16686113 -0.582222  ],[41.78664624],,,,
216,[ 7.90598796 -5.22086005  0.8763149 ],[62.9862108],,,,
217,[-8.61937047  1.83788532  0.92029018],[75.23088921],,,,
218,[6.67844707 3.97330207 0.75880474],[43.41384915],,,,
219,[ 3.72586846 -2.85332628  0.66162718],[13.31484201],,,,
220,[ 9.04397876 -5.35747566  0.31981995],[81.90931193],,,,
221,[-2.01463734 -5.24800427  0.40022627],[6.21150204],,,,
222,[ 2.17262055  3.20587182 -0.50136905],[4.99271946],,,,
223,[ 5.93931324 -5.40627385  0.70995096],[35.28895],,,,
224,[ 8.14430071 -6.87592499 -0.93534036],[66.44436995],,,,
225,[-3.20402111  6.92489631  0.37886006],[11.20627459],,,,
226,[ 8.53338056 -8.78825598  0.69001353],[72.74307521],,,,
227,[-8.26239979  4.01517734  0.01010413],[69.95345083],,,,
228,[ 0.56621335 -1.52108636 -0.38099365],[-0.34087405],,,,
229,[-5.55523723  8.78797093 -0.27319317],[30.72565717],,,,
230,[-4.98125696 -3.83477528  0.93656478],[24.96014168],,,,
231,[ 8.97739294  6.72989929 -0.66068255],[79.85017782],,,,
232,[-3.70916051  3.81723194  0.09236718],[15.22822129],,,,
233,[-7.98436163 -3.58902446 -0.20315559],[63.7826562],,,,
234,[2.39378474 5.49612    0.62034425],[6.47620495],,,,
235,[-2.95259605 -6.93000233  0.94914001],[7.37255761],,,,
236,[ 6.76400549 -9.24820749  0.96124693],[45.42375422],,,,
237,[-7.81612788  6.75904404  0.82034897],[61.19259135],,,,
238,[ 9.06736307 -8.43501894 -0.25931821],[82.91572923],,,,
239,[-0.77843631  8.82775741 -0.09923421],[-0.13710284],,,,
240,[ 2.7346294   7.89103892 -0.84598366],[6.46610396],,,,
241,[9.40151837 9.11326858 0.70907797],[88.13591347],,,,
242,[-6.55349207 -1.80422506  0.6810563 ],[43.42753071],,,,
243,[2.16481142 3.17791154 0.76417403],[3.25326663],,,,
244,[1.88979937 1.11580111 0.60363329],[3.81087858],,,,
245,[ 0.53846836 -4.90797108 -0.11712503],[0.25687271],,,,
246,[-9.37906716  6.80991737 -0.2313922 ],[89.07255169],,,,
247,[-4.34241649 -0.90686776  0.12152742],[19.68867457],,,,
248,[ 5.45604469 -5.75365436 -0.26576223],[30.64352995],,,,
249,[-6.72048334 -0.33215372 -0.55830018],[45.40270102],,,,
250,[ 5.11882971 -2.784028    0.64777207],[25.30232407],,,,
251,[4.97323358 3.79294833 0.83379934],[25.25106887],,,,
252,[ 7.14364052  2.62847364 -0.25899938],[51.45942663],,,,
253,[ 8.41463153  6.04539278 -0.16922141],[73.96926397],,,,
254,[-0.84867161 -8.57180164 -0.40454007],[0.48809727],,,,
255,[-1.63451883  1.65887729  0.13349573],[2.94305492],,,,
256,[-7.43306357 -8.76622744 -0.86866466],[56.00797362],,,,
257,[-4.14544934  0.6588117  -0.26620557],[17.96577663],,,,
258,[-2.19717686  3.11422407 -0.79161832],[3.37300941],,,,
259,[-4.83541646  4.19197984  0.28575211],[24.50941749],,,,
260,[ 1.43530278 -6.00005319  0.54864711],[2.53458891],,,,
261,[ 3.32447726  6.69355292 -0.53841873],[9.67438857],,,,
262,[ 7.86614686 -4.27686196 -0.20819581],[61.54555979],,,,
263,[ 0.21131129 -2.74473217  0.57115572],[-0.28376311],,,,
264,[ 5.26117939 -5.92131054  0.57681   ],[30.98741186],,,,
265,[-8.10588211  9.33252535  0.1829008 ],[65.57981396],,,,
266,[-8.57396674  3.06596408 -0.08974141],[74.12570806],,,,
267,[6.2299468  6.0388947  0.56634379],[38.93977914],,,,
268,[-4.78134342  4.68499327 -0.91148434],[23.96504431],,,,
269,[-7.10665732 -4.10101255 -0.93523725],[52.97626266],,,,
270,[-1.38220137 -6.27823381  0.70422781],[2.63753042],,,,
271,[-3.56437121  6.34558043 -0.94383895],[10.29736554],,,,
272,[-2.14571532 -2.43930521 -0.49249909],[3.40702866],,,,
273,[9.04376688 4.66758536 0.66090915],[81.69147809],,,,
274,[ 8.26581479 -8.40069261  0.4241765 ],[68.88357222],,,,
275,[ 5.82440108 -4.50142782 -0.11288286],[32.47712461],,,,
276,[-8.05925968  5.59601557 -0.13557488],[63.88636457],,,,
277,[-7.27418267  6.28294554 -0.55506229],[54.17691493],,,,
278,[ 4.59049103 -2.9017286  -0.59896487],[19.83304374],,,,
279,[ 1.59993748 -0.14813459  0.50774499],[3.26177553],,,,
280,[-2.20609924  1.67954108  0.81244524],[5.50987246],,,,
281,[-9.21149709 -9.25616572  0.13046893],[84.09232078],,,,
282,[-2.52336442 -2.97661635 -0.20439637],[6.71413363],,,,
283,[-5.87043944 -6.13946673 -0.12802146],[35.24034416],,,,
284,[-7.19681478 -6.97725774  0.95468393],[51.01706292],,,,
285,[-6.29076439  1.05068274  0.79540567],[40.79361445],,,,
286,[ 8.95267517  9.08994689 -0.02778124],[80.26791609],,,,
287,[-4.63144219  6.16266633  0.2057792 ],[20.54352447],,,,
288,[-7.3301745   6.62805739 -0.36395283],[53.66098503],,,,
289,[ 4.09009278 -2.18017899 -0.58046376],[16.37117253],,,,
290,[-6.04939957 -6.30026355  0.69909653],[37.09866577],,,,
291,[-9.38604619  1.1465694  -0.77973705],[86.72032573],,,,
292,[-7.48836429 -6.46764809  0.48213655],[56.03929339],,,,
293,[4.47583719 4.29586521 0.97871204],[18.7557186],,,,
294,[-1.49189772 -9.11222864 -0.06736578],[1.64143935],,,,
295,[-1.23316773  7.40836083 -0.21752265],[0.3142781],,,,
296,[ 7.60026465  0.87754703 -0.97078422],[57.74291735],,,,
297,[-3.94136221  8.4996384  -0.70637132],[14.92171459],,,,
298,[-0.1642814   6.33703684 -0.24861007],[1.31796663],,,,
299,[ 8.06504952  6.92318071 -0.16693073],[64.94467812],,,,
300,[-7.51337483 -3.53003252  0.02242387],[58.6417874],,,,
301,[ 6.97114272  6.81654651 -0.83576283],[48.70481048],,,,
302,[-2.23672197 -0.06066581  0.82321435],[5.19917838],,,,
303,[ 5.4973838 -4.7474921  0.164991 ],[29.02929515],,,,
304,[-2.58783529 -1.58864913  0.57555427],[7.569775],,,,
305,[ 1.16173259  5.96024209 -0.0932152 ],[1.23839526],,,,
306,[5.36334788 2.44984375 0.26459001],[27.93045457],,,,
307,[-4.4726522   8.63094114 -0.92789238],[19.85701748],,,,
308,[ 1.85126861 -4.97496133 -0.60416469],[3.85341951],,,,
309,[-5.61527141 -2.97781435  0.2434058 ],[31.60755131],,,,
310,[-9.19399786  2.25706754  0.37883409],[84.96076736],,,,
311,[-2.04673779 -8.43321214 -0.24400115],[2.5045838],,,,
312,[-8.04530047 -0.18440391 -0.66246139],[64.26061914],,,,
313,[ 8.07261935 -3.88972295  0.77096891],[65.88567174],,,,
314,[ 4.84165177 -0.22914882 -0.62065177],[23.77856159],,,,
315,[-5.04891049  7.85240068  0.95546201],[26.10342794],,,,
316,[-5.68580256 -3.02656478  0.85771882],[33.19170306],,,,
317,[-6.50077117  4.86599382 -0.40561889],[40.93429083],,,,
318,[-8.35257699  0.28341507  0.50616423],[70.21479532],,,,
319,[-0.44326426 -1.63187561 -0.80986716],[-0.53486465],,,,
320,[5.6978197  5.36045458 0.49795813],[31.42070826],,,,
321,[ 3.47556418  1.85811652 -0.74491032],[12.88705999],,,,
322,[ 3.75341526 -5.83719304  0.63608967],[13.06430549],,,,
323,[-1.58428824  3.94686444  0.60246409],[4.18916276],,,,
324,[5.39053093 1.31016282 0.95555256],[29.29998321],,,,
325,[-9.04967305  1.07187144  0.25984485],[82.78399817],,,,
326,[ 7.62896032  5.76678071 -0.79033854],[58.39006793],,,,
327,[-4.56946045 -4.26182907 -0.04180276],[21.12176194],,,,
328,[-7.5563222   1.02510756  0.48753278],[57.26182991],,,,
329,[6.92813521 1.60528575 0.05884109],[47.76646161],,,,
330,[-8.52815985  3.27013844  0.62287768],[72.83833947],,,,
331,[-2.78751945 -9.3245623  -0.84843471],[7.04155103],,,,
332,[-8.87127859 -4.42868921 -0.69296718],[78.62750695],,,,
333,[-0.09527218  8.5216112   0.58237783],[1.14162356],,,,
334,[-5.89092007 -8.79109205 -0.60195221],[34.52989487],,,,
335,[7.25182756 9.40952209 0.19487157],[53.18151912],,,,
336,[-1.6636126  -2.76390057 -0.00698709],[4.62360316],,,,
337,[-7.37904815  5.38981699  0.31781213],[54.28611905],,,,
338,[3.93705959 7.12491887 0.20757633],[16.60768826],,,,
339,[ 6.25500289 -7.48390825 -0.02383905],[38.95507022],,,,
340,[-5.73683027 -4.86242259  0.68935278],[33.21224931],,,,
341,[-1.90207846  7.2482158   0.10008157],[2.71441121],,,,
342,[-8.39881883 -0.4616341  -0.51734952],[69.83110935],,,,
343,[ 3.64832003 -6.59927455 -0.20252288],[16.24215733],,,,
344,[ 3.34900535 -4.09484061  0.64660111],[11.65095649],,,,
345,[ 8.95767651 -7.02031785 -0.58523163],[81.15099374],,,,
346,[0.72151155 4.77504476 0.68550218],[-0.08733557],,,,
347,[ 3.48067267 -7.97074058 -0.83119962],[12.83879458],,,,
348,[ 2.26048446  5.37280103 -0.853405  ],[4.52611034],,,,
349,[6.06098394 1.35921068 0.51292107],[38.65897362],,,,
350,[ 6.34156162 -3.72192531 -0.1719985 ],[40.33239339],,,,
351,[-1.12052432  7.99981446 -0.63635649],[1.04692186],,,,
352,[ 7.68284411 -1.23073029  0.74751933],[58.62941125],,,,
353,[-5.99224329  2.02039398  0.187475  ],[36.9300926],,,,
354,[ 2.11139307 -4.67770364  0.76344461],[5.18684047],,,,
355,[-3.39147857  3.87944093 -0.41109191],[11.57500269],,,,
356,[ 5.32448786  0.84542817 -0.99123369],[26.08254429],,,,
357,[-2.44694562 -7.65585376  0.40369065],[6.62279013],,,,
358,[-0.82746205  8.75092137 -0.07995266],[1.27717586],,,,
359,[-7.58050802 -6.91724952 -0.09048936],[57.26550497],,,,
360,[-9.29121905 -5.87755859 -0.64114804],[86.20252895],,,,
361,[6.63949566 4.44833497 0.10096258],[43.19159996],,,,
362,[-5.54361041 -7.59418656 -0.48844629],[31.02155757],,,,
363,[ 9.07521894 -7.98335866  0.57234954],[83.62235305],,,,
364,[ 3.66698648 -2.8835387  -0.47532547],[14.77766301],,,,
365,[ 8.43815004  1.08223602 -0.80254964],[70.97823864],,,,
366,[ 4.22985578 -7.14161454  0.93648434],[17.89714089],,,,
367,[7.77856476 5.87926001 0.29153616],[59.76016322],,,,
368,[ 8.78164367 -4.0801547   0.6403125 ],[77.83112031],,,,
369,[ 2.02672355 -6.80652886 -0.43814267],[3.40697794],,,,
370,[-8.30367525 -0.23756499 -0.66375163],[69.84807675],,,,
371,[4.47178825 5.2116437  0.29430979],[19.98794601],,,,
372,[-5.28438349  8.55664696 -0.98873843],[29.12243805],,,,
373,[ 4.86055235  1.89522064 -0.37039954],[22.24295013],,,,
374,[ 2.80544152  8.61052566 -0.5459427 ],[6.66726554],,,,
375,[-6.41386308  6.93973087  0.75343167],[43.49655954],,,,
376,[-3.1624578   4.97005933  0.75848941],[9.83060704],,,,
377,[ 6.2049368  -3.85512273 -0.09865668],[38.41890122],,,,
378,[-8.97451714 -2.11568132  0.5771165 ],[81.24840903],,,,
379,[ 9.02848075 -0.61113549 -0.32516047],[79.93449679],,,,
380,[-8.72911813 -2.78861854 -0.22597031],[77.28834905],,,,
381,[-6.66340982 -6.49554968  0.821638  ],[44.18349392],,,,
382,[-7.6628025  -0.76954031 -0.6213244 ],[58.96793141],,,,
383,[-7.35073903 -2.48818421  0.46326086],[52.65501203],,,,
384,[4.40710286 8.17100019 0.64294497],[19.79810833],,,,
385,[-5.89157454  6.21910175  0.0117054 ],[35.90718401],,,,
386,[ 8.26900246  6.64901871 -0.52760087],[67.48723888],,,,
387,[ 5.00259505 -9.04972756  0.65905796],[26.02541124],,,,
388,[-8.47173073  1.26233703 -0.3364851 ],[71.34560344],,,,
389,[ 2.00628392 -4.65715273  0.25647606],[5.71887235],,,,
390,[ 8.29564465 -1.00441648 -0.29383372],[69.67773874],,,,
391,[5.96379033 4.27690356 0.9681469 ],[34.55418024],,,,
392,[0.07868516 7.44733904 0.11480562],[0.17377869],,,,
393,[ 5.26833478  3.94892748 -0.66524247],[27.20351161],,,,
394,[-3.9944541  -1.93485119 -0.29888105],[15.7902329],,,,
395,[-1.66735421  3.69951712 -0.75511555],[2.48651626],,,,
396,[ 7.02222679  2.27777459 -0.1640259 ],[50.27197392],,,,
397,[-0.3101425  -3.07769805  0.40166646],[0.75007366],,,,
398,[-6.70006123  9.2535623  -0.2934265 ],[45.39039495],,,,
399,[8.69860251 2.37266972 0.72657083],[76.05405866],,,,
400,[ 1.12677785  8.89341864 -0.46888745],[2.58940845],,,,
401,[-8.00435409  3.52199301 -0.12416882],[63.73413764],,,,
402,[ 6.36718767  5.15253596 -0.14321173],[39.80458655],,,,
403,[0.00963722 1.77167386 0.28690384],[0.42353089],,,,
404,[ 9.2388217   1.0390022  -0.68421394],[85.08033613],,,,
405,[-6.01674438  8.37770071 -0.97777398],[36.47860423],,,,
406,[-0.11392546  0.19200627 -0.25285541],[-1.38457581],,,,
407,[-6.43557987 -9.0990366   0.30232377],[43.19139443],,,,
408,[ 2.17622568 -5.09377082 -0.37635306],[4.24138278],,,,
409,[ 4.77634086  5.87313684 -0.66528622],[22.90532738],,,,
410,[-6.4162714  -9.34511098 -0.98697633],[40.22492986],,,,
411,[ 6.38631399 -4.19063608  0.10815217],[40.8950391],,,,
412,[4.74910213 3.90811199 0.45926121],[21.97004951],,,,
413,[ 7.78944111 -9.30886436 -0.41467765],[61.00549557],,,,
414,[-3.90439796  9.15846391  0.45862414],[14.70866724],,,,
415,[-7.95959963e+00 -6.71238694e+00 -5.30942707e-03],[62.85152281],,,,
416,[1.98325637 2.33071783 0.06354684],[3.97992912],,,,
417,[9.32917216 1.85122608 0.71684273],[85.70805613],,,,
418,[-2.89507998 -8.48345391  0.23813045],[11.00392335],,,,
419,[ 3.7922945   8.30829047 -0.63929053],[15.45860898],,,,
420,[-6.08283708  3.51716653 -0.89982596],[35.80164426],,,,
421,[ 0.43190037 -6.13298438 -0.96678523],[0.14290334],,,,
422,[ 9.31400189 -3.48623435  0.45748594],[86.04898659],,,,
423,[ 3.84803372  0.9359387  -0.39805442],[12.83585958],,,,
424,[ 5.67121524 -8.49173936 -0.16698208],[34.10352781],,,,
425,[-3.37483895  7.06297257 -0.62698472],[11.42475508],,,,
426,[-1.77602553 -8.47873664  0.11024398],[2.83417934],,,,
427,[-7.2213402  -0.98659467  0.9769544 ],[52.48543397],,,,
428,[7.2095101  6.75207838 0.57741635],[51.74315562],,,,
429,[ 0.93225957  3.32458373 -0.53486428],[0.3598348],,,,
430,[-8.77996693  7.8510977  -0.38555255],[75.82790933],,,,
431,[ 5.67326965 -8.87741974  0.65058602],[30.8923393],,,,
432,[-7.23614373  2.47634432 -0.08186445],[54.07116423],,,,
433,[ 3.82242639  5.29597399 -0.30944907],[12.84481559],,,,
434,[ 3.11883844  1.24055439 -0.34372896],[10.74933072],,,,
435,[ 8.33709492 -5.60335526 -0.15404279],[69.7724157],,,,
436,[ 8.04928438  1.13178931 -0.6620948 ],[65.10595938],,,,
437,[ 7.78419574 -8.16954434 -0.82146056],[61.12530956],,,,
438,[8.49676012 4.57330923 0.78929152],[70.53175802],,,,
439,[ 8.60842893 -2.5964155  -0.3481287 ],[74.51771212],,,,
440,[7.79635958 9.41981055 0.51950897],[61.19703699],,,,
441,[-2.12640527  8.87244565 -0.22511325],[5.86755998],,,,
442,[ 0.56618865 -0.88092512 -0.90172733],[0.40864634],,,,
443,[-0.89804879 -0.23832686  0.42751516],[3.02535135],,,,
444,[-3.39723466  1.42341789 -0.00709535],[11.72049245],,,,
445,[-2.79222548  4.3779649  -0.02412889],[6.12393732],,,,
446,[-9.20503004  2.46162277  0.95911507],[84.45556828],,,,
447,[1.30870186 4.5166342  0.72939907],[2.59622827],,,,
448,[1.9198895  7.6714719  0.19822395],[2.89275876],,,,
449,[ 5.26539584 -8.13459621  0.90207101],[29.0622663],,,,
450,[-3.41715855 -6.82876136 -0.7778969 ],[12.88989704],,,,
451,[7.46128867 8.78322915 0.35666436],[55.99147042],,,,
452,[-3.28618087  5.87988823  0.5654995 ],[12.06903995],,,,
453,[ 7.35764268 -6.31967015  0.57108261],[56.04946277],,,,
454,[-5.30055569 -7.42015303  0.83975989],[27.63765276],,,,
455,[-1.1435768   3.09961638 -0.9828954 ],[1.74935549],,,,
456,[ 1.35394938  6.70731723 -0.61138756],[0.56884346],,,,
457,[-8.47482065 -3.53185326  0.94560452],[71.86845564],,,,
458,[-5.66503832  3.12073074 -0.03166804],[31.78519126],,,,
459,[-2.62163664 -0.63623428 -0.06206908],[7.00250689],,,,
460,[ 9.32402747 -2.10760568  0.3326953 ],[86.40173652],,,,
461,[-2.92630832 -5.02509068 -0.56591438],[9.92021329],,,,
462,[-9.25499338 -3.04719367 -0.53303398],[84.8857135],,,,
463,[6.86323701 7.70692242 0.27224242],[47.31638548],,,,
464,[6.95805554 0.45887398 0.78459762],[46.72523283],,,,
465,[-3.9297236  -3.07734434 -0.6387335 ],[16.11236509],,,,
466,[ 4.10877925  3.60133872 -0.40984813],[17.96164875],,,,
467,[-5.99882797 -0.28854543  0.52697247],[34.30095547],,,,
468,[-7.82922189  9.36260233  0.98997832],[60.41690556],,,,
469,[ 2.93840103 -3.00465189 -0.09791117],[8.10845423],,,,
470,[2.58257891 2.5817106  0.8255574 ],[7.67410717],,,,
471,[6.19358792 8.03945702 0.50557127],[38.72705067],,,,
472,[ 7.20984810e+00 -7.37344279e+00 -3.27027455e-03],[52.59880491],,,,
473,[-4.39097113 -6.7178901  -0.54952092],[19.73399433],,,,
474,[-3.75527588 -1.43738046  0.41215198],[13.84360473],,,,
475,[ 2.12354048  2.98858355 -0.6142856 ],[4.9471683],,,,
476,[-2.84146292  6.52559173 -0.75187739],[8.83897563],,,,
477,[-0.57772824 -6.26089716 -0.92913934],[0.33013305],,,,
478,[-8.49858717 -8.10391274  0.84487192],[73.6794959],,,,
479,[-0.0548813   1.79713731 -0.25212062],[-0.83493974],,,,
480,[-7.94231148  2.99947002 -0.66091794],[63.25159065],,,,
481,[-6.44112937  6.16197343  0.77147063],[41.3720348],,,,
482,[ 1.27285374 -2.2951137  -0.35697805],[0.19322123],,,,
483,[ 8.47967282  2.1640133  -0.31629236],[73.03389448],,,,
484,[-4.60899402 -5.70911493  0.25952105],[23.11283486],,,,
485,[ 6.27994186 -7.51148045 -0.2094108 ],[40.98301376],,,,
486,[ 1.78345857 -0.21108336  0.93732239],[3.64743464],,,,
487,[ 2.79315041 -3.74109512  0.12865166],[7.31168125],,,,
488,[-1.49130794 -3.60569813  0.40091058],[2.83278054],,,,
489,[-0.16523631 -6.61571443 -0.76460707],[-1.2734735],,,,
490,[ 1.50604198 -5.74358551 -0.49896785],[3.92985164],,,,
491,[-1.88216683 -6.72273739 -0.16136541],[3.69733343],,,,
492,[-8.56286805  5.53283353  0.16643756],[73.78621642],,,,
493,[-6.39752285 -2.26613645  0.69006012],[43.48095026],,,,
494,[-6.60178729  3.25800995 -0.31744295],[43.86853981],,,,
495,[-3.44644324  1.64255589  0.11149509],[12.67950257],,,,
496,[7.93128467 7.02031136 0.49234224],[61.32514596],,,,
497,[-5.3446719  -2.71212997  0.70207506],[27.81853502],,,,
498,[-2.35720837 -0.00660059 -0.34425237],[5.35723792],,,,
499,[ 7.04191326  6.87388119 -0.17930389],[48.10585888],,,,
500,[ 4.3556734   9.00978669 -0.20706833],[18.70224342],,,,
501,[-6.56902165  1.40800163 -0.45694187],[43.09340586],,,,
502,[ 5.39814146 -7.78295414  0.23670341],[29.55907428],,,,
503,[ 0.77644675 -5.35407674 -0.0688213 ],[1.03260261],,,,
504,[ 0.75160652 -8.40663994  0.96843559],[1.72504378],,,,
505,[-6.39199908 -1.05484508  0.41356508],[41.51539424],,,,
506,[-1.29809952 -3.59574992  0.69939108],[-0.12394302],,,,
507,[ 2.49735267 -0.05712002 -0.90620418],[5.28279802],,,,
508,[-1.2531214  -1.88312842  0.63823366],[0.19904555],,,,
509,[ 5.99648497 -7.35970036  0.34382025],[34.91183338],,,,
510,[ 0.58532571 -6.27626819 -0.95694285],[1.82506854],,,,
511,[-7.18540544 -2.13042922 -0.31842526],[51.84310438],,,,
512,[-0.49835076 -2.45385793  0.06337295],[1.5271187],,,,
513,[-3.36210208 -6.82926187  0.69483522],[14.15205195],,,,
514,[-6.34854308  0.5371568   0.17851114],[38.35436957],,,,
515,[-4.14803699  8.85508669  0.33948786],[15.73879144],,,,
516,[ 8.52544877 -4.48479214 -0.78227877],[73.03618931],,,,
517,[-8.84678765 -7.06641073  0.36846543],[78.28697258],,,,
518,[ 7.00164023 -2.87456119  0.35470374],[51.0815788],,,,
519,[-2.12862046  6.0853213  -0.61735185],[5.02767756],,,,
520,[-2.67210859  5.9186674   0.86167201],[6.82494986],,,,
521,[ 0.79302889 -8.88080283  0.77805401],[-0.25698941],,,,
522,[-0.80819037 -2.20218775 -0.72062473],[0.60188989],,,,
523,[ 7.62712646 -8.64062514  0.15714512],[58.07809403],,,,
524,[-3.55059755  7.34001927 -0.01452866],[13.11685971],,,,
525,[-7.82282559  6.0863159   0.26953483],[61.77268642],,,,
526,[ 2.76036656  8.75754301 -0.72177538],[4.93858922],,,,
527,[0.98524032 4.74054796 0.14156424],[1.26612416],,,,
528,[-0.18140781  2.48459352  0.64202817],[0.8828976],,,,
529,[-0.7551302  -2.20222723 -0.0888285 ],[-1.26124843],,,,
530,[-2.15747059  6.61831711  0.67385354],[3.34867589],,,,
531,[-5.31597953  7.37548881 -0.1969033 ],[25.58855221],,,,
532,[ 2.48955464  3.39904274 -0.88451518],[6.72030347],,,,
533,[ 3.93342645 -4.86442413 -0.51199054],[13.7527428],,,,
534,[-5.7043334   8.22891763 -0.78403453],[32.79838603],,,,
535,[-5.63589817  3.90128071  0.24549532],[30.1128131],,,,
536,[-8.10457432 -7.50176552 -0.65133578],[67.02005109],,,,
537,[ 1.15602208 -4.56200133 -0.02757439],[2.92405962],,,,
538,[-8.53566992  3.05877691 -0.62903994],[73.20462978],,,,
539,[ 0.16713141  5.54564158 -0.67599105],[1.23285905],,,,
540,[ 7.55337811 -7.11948639 -0.55465512],[56.40116969],,,,
541,[-6.54895339 -4.59505028  0.74763784],[42.68465985],,,,
542,[-7.10232    -7.32519596  0.73877102],[49.50480022],,,,
543,[ 6.2788649  -7.87330925  0.43110882],[39.42713678],,,,
544,[-2.87710034  8.80770013 -0.40158396],[8.94703595],,,,
545,[ 3.49729485  8.15281329 -0.34096687],[14.13520973],,,,
546,[ 2.21409544 -8.06961338  0.42876324],[2.03765701],,,,
547,[ 8.96806921 -8.09200389  0.68038756],[79.34228975],,,,
548,[ 5.68104756 -0.10097084  0.16264519],[31.62614266],,,,
549,[ 9.38143815 -4.93487607 -0.84037314],[88.85545381],,,,
550,[-1.48150056  1.32628623 -0.77106401],[1.7584889],,,,
551,[-8.03146202 -5.16632185 -0.45017544],[63.88939808],,,,
552,[ 0.33686866 -8.05833985 -0.6234768 ],[0.93168329],,,,
553,[1.10494834 6.20665981 0.45921658],[1.70070528],,,,
554,[ 5.36688697 -1.93687665  0.32876001],[27.05726018],,,,
555,[ 4.91026712  1.92716771 -0.56879375],[24.88456343],,,,
556,[ 4.62790282  3.73705995 -0.16812516],[20.52333022],,,,
557,[-6.57255557 -7.8432315   0.45551338],[42.97946516],,,,
558,[7.58882621 0.9917312  0.10455931],[56.12650981],,,,
559,[-5.32060692  7.01071594 -0.27444622],[29.1460316],,,,
560,[-4.44050397 -7.45154435  0.42007423],[20.33736436],,,,
561,[ 5.69442588 -2.86024706 -0.10545139],[33.54879299],,,,
562,[-4.9082774  -1.45489576 -0.34237775],[23.13745138],,,,
563,[-3.16776126 -8.12702476  0.29514357],[11.75414196],,,,
564,[-5.84401036 -9.04547141  0.35342939],[33.75694647],,,,
565,[-0.20435728 -0.47823778 -0.61027436],[0.51640327],,,,
566,[-3.24524725 -8.99964572  0.6987633 ],[9.33866673],,,,
567,[ 4.01467019 -5.53819883 -0.69954213],[15.88178287],,,,
568,[ 7.04425582 -3.28495918 -0.97834799],[48.69085034],,,,
569,[-1.76409042 -4.96305445 -0.4466951 ],[4.55841254],,,,
570,[7.50530382 2.02020428 0.87059669],[56.80313186],,,,
571,[ 1.74627286 -7.41376876  0.65123821],[3.22539382],,,,
572,[-8.7756248  -7.15246935  0.94283217],[78.39584166],,,,
573,[ 3.93660173  4.75568364 -0.19941846],[16.92363795],,,,
574,[-2.44367259  1.89126698 -0.40641312],[6.86566381],,,,
575,[-4.64893034 -8.35181641  0.51995672],[21.21844231],,,,
576,[-2.78712403 -6.4504075   0.7490214 ],[6.69397053],,,,
577,[-3.52159538 -6.95705628 -0.2033032 ],[11.93400131],,,,
578,[-6.27818709 -7.34216566 -0.90062049],[38.46426759],,,,
579,[-7.97268285 -8.50084208  0.48113931],[63.90799253],,,,
580,[ 9.16386719  0.0366234  -0.77323934],[82.55842943],,,,
581,[-4.19087602  6.58290997  0.70384126],[17.24651222],,,,
582,[-2.16132865  0.03274632 -0.22617418],[5.48042485],,,,
583,[-1.82431713  2.77273319 -0.8429995 ],[3.4263592],,,,
584,[-0.35007702  6.02907913 -0.9006173 ],[2.27692712],,,,
585,[-4.30462344  2.45064232  0.71053213],[17.89024813],,,,
586,[-4.95097187  3.82667498  0.22123757],[23.8952227],,,,
587,[-9.02282017 -0.62927941  0.73751739],[81.40694711],,,,
588,[3.77947927 1.14887708 0.60420093],[14.20014499],,,,
589,[-6.58569075 -2.50323565 -0.04792221],[42.89674658],,,,
590,[-7.69506658 -5.03445878 -0.81244907],[59.1651754],,,,
591,[ 7.08625913  0.16223424 -0.09855588],[51.13666947],,,,
592,[-7.47857031 -0.17572186 -0.19491623],[54.99686485],,,,
593,[ 0.47788911 -0.53779315  0.5547429 ],[-0.98901608],,,,
594,[-2.9643977   4.02798002  0.71905463],[8.63431916],,,,
595,[ 9.00467094 -4.85288702 -0.47213606],[81.12576857],,,,
596,[4.23771575 5.8602897  0.24598693],[17.31775741],,,,
597,[-6.41120408 -5.94652374 -0.09156801],[41.60128001],,,,
598,[-7.65005935 -2.61767605  0.68490243],[56.38122722],,,,
599,[-6.0429955  -7.0156254   0.31271498],[37.98677866],,,,
600,[ 0.53919492  3.73190352 -0.76980543],[1.22976643],,,,
601,[ 2.95397875  6.19123506 -0.7251985 ],[8.13306709],,,,
602,[ 0.6833343  -4.12407539 -0.15883885],[0.76967896],,,,
603,[ 8.64939838 -5.51162639  0.45553804],[74.45105535],,,,
604,[-8.77073071  2.83102108  0.72618637],[76.79550826],,,,
605,[ 6.44117431  9.24198091 -0.35470082],[40.88215294],,,,
606,[-2.34462425 -6.22867205  0.19635758],[6.5597579],,,,
607,[-5.85033437  5.9467964   0.11523368],[32.27348519],,,,
608,[ 2.9835761   3.54807889 -0.04248691],[10.13159669],,,,
609,[-3.41090953 -7.45689609 -0.03483764],[11.12795909],,,,
610,[-3.94275757 -8.29805857 -0.4110205 ],[13.44063777],,,,
611,[-5.93235942 -3.67389564 -0.78697162],[34.79563076],,,,
612,[ 8.86426087  8.92686465 -0.36973035],[77.59711923],,,,
613,[-7.2081661   9.13374928 -0.04296886],[50.98536736],,,,
614,[9.38257746 3.08411995 0.02381258],[87.46191114],,,,
615,[-9.20976687 -7.26523181  0.65691706],[85.5107516],,,,
616,[-3.40989184 -7.21085532 -0.02274444],[11.68700057],,,,
617,[-5.70598957 -0.72236509 -0.91205445],[33.73535737],,,,
618,[ 1.5891071  -6.47992229 -0.90755209],[2.05170221],,,,
619,[-4.1823599  -1.97761715  0.30692019],[17.31039185],,,,
620,[ 2.69731169  3.24768617 -0.57823212],[5.4708237],,,,
621,[ 9.28931497 -3.8610041  -0.43256478],[86.00510282],,,,
622,[-0.4092027  -2.66662193  0.38885983],[0.95222208],,,,
623,[ 3.47618023 -1.45231413 -0.83709418],[13.31588061],,,,
624,[ 8.32390232  7.71256575 -0.63788082],[70.70738605],,,,
625,[-2.86804705  8.52553145  0.82196202],[7.66622198],,,,
626,[-2.60794893 -5.92161991  0.01828473],[5.11581906],,,,
627,[8.66570232 0.91473492 0.60190644],[74.02711059],,,,
628,[ 7.59175288  0.84230262 -0.95997573],[56.16363738],,,,
629,[6.29653418 4.3760407  0.19707537],[38.21493792],,,,
630,[-8.89204076  5.42058951  0.82134932],[78.50884049],,,,
631,[-7.06009486  5.84335223  0.16903583],[50.4646005],,,,
632,[-5.33730353  2.85066775 -0.25047698],[29.40789677],,,,
633,[-6.43025823  3.37929187 -0.08784286],[41.56654065],,,,
634,[-2.74515126 -9.35667915 -0.32528365],[8.76913187],,,,
635,[-0.58238695  2.8492389  -0.95361017],[0.58741076],,,,
636,[-6.60738164 -5.19883677  0.09211752],[42.3394878],,,,
637,[-7.23270425  7.46616067 -0.61330433],[51.854929],,,,
638,[ 4.42337732  1.74792412 -0.97384644],[18.07056909],,,,
639,[ 3.49582813  3.77538791 -0.98651273],[13.54362063],,,,
640,[-3.10356987  4.5563538  -0.99917516],[9.29560455],,,,
641,[-0.58980042 -8.12489713  0.37852456],[0.81414596],,,,
642,[-0.81844369 -3.6101954  -0.95241011],[0.6322464],,,,
643,[-1.62519700e+00 -7.07667859e+00  1.28318006e-03],[0.67463725],,,,
644,[-1.90866052  6.52688461 -0.49855453],[3.77311045],,,,
645,[ 5.39676869 -7.48742751  0.3436631 ],[28.5882901],,,,
646,[-3.57111966 -5.50306035  0.54947692],[12.30438483],,,,
647,[-3.73521495 -4.0225946   0.84272235],[12.07770481],,,,
648,[ 8.45630636  1.20851509 -0.61266937],[73.0297614],,,,
649,[1.0245968  7.00805664 0.25608953],[1.68841975],,,,
650,[ 4.46133488  2.60748961 -0.66958744],[21.16507545],,,,
651,[0.43794965 0.35020903 0.93538595],[-0.40989657],,,,
652,[ 1.99934515 -9.19256488 -0.58143891],[5.85190633],,,,
653,[-2.29504719  3.97315719 -0.40727142],[6.93388077],,,,
654,[ 2.85775704 -2.52336998  0.50395425],[8.7831622],,,,
655,[-6.65522568 -0.91111709  0.29440875],[43.88424358],,,,
656,[ 7.68428634 -3.81802878  0.11185904],[60.28190802],,,,
657,[5.34433855 8.31206549 0.67600698],[28.66431811],,,,
658,[-6.36783447 -8.59156307  0.41193744],[39.54476109],,,,
659,[ 1.12294759 -5.45446702 -0.16650083],[2.82111304],,,,
660,[-6.78850284 -7.38905061 -0.78178472],[44.86697595],,,,
661,[ 1.81553771  6.69881591 -0.88169014],[2.78569108],,,,
662,[-8.74724738 -4.39332671 -0.3274815 ],[74.49831968],,,,
663,[-6.96654793  2.9568649   0.09915132],[49.75591903],,,,
664,[-3.17593524  6.86009506 -0.50188374],[11.41025206],,,,
665,[-9.21985811 -0.44112266  0.56376669],[84.18973901],,,,
666,[ 3.23750181 -8.20061565 -0.83938115],[13.00853163],,,,
667,[ 1.563223    0.46479989 -0.74942132],[3.06925087],,,,
668,[ 7.45581013 -4.8477264   0.17953871],[56.49226007],,,,
669,[-5.56917787 -2.46296906  0.89364811],[29.34659325],,,,
670,[ 3.96286405 -6.58804604  0.43703609],[18.24261799],,,,
671,[-6.46862598  9.07053798  0.39303964],[42.52621233],,,,
672,[1.48198886 8.3510888  0.2292844 ],[2.38141284],,,,
673,[-9.08552392 -8.56618167  0.1070902 ],[81.76985754],,,,
674,[-8.90355736  8.69742404  0.54227003],[80.80387475],,,,
675,[5.8518217  7.97927276 0.57329415],[33.046335],,,,
676,[ 6.13333178 -0.44634668 -0.7161482 ],[38.12112262],,,,
677,[ 8.76612117 -2.28279128 -0.03620018],[75.50508505],,,,
678,[-8.78309112  0.29360711 -0.85083971],[77.66560705],,,,
679,[ 0.78381086 -7.3873485  -0.86596932],[0.53941054],,,,
680,[ 3.57416386 -4.80382204 -0.09248922],[12.94237015],,,,
681,[-3.84346392  4.3841181   0.27709578],[15.68828848],,,,
682,[ 6.39529553 -1.46178725 -0.42789988],[39.27252924],,,,
683,[-7.10352056  5.13871373 -0.990511  ],[50.2546383],,,,
684,[ 5.27815812 -8.75657205  0.38624573],[26.74732251],,,,
685,[-3.87546191  2.24374071 -0.51036217],[14.31062855],,,,
686,[-1.10270938 -1.93200602  0.01016719],[1.86793216],,,,
687,[6.28919584 7.87538278 0.06284374],[40.03219036],,,,
688,[-4.57275043 -1.47587555 -0.96728025],[20.86145958],,,,
689,[-0.1037158   4.29825518 -0.43347092],[0.16187212],,,,
690,[-1.58456561  6.51642784 -0.78933121],[3.75846314],,,,
691,[4.96412704 7.07048521 0.68530349],[25.39114684],,,,
692,[-7.98931399 -5.26948971  0.77890378],[63.46227501],,,,
693,[-8.0886866  -3.85260103 -0.79101026],[66.17284974],,,,
694,[-6.79693861 -5.48491765  0.72260576],[45.82676389],,,,
695,[-6.9786367   6.22033952  0.24316919],[47.70246194],,,,
696,[ 2.31505599 -7.26032064  0.28488091],[5.14372876],,,,
697,[-8.0038183   6.22993045  0.15089225],[63.94950147],,,,
698,[-1.93817749 -3.90274527 -0.40321246],[3.3286671],,,,
699,[ 9.02238306 -1.04822468 -0.21792183],[79.89633101],,,,
700,[-0.16028793 -5.59036208  0.14988463],[-1.07609742],,,,
701,[ 3.29314424  4.78949242 -0.62728194],[9.77657702],,,,
702,[-2.60839929 -5.30720516 -0.2830421 ],[7.59084186],,,,
703,[-3.59999108 -7.69219468  0.83494117],[11.33976614],,,,
704,[1.67297693 5.46841886 0.17734757],[4.66895845],,,,
705,[0.62953738 0.66011627 0.77207182],[0.92608395],,,,
706,[ 8.1400356  -0.24136296 -0.13767313],[66.12015271],,,,
707,[-6.55264557  5.23402872 -0.77662502],[44.18497645],,,,
708,[-6.84674818 -8.01294891 -0.82091859],[45.81104651],,,,
709,[ 4.1184542  -6.88930495  0.39837656],[18.73016316],,,,
710,[-0.73617104 -6.32575647  0.70324665],[0.56076102],,,,
711,[-5.87468381  7.08249419  0.08562104],[35.70675916],,,,
712,[ 1.7686782  -5.49150812  0.75997336],[3.94431436],,,,
713,[ 2.0780461   0.23011142 -0.49840503],[3.7956836],,,,
714,[9.06281023 7.36842855 0.16517892],[81.58532603],,,,
715,[-8.32512888  0.55210019 -0.23758384],[69.6565081],,,,
716,[-6.51768571 -5.32351018 -0.10344962],[42.85226226],,,,
717,[-0.13625716  8.46420368 -0.40691363],[0.42228899],,,,
718,[ 0.55388262  0.89362036 -0.63892496],[-1.0084314],,,,
719,[-1.51983255 -4.30649774 -0.97245519],[3.99975221],,,,
720,[6.40365957 5.72092201 0.56901152],[41.13678585],,,,
721,[-7.82311864 -3.25494875 -0.91790633],[60.99456523],,,,
722,[1.43290549 3.21643216 0.72843954],[2.11163096],,,,
723,[ 5.47454238 -7.69091907  0.64817039],[29.57343911],,,,
724,[ 4.35215124 -8.1586211   0.74801894],[17.76530025],,,,
725,[-1.80305492 -2.49292896 -0.56182113],[3.44590785],,,,
726,[ 1.21330453 -1.194524   -0.86350799],[2.74243361],,,,
727,[7.84434054 8.83387251 0.86454325],[62.48322798],,,,
728,[-3.60391955  7.56738643  0.2058448 ],[14.52390239],,,,
729,[-7.77106834  4.54932688  0.347807  ],[59.71241274],,,,
730,[-7.30876613  5.36768516  0.88996562],[53.9330166],,,,
731,[ 6.49738802 -3.36095153 -0.63793857],[41.43432554],,,,
732,[-8.67437242 -1.17413416 -0.83143166],[75.85898012],,,,
733,[-1.73556257 -8.95497183 -0.34151165],[3.18209641],,,,
734,[ 8.3515063  -1.03837489  0.94650301],[69.30742507],,,,
735,[0.19613061 6.38808697 0.27566429],[-0.85873658],,,,
736,[ 0.60653349 -7.00362457  0.09274001],[0.34888368],,,,
737,[ 1.68613116  5.59805739 -0.17827417],[1.83300552],,,,
738,[ 9.03008075 -2.94248871  0.94086451],[83.02116595],,,,
739,[-6.33284175 -7.17354701 -0.15070073],[40.63157749],,,,
740,[-1.25443306  2.29699512 -0.66084813],[2.28827249],,,,
741,[-9.2682441   6.63390118  0.99389566],[84.64662957],,,,
742,[1.66974028 6.79615809 0.75205737],[4.23242066],,,,
743,[-0.72305982  2.27778299 -0.16632763],[0.50467641],,,,
744,[ 2.50417688  7.19603843 -0.65278501],[6.44868851],,,,
745,[ 0.65821888 -6.10598121  0.28594156],[1.40221429],,,,
746,[ 7.64329874  7.31891047 -0.61257601],[60.65048684],,,,
747,[-7.29331453  8.27243875 -0.68153495],[51.89334018],,,,
748,[ 4.09487908  3.82226818 -0.39740866],[16.14343716],,,,
749,[-0.82820509  8.84287822 -0.88692092],[0.44600222],,,,
750,[-5.31960695 -3.79932497 -0.44341341],[27.82760605],,,,
751,[7.56790433 8.93608124 0.47521947],[57.41512981],,,,
752,[-0.02321347 -0.0349689   0.56287873],[0.14667851],,,,
753,[ 5.45728538 -0.70410999 -0.39426426],[32.57850884],,,,
754,[ 9.35022538  2.35500259 -0.39032583],[87.70986457],,,,
755,[-3.15096339e-03 -7.10227880e+00  1.94517793e-01],[-1.12315691],,,,
756,[-0.30398208 -3.40654826  0.81706754],[2.34159553],,,,
757,[ 7.52186229  6.96064568 -0.62403442],[54.57805718],,,,
758,[ 4.39699816 -9.0347512  -0.12610165],[18.77350487],,,,
759,[-0.74649226  5.92590427  0.37544606],[0.03664391],,,,
760,[3.12915607 8.5990435  0.38775084],[8.13366177],,,,
761,[-6.36666321 -4.26906843  0.49909063],[39.46731538],,,,
762,[-6.98596377  4.90417813 -0.9331472 ],[47.8821685],,,,
763,[ 4.05459365 -3.57718861  0.6914418 ],[15.47378135],,,,
764,[ 0.55129444 -5.28122981 -0.85648892],[1.45001337],,,,
765,[-5.50795144 -8.80184593  0.91024669],[31.18339826],,,,
766,[ 1.99494827  1.06170971 -0.64978907],[4.65441893],,,,
767,[-6.94325127  8.01108126  0.88346905],[47.86644275],,,,
768,[-1.90832855 -9.14836466 -0.25548933],[4.55141293],,,,
769,[-8.8836459   4.83814211 -0.53634534],[80.18590306],,,,
770,[-4.12651964 -7.25296557 -0.03736607],[16.11485261],,,,
771,[-3.28457297 -2.23711053 -0.89354556],[9.36329301],,,,
772,[ 6.99964783 -8.8568348  -0.01911794],[49.94285482],,,,
773,[-0.29683796  8.56754216  0.40664583],[-0.25419735],,,,
774,[-4.91637759 -0.56429768 -0.29295234],[24.18471246],,,,
775,[ 3.42390421 -9.17914431  0.58765693],[11.97451009],,,,
776,[-0.1958518  -2.73761076 -0.58337991],[-0.95671072],,,,
777,[ 8.25338624 -7.98920218 -0.62164756],[66.47385373],,,,
778,[ 8.41941817 -8.15769619  0.26142155],[70.08421543],,,,
779,[ 2.48221733  2.56395642 -0.09341751],[5.94861277],,,,
780,[ 8.50263973  1.80271066 -0.8802747 ],[72.80407805],,,,
781,[ 2.19562637  2.13981534 -0.0549338 ],[4.23806945],,,,
782,[ 6.59252702 -9.33832815  0.67055175],[42.71985441],,,,
783,[-9.30372564 -5.67820306  0.25075304],[85.40503966],,,,
784,[ 1.89587647 -0.15206304 -0.1964741 ],[3.26421195],,,,
785,[ 1.48318752 -0.50812985 -0.09074578],[2.51944556],,,,
786,[-5.62568378  0.41944702  0.17996411],[30.01901645],,,,
787,[-0.89672324  0.06295279 -0.5343215 ],[0.95073941],,,,
788,[-4.57646875 -5.92893104 -0.98046144],[20.42421292],,,,
789,[ 8.46790222 -3.9458636   0.35327372],[69.20012043],,,,
790,[ 1.91979238 -1.8035769   0.64281496],[3.81694138],,,,
791,[ 3.47864374 -8.35504826 -0.19954276],[13.41194705],,,,
792,[ 7.38666963 -7.53659393 -0.28901957],[54.92237579],,,,
793,[2.74730266 8.82690296 0.27079972],[6.79066678],,,,
794,[-6.58784305  8.14528711 -0.89679426],[43.12200358],,,,
795,[ 1.46122617 -8.57565424  0.21711535],[3.83275178],,,,
796,[ 4.51190907 -7.96332235  0.26704114],[20.87256972],,,,
797,[ 9.33679964  3.65001561 -0.14154306],[87.37302159],,,,
798,[-0.66321313  5.645793    0.03000199],[-1.70811846],,,,
799,[ 7.51861706 -9.21919248  0.50486095],[58.45808425],,,,
800,[-2.11244046  0.57319468  0.31242205],[2.84951966],,,,
801,[-8.27747218 -9.40098036 -0.21249078],[68.22693064],,,,
802,[ 7.32807039  7.3258798  -0.87253278],[52.37009793],,,,
803,[-7.6873326   3.66884     0.80000239],[57.59530656],,,,
804,[ 3.89470134 -3.51614778  0.93277346],[16.63833107],,,,
805,[4.77108636 7.26417757 0.11158521],[22.30208824],,,,
806,[-6.16806364  6.73354168 -0.64613782],[37.78082472],,,,
807,[ 4.13849982 -1.57808812 -0.6747417 ],[17.08162953],,,,
808,[ 5.88292984 -6.7211533   0.69281805],[34.71086189],,,,
809,[ 3.75486363 -1.21251948  0.31172891],[13.13757668],,,,
810,[-7.1690308  -6.72190146  0.82698307],[51.56713075],,,,
811,[-7.64836999  0.96081668  0.09440927],[58.37655745],,,,
812,[-1.2556125   7.09097643  0.52684337],[1.74074628],,,,
813,[-1.69753816 -7.32762039 -0.64647042],[3.05264021],,,,
814,[ 0.26298639 -2.45255925 -0.28690879],[1.27521698],,,,
815,[-6.90261742 -8.8132719  -0.32551477],[47.28984408],,,,
816,[-3.08482418 -5.63844178  0.05594078],[11.10910459],,,,
817,[-5.54414487 -6.63396284  0.29962791],[29.92479364],,,,
818,[ 0.29001362 -7.45983644  0.06445093],[0.62897403],,,,
819,[ 0.86639924 -1.59501321 -0.01110682],[0.13153067],,,,
820,[ 4.00345416 -2.29691767  0.72857413],[16.76163192],,,,
821,[9.29945859 6.55179026 0.07026139],[87.46494902],,,,
822,[-2.18149019  7.27182891  0.54655269],[4.79974823],,,,
823,[ 6.01235307  4.80919608 -0.30973331],[35.33016543],,,,
824,[2.36993175 4.02512259 0.97586443],[4.93089987],,,,
825,[-7.18520187  8.33348136 -0.01094033],[51.32950671],,,,
826,[-0.37946477  3.08476924  0.00598127],[0.60386052],,,,
827,[-1.43522480e+00  9.30551460e+00  1.55153498e-03],[2.5574946],,,,
828,[4.05870374 6.32806867 0.85905101],[19.19976318],,,,
829,[-6.69918673 -3.23722516  0.53106761],[43.15605215],,,,
830,[-7.74668026 -7.51152498  0.29363515],[60.72695587],,,,
831,[-2.93032662 -4.19922304 -0.49547834],[7.48811557],,,,
832,[-2.76241914 -1.86046862 -0.7639519 ],[6.44296288],,,,
833,[4.65298612 5.48506353 0.03677134],[21.21625138],,,,
834,[-1.12264569 -6.0485461   0.67568458],[0.85362271],,,,
835,[ 1.94731526  2.86875383 -0.86259179],[2.60873249],,,,
836,[5.78916586 4.15269253 0.56219472],[32.17147117],,,,
837,[-0.15167906 -5.97378208  0.5268728 ],[-0.06199276],,,,
838,[ 4.83276549 -3.31587915  0.96740265],[23.02556502],,,,
839,[-5.59329129 -0.21077151 -0.93148212],[32.82509755],,,,
840,[ 7.9495721   1.14260493 -0.60554531],[62.5764051],,,,
841,[-4.28050215 -4.83595691 -0.67952685],[18.66584061],,,,
842,[ 2.52718462  8.03989882 -0.43352657],[4.93022547],,,,
843,[-2.51487602 -5.15092383 -0.03385722],[5.84736085],,,,
844,[ 9.14404036  6.47231413 -0.59657348],[84.21829161],,,,
845,[ 1.80526681 -5.23169722  0.9669687 ],[2.72092699],,,,
846,[ 0.36465804 -5.98854943  0.39773762],[0.17508472],,,,
847,[-3.82513722  0.09972665  0.17065159],[14.61864263],,,,
848,[ 6.29358951 -7.53989656 -0.22353621],[40.35409273],,,,
849,[ 0.06163148 -7.66096558 -0.54022899],[0.3208416],,,,
850,[-8.87855059 -6.20553039  0.51054794],[79.2607174],,,,
851,[-9.00679437 -6.64690458 -0.13809161],[80.21998648],,,,
852,[3.18423924 3.29762098 0.397808  ],[8.8305776],,,,
853,[-0.75702977 -7.8556559   0.92685339],[1.84490583],,,,
854,[-3.60914372 -3.18808112 -0.55894113],[11.43063293],,,,
855,[-5.92339727 -5.58076898 -0.73658962],[33.82561369],,,,
856,[ 0.07650645  5.15371079 -0.13945464],[-0.47806172],,,,
857,[-6.36928799  7.44104614 -0.04777956],[39.62372793],,,,
858,[4.82951884 7.49101645 0.6374868 ],[23.46109182],,,,
859,[-1.20957758 -0.68411294 -0.87888039],[0.54126637],,,,
860,[-0.51414229  5.2511006   0.3954663 ],[0.30339499],,,,
861,[-5.57246058  4.79025523 -0.51167669],[31.52558374],,,,
862,[-0.77476311 -3.25636138 -0.40141693],[0.55152961],,,,
863,[-2.3612339  -7.51158071 -0.92632058],[4.01626222],,,,
864,[ 2.95038016  6.9900415  -0.26715935],[8.1389381],,,,
865,[ 0.13694071 -6.39734127  0.54364708],[-1.75726015],,,,
866,[-2.54298184  1.6920919   0.79991189],[8.93956782],,,,
867,[8.1584251  6.29118098 0.61062011],[66.94070264],,,,
868,[-6.04380643 -4.33905706 -0.43563793],[37.40373798],,,,
869,[-2.11651093 -3.22849657 -0.82117934],[4.77762944],,,,
870,[ 1.79739515 -9.37809571  0.07284147],[4.041239],,,,
871,[ 7.06351504 -2.32528492  0.79590724],[48.2149886],,,,
872,[-1.94054897  9.32315803 -0.93741021],[4.88229968],,,,
873,[-7.03927099 -3.60841308 -0.96100639],[49.01518693],,,,
874,[ 9.03918555  9.02117213 -0.02239706],[81.77968234],,,,
875,[ 7.92360746  8.07330043 -0.54739868],[62.46423987],,,,
876,[ 2.04927999 -8.08328073  0.12674675],[2.46986564],,,,
877,[-0.03472721 -7.11741393  0.34771044],[1.17653001],,,,
878,[ 2.3349012  -3.39342563  0.74355858],[5.07619455],,,,
879,[ 3.62515889 -6.85495986 -0.62341066],[13.15703748],,,,
880,[-1.8969184   0.62068648 -0.2745857 ],[2.77696103],,,,
881,[-0.73026169 -3.76065578  0.21144271],[0.02822944],,,,
882,[-4.47152661 -6.95286582 -0.2897069 ],[20.50656069],,,,
883,[7.92962505 5.27439575 0.73398978],[62.45347009],,,,
884,[-8.21076083  5.13040625  0.35451229],[65.65648575],,,,
885,[-8.56998859  7.05832705 -0.08187631],[73.58420093],,,,
886,[-3.19760543 -3.55422286 -0.48890297],[8.59683786],,,,
887,[8.91761301 1.9029264  0.40315239],[80.76482579],,,,
888,[ 5.04855592  8.69671197 -0.08033589],[25.33979295],,,,
889,[0.72518447 2.20556658 0.80397521],[1.31748337],,,,
890,[ 1.12939431 -4.69736873  0.24765867],[3.38878398],,,,
891,[-2.03285058  8.32120991 -0.62562212],[4.29084056],,,,
892,[ 6.81662662 -7.07485068  0.92671286],[47.61709792],,,,
893,[ 8.53792706 -0.62902339  0.45768339],[72.79781913],,,,
894,[-2.16537702  4.20970488 -0.09099887],[6.17664463],,,,
895,[-7.76268036  2.54871182 -0.35673274],[61.12541001],,,,
896,[ 2.78337984 -4.7517785   0.64160723],[8.14001467],,,,
897,[-3.86891782 -7.25422706  0.57879962],[16.37360519],,,,
898,[-7.00733994  2.68033199  0.52023695],[49.23860842],,,,
899,[ 4.81376659  1.57639125 -0.46509335],[21.49021768],,,,
900,[6.51085313 4.92228524 0.89628667],[43.03642031],,,,
901,[-4.25869583 -3.02332783 -0.06128695],[18.39902529],,,,
902,[ 8.57327062  5.28292491 -0.1153662 ],[73.93556413],,,,
903,[-8.20353278 -3.13790674  0.10323011],[68.38895606],,,,
904,[-7.10820737 -8.81661122 -0.73503105],[51.63690911],,,,
905,[2.79283941 5.46882222 0.65364866],[10.73547076],,,,
906,[ 5.37315343  4.81465349 -0.61526196],[28.90417076],,,,
907,[-8.23543909  7.89513956 -0.13541314],[66.53021427],,,,
908,[-5.65791499  8.32546461 -0.19316623],[31.07810604],,,,
909,[ 2.08623672 -3.2634738  -0.02891797],[4.39911115],,,,
910,[-5.0039428  -1.51042967  0.20513645],[25.32889672],,,,
911,[ 4.94376913  3.47483943 -0.80827094],[24.85490367],,,,
912,[0.6389199 4.0660107 0.2933608],[1.46092411],,,,
913,[ 6.47921255 -8.13766106  0.70362899],[43.13198079],,,,
914,[ 3.03514095 -6.79163078  0.57829971],[9.27991906],,,,
915,[-1.44648919 -2.64944406 -0.45090242],[2.09038836],,,,
916,[-4.57617248  0.93542087 -0.31429034],[20.80118003],,,,
917,[ 5.79150216 -0.84141504  0.0918179 ],[34.13061756],,,,
918,[0.57000258 0.58596418 0.76962584],[1.18924647],,,,
919,[ 6.8356204  -0.16278588 -0.49331276],[47.62932609],,,,
920,[-4.99282043  7.22820035 -0.44528834],[25.10751171],,,,
921,[0.25957685 6.25377873 0.35549855],[-0.59194143],,,,
922,[-0.73314412 -6.43295366  0.71666455],[-0.28573081],,,,
923,[ 0.18749195  6.3317998  -0.60293621],[0.74328297],,,,
924,[ 0.8522421   3.43636392 -0.22299209],[-0.15605454],,,,
925,[ 4.08254506 -5.84456558  0.19876638],[18.09925426],,,,
926,[ 7.9524316  -2.59349673  0.53312099],[62.53221601],,,,
927,[ 8.20797885 -0.5952103  -0.3687624 ],[66.14222913],,,,
928,[ 5.56784923 -0.98278228  0.63924348],[31.87022977],,,,
929,[ 7.95800482 -0.96696016 -0.13586967],[65.19737921],,,,
930,[-8.07910184  8.76154132  0.68597072],[65.29427484],,,,
931,[-8.17630489  8.81762139 -0.69103903],[66.46462504],,,,
932,[ 4.76939917 -7.31101612  0.38352225],[22.48922057],,,,
933,[-9.01137139 -7.29994228  0.61793989],[80.95255386],,,,
934,[-8.57674468  9.05048748 -0.65118746],[71.64945244],,,,
935,[-0.28877157 -4.84073873  0.44182616],[-0.85785556],,,,
936,[ 3.7990994  -8.68974953 -0.58756295],[13.7845873],,,,
937,[ 5.29288751 -1.84308762 -0.96364277],[26.15471508],,,,
938,[-1.21821967 -0.08686312  0.46420502],[0.51092133],,,,
939,[ 8.89774985 -3.30960417  0.82827638],[78.91516935],,,,
940,[-7.40890303  6.0752851  -0.33822023],[55.31169132],,,,
941,[ 2.01446624  8.08416991 -0.97049445],[2.97308252],,,,
942,[ 8.00501271  5.49178562 -0.90896553],[63.31111304],,,,
943,[ 6.49308964 -8.21057488  0.41598081],[41.19009952],,,,
944,[5.54881219 7.54303105 0.85226724],[30.17429783],,,,
945,[-6.97103405  3.34989199  0.54227686],[48.67440306],,,,
946,[ 2.0821971  -8.16438325 -0.26859656],[4.5202079],,,,
947,[1.73762516 5.55882589 0.25583333],[3.0179069],,,,
948,[ 0.6428381  -2.32534542 -0.92915535],[-0.8741743],,,,
949,[ 2.29133321 -4.05789887  0.16348595],[3.1741014],,,,
950,[ 0.23020828 -9.08131616 -0.5345381 ],[1.05422488],,,,
951,[-3.0636291   2.71069549 -0.63955856],[9.30299775],,,,
952,[-3.38637065 -4.68584101  0.05794757],[12.12327262],,,,
953,[ 6.01912014 -3.12727883 -0.03275048],[33.95384071],,,,
954,[-2.48970633  2.42899642  0.18119831],[4.68786566],,,,
955,[-3.08699081 -1.86471707 -0.36858945],[11.27497034],,,,
956,[-3.37538274 -6.25230988  0.18247984],[11.33848843],,,,
957,[-5.39614714 -2.36174613 -0.44358006],[28.0305855],,,,
958,[ 6.5356375  -6.43700633  0.67678292],[43.2317903],,,,
959,[ 4.85514132 -4.99984141  0.90953074],[23.64219613],,,,
960,[-3.84510189  7.01022745  0.71777909],[15.15891764],,,,
961,[-5.33127709 -2.85942105  0.87021408],[27.69060577],,,,
962,[-0.65316462  5.6465904  -0.71104609],[1.07485435],,,,
963,[-5.21680948 -8.59360341 -0.3690444 ],[27.18713524],,,,
964,[-0.24704669 -8.70188306 -0.85261163],[2.0455153],,,,
965,[-5.87313513 -2.29903255  0.52094824],[34.30811532],,,,
966,[ 3.35428865 -6.84024224 -0.3588283 ],[10.23539003],,,,
967,[-3.20411067 -7.12768784  0.57942384],[10.97146073],,,,
968,[-2.14598766 -9.24380465  0.91668542],[4.65657612],,,,
969,[6.64246725 8.4287172  0.70501814],[41.93112345],,,,
970,[-4.7909438  -5.39468996  0.3452297 ],[23.52666448],,,,
971,[-1.16540131  5.99910437  0.37179112],[1.87826594],,,,
972,[ 6.67011021  6.62271758 -0.7664029 ],[44.14694674],,,,
973,[ 5.65942997  5.54611574 -0.20295777],[32.18890117],,,,
974,[ 3.37051212  9.28656247 -0.42873874],[10.65849008],,,,
975,[-7.69211215  1.65569079 -0.16181879],[59.65221118],,,,
976,[-3.94607581  6.70583271  0.8227799 ],[16.458999],,,,
977,[-9.01767303  4.39998693  0.23683718],[81.05320167],,,,
978,[ 6.81055298 -7.58001569 -0.00883899],[45.86499454],,,,
979,[-2.84110175 -3.29759719  0.51528807],[7.20187838],,,,
980,[ 4.26982038 -2.58775121  0.38003544],[18.46540992],,,,
981,[-3.77878444 -0.20111944 -0.74997711],[15.16780609],,,,
982,[ 8.14339786 -6.63346267  0.89283097],[65.47368857],,,,
983,[ 0.83449949  8.44359577 -0.74048229],[0.92167672],,,,
984,[ 8.25003959 -6.77981595  0.37133048],[68.64066957],,,,
985,[-4.11353873 -3.37576123 -0.77776806],[17.390914],,,,
986,[ 2.0694476   4.85938835 -0.31091871],[6.08768781],,,,
987,[-2.33316685 -9.30173052  0.36510937],[6.75120161],,,,
988,[-3.6941356   9.25552437 -0.60846646],[14.59932603],,,,
989,[ 3.63567235 -0.54090072  0.9820768 ],[14.55306153],,,,
990,[-4.09843708 -3.50872629  0.72933864],[17.46258723],,,,
991,[ 5.67651709  7.17820594 -0.24248744],[32.52322701],,,,
992,[-4.27480832 -2.07127138  0.26674902],[18.00415612],,,,
993,[5.90298777 3.28221648 0.17865863],[35.48437174],,,,
994,[5.20986656 5.44400008 0.02074884],[27.37874758],,,,
995,[-6.68844115 -4.9124567  -0.94545362],[44.32633957],,,,
996,[ 2.24057826 -3.56794057 -0.05668141],[3.82803832],,,,
997,[-9.08298713 -7.06175667 -0.0604257 ],[84.99714885],,,,
998,[ 4.23710846 -2.34968903  0.93590465],[16.04185092],,,,
999,[ 5.75148562 -9.24517353  0.76676029],[32.5436745],,,,
