,x_train,y_train,x_test,y_pred,y_std,score
0,[-5.83640226  1.63053976 -0.27347185],[1.06409888],[-9.42477796 -9.42477796 -1.        ],[41.22186732],[0.39068099],0.9995259642986597
1,[ 2.88073206 -5.79902228  0.69138566],[-10.49678738],[-9.23437841 -9.23437841 -0.97979798],[39.55781436],[0.30656352],
2,[ 4.83828831  3.91461983 -0.84525459],[-8.22553528],[-9.04397885 -9.04397885 -0.95959596],[37.43385822],[0.24542636],
3,[-7.46871453  8.60480062  0.72814226],[5.88709755],[-8.8535793  -8.8535793  -0.93939394],[34.9065674],[0.20463021],
4,[-3.2401645  -5.30624687  0.45696739],[13.47098704],[-8.66317974 -8.66317974 -0.91919192],[32.04681129],[0.17986136],
5,[ 8.91692872  8.3294509  -0.62495894],[-34.17467157],[-8.47278019 -8.47278019 -0.8989899 ],[28.93710273],[0.16593235],
6,[-2.10604581  6.72401622 -0.69168036],[5.37013238],[-8.28238063 -8.28238063 -0.87878788],[25.66836689],[0.15829002],
7,[7.05928953 8.75659822 0.30313563],[-6.71069206],[-8.09198108 -8.09198108 -0.85858586],[22.33630608],[0.15391069],
8,[ 4.46442293 -3.73240181  0.49589403],[-10.5584879],[-7.90158152 -7.90158152 -0.83838384],[19.03755174],[0.15115332],
9,[-8.28688797 -8.51658313  0.47576596],[24.71650931],[-7.71118197 -7.71118197 -0.81818182],[15.86580274],[0.14918415],
10,[-8.22750647 -1.85488968  0.38929216],[22.02292572],[-7.52078241 -7.52078241 -0.7979798 ],[12.90814418],[0.14751261],
11,[2.90804708 5.8086882  0.03246395],[-12.85106354],[-7.33038286 -7.33038286 -0.77777778],[10.24172264],[0.14577542],
12,[ 8.14891897  7.87642137 -0.83189566],[-21.64122429],[-7.1399833  -7.1399833  -0.75757576],[7.93092642],[0.14369713],
13,[-5.38066893  4.34345393 -0.69021082],[3.78527943],[-6.94958375 -6.94958375 -0.73737374],[6.0251844],[0.14111828],
14,[-3.88995376 -2.01455525  0.53389188],[13.06047101],[-6.75918419 -6.75918419 -0.71717172],[4.5574582],[0.13801794],
15,[-7.64245652 -1.32934523 -0.34030896],[12.67160847],[-6.56878464 -6.56878464 -0.6969697 ],[3.54346343],[0.13450356],
16,[-0.69836007  2.02766838 -0.17623667],[0.01683612],[-6.37838508 -6.37838508 -0.67676768],[2.98161876],[0.13077141],
17,[ 7.09880897  0.75420847 -0.85970932],[-3.44495196],[-6.18798553 -6.18798553 -0.65656566],[2.85368932],[0.12705308],
18,[-8.01930075  2.57970897 -0.56424643],[18.38796098],[-5.99758598 -5.99758598 -0.63636364],[3.12606422],[0.12356326],
19,[ 2.01238756  5.71576619 -0.94407865],[-5.90237269],[-5.80718642 -5.80718642 -0.61616162],[3.75158826],[0.12045873],
20,[5.88918394 4.83627542 0.97618416],[-3.47473875],[-5.61678687 -5.61678687 -0.5959596 ],[4.67185328],[0.11781289],
21,[ 4.59637598 -0.4734314  -0.95143354],[-8.6633555],[-5.42638731 -5.42638731 -0.57575758],[5.81984621],[0.11560616],
22,[0.63240918 7.15520211 0.86110387],[-3.27787495],[-5.23598776 -5.23598776 -0.55555556],[7.12284564],[0.1137315],
23,[-1.87967205  7.26513952  0.27782732],[2.49417305],[-5.0455882  -5.0455882  -0.53535354],[8.50545661],[0.11201402],
24,[-5.32859672  5.3674364   0.29541277],[2.60496909],[-4.85518865 -4.85518865 -0.51515152],[9.89267312],[0.11024288],
25,[7.18309211 7.06924953 0.31653109],[-7.63781476],[-4.66478909 -4.66478909 -0.49494949],[11.21285862],[0.10821187],
26,[ 7.09921074  8.13546538 -0.61363274],[-5.7541068],[-4.47438954 -4.47438954 -0.47474747],[12.40053689],[0.10576286],
27,[-1.41734349  9.15875902  0.90331946],[-1.29650363],[-4.28398998 -4.28398998 -0.45454545],[13.39888939],[0.10282572],
28,[ 4.0637084   2.85910585 -0.25707629],[-13.20880411],[-4.09359043 -4.09359043 -0.43434343],[14.16186124],[0.09944828],
29,[-7.24083144  3.50396848  0.37894545],[4.59698464],[-3.90319087 -3.90319087 -0.41414141],[14.65578796],[0.09581035],
30,[-0.48746506 -3.11059741  0.19396927],[0.68513766],[-3.71279132 -3.71279132 -0.39393939],[14.86046867],[0.09221528],
31,[ 6.00518338  7.73101284 -0.04050064],[-2.47351146],[-3.52239176 -3.52239176 -0.37373737],[14.76963073],[0.0890513],
32,[ 7.00742556  3.65026696 -0.25781288],[-4.07997557],[-3.33199221 -3.33199221 -0.35353535],[14.39075507],[0.08671742],
33,[-8.17994719  3.21314055 -0.81738308],[21.42860885],[-3.14159265 -3.14159265 -0.33333333],[13.74425984],[0.08552198],
34,[6.30182148 8.80608939 0.26152718],[-2.70751802],[-2.9511931  -2.9511931  -0.31313131],[12.86207197],[0.0855863],
35,[-5.94044981 -9.33596964 -0.37803843],[3.67592605],[-2.76079354 -2.76079354 -0.29292929],[11.78564988],[0.08680204],
36,[-6.95055731 -0.35486036  0.26619668],[2.66259394],[-2.57039399 -2.57039399 -0.27272727],[10.56355218],[0.08886906],
37,[-8.9425133  -3.66061807 -0.91288329],[35.27653419],[-2.37999443 -2.37999443 -0.25252525],[9.24867628],[0.0913922],
38,[-7.3505206  -6.63467059 -0.58139054],[9.9893419],[-2.18959488 -2.18959488 -0.23232323],[7.89531313],[0.09398764],
39,[2.5134764  0.59487139 0.94472842],[-10.34714173],[-1.99919533 -1.99919533 -0.21212121],[6.55617808],[0.09636037],
40,[8.9094902  4.49600997 0.32192622],[-34.32781565],[-1.80879577 -1.80879577 -0.19191919],[5.27958254],[0.09834048],
41,[3.82177447 9.38272878 0.47008174],[-16.47190406],[-1.61839622 -1.61839622 -0.17171717],[4.10690407],[0.09988209],
42,[ 3.49270638  8.49151041 -0.857789  ],[-14.40758164],[-1.42799666 -1.42799666 -0.15151515],[3.07049613],[0.10103366],
43,[-7.30551058 -4.6282102   0.95894264],[6.83594855],[-1.23759711 -1.23759711 -0.13131313],[2.192152],[0.10189006],
44,[ 3.57831916  3.87794591 -0.91771288],[-13.21388007],[-1.04719755 -1.04719755 -0.11111111],[1.48220401],[0.10253964],
45,[-8.3759003  -0.07779832 -0.7526091 ],[25.677395],[-0.856798   -0.856798   -0.09090909],[0.93930035],[0.10302135],
46,[-2.80655582  6.59288778  0.52598962],[8.24390805],[-0.66639844 -0.66639844 -0.07070707],[0.55086101],[0.10330535],
47,[9.36953027 2.759297   0.84189128],[-38.60107073],[-0.47599889 -0.47599889 -0.05050505],[0.29417468],[0.10330255],
48,[ 0.55153772  8.56043833 -0.03141214],[-2.39981949],[-0.28559933 -0.28559933 -0.03030303],[0.13806185],[0.1028976],
49,[ 8.83984923  1.09507321 -0.28244849],[-31.73901664],[-0.09519978 -0.09519978 -0.01010101],[0.04499904],[0.10199198],
50,[-5.06803694  4.50732832 -0.28311458],[5.66223029],[0.09519978 0.09519978 0.01010101],[-0.02642377],[0.10054287],
51,[-3.15545097  0.22062576  0.81360254],[11.24450414],[0.28559933 0.28559933 0.03030303],[-0.11885531],[0.09858731],
52,[ 4.97243643  3.80504769 -0.84767789],[-7.12607828],[0.47599889 0.47599889 0.05050505],[-0.27349325],[0.09624751],
53,[-3.40281575  1.68754092  0.96438731],[11.39060304],[0.66639844 0.66639844 0.07070707],[-0.52749837],[0.09371735],
54,[-5.51073357 -1.212092    0.43446757],[2.80017844],[0.856798   0.856798   0.09090909],[-0.91164916],[0.09123314],
55,[8.05604221 0.50558992 0.58435996],[-19.89474015],[1.04719755 1.04719755 0.11111111],[-1.44835693],[0.08903271],
56,[-1.48012402 -0.90116131 -0.63903314],[3.71185445],[1.23759711 1.23759711 0.13131313],[-2.15014113],[0.08730891],
57,[ 3.0991013  -2.45799527 -0.7038361 ],[-10.55490428],[1.42799666 1.42799666 0.15151515],[-3.0186401],[0.0861669],
58,[-0.95866294 -6.56489534  0.78062869],[1.50873022],[1.61839622 1.61839622 0.17171717],[-4.04420645],[0.08559727],
59,[-5.79705738  0.62521948  0.43154304],[0.58644134],[1.80879577 1.80879577 0.19191919],[-5.20610878],[0.08547618],
60,[ 5.82465449  8.53038824 -0.37819678],[-2.95276318],[1.99919533 1.99919533 0.21212121],[-6.47333369],[0.08559546],
61,[2.50950009 3.94445325 0.76477833],[-10.95894195],[2.18959488 2.18959488 0.23232323],[-7.80595545],[0.08571583],
62,[ 3.73763747 -1.6323457  -0.86483429],[-11.81450479],[2.37999443 2.37999443 0.25252525],[-9.1570144],[0.08562918],
63,[ 9.25943079 -8.53436394  0.21638887],[-34.11447945],[2.57039399 2.57039399 0.27272727],[-10.47482139],[0.08521515],
64,[-6.70021253  6.74066585  0.88169583],[-1.84840139],[2.76079354 2.76079354 0.29292929],[-11.70558424],[0.08447954],
65,[6.41614214 0.55418447 0.46872022],[-0.87800856],[2.9511931  2.9511931  0.31313131],[-12.79623413],[0.08356358],
66,[6.10283377 6.48310041 0.37963359],[-2.43758028],[3.14159265 3.14159265 0.33333333],[-13.69731649],[0.08271542],
67,[-6.61204447  5.87937283  0.16342579],[-1.09859109],[3.33199221 3.33199221 0.35353535],[-14.36580282],[0.08222171],
68,[-9.25715248 -4.41619828  0.64842879],[36.37101897],[3.52239176 3.52239176 0.37373737],[-14.7676784],[0.0823129],
69,[-8.565082   -8.91902207  0.775216  ],[29.13629422],[3.71279132 3.71279132 0.39393939],[-14.88016633],[0.08307725],
70,[ 1.00377238 -4.86353557  0.9215237 ],[-0.86179622],[3.90319087 3.90319087 0.41414141],[-14.69346176],[0.08442597],
71,[-2.57966507  4.10543494 -0.00895144],[8.27173535],[4.09359043 4.09359043 0.43434343],[-14.21187075],[0.08612868],
72,[ 3.67507215 -2.00012209  0.5548714 ],[-13.63154866],[4.28398998 4.28398998 0.45454545],[-13.45427628],[0.08789814],
73,[-8.38088987 -4.97745743 -0.06365979],[26.10978483],[4.47438954 4.47438954 0.47474747],[-12.4538872],[0.08948127],
74,[-3.85923073 -2.78995146  0.6608504 ],[13.15490618],[4.66478909 4.66478909 0.49494949],[-11.25726361],[0.09072204],
75,[ 5.53716819  3.55422403 -0.44710712],[-3.24156625],[4.85518865 4.85518865 0.51515152],[-9.92265113],[0.09158297],
76,[-7.67830913 -0.74941922 -0.31547653],[13.06662949],[5.0455882  5.0455882  0.53535354],[-8.517695],[0.09212971],
77,[-4.88576622  6.11914536 -0.0585874 ],[6.38644884],[5.23598776 5.23598776 0.55555556],[-7.11663992],[0.09249215],
78,[ 5.26800378  1.29261273 -0.07671803],[-5.14725753],[5.42638731 5.42638731 0.57575758],[-5.79715039],[0.09281992],
79,[-3.8277542  -1.66634174  0.81456667],[12.66771811],[5.61678687 5.61678687 0.5959596 ],[-4.63690811],[0.09324975],
80,[ 7.80084481 -7.1684482  -0.5283925 ],[-11.86316382],[5.80718642 5.80718642 0.61616162],[-3.71015451],[0.09389702],
81,[-3.8676267  -7.78771686  0.9280726 ],[14.11111659],[5.99758598 5.99758598 0.63636364],[-3.08434938],[0.09487321],
82,[ 0.64272238 -7.85328581 -0.90012665],[3.04527284],[6.18798553 6.18798553 0.65656566],[-2.81710834],[0.09631964],
83,[ 0.21351495 -6.89992827 -0.04974094],[1.88480041],[6.37838508 6.37838508 0.67676768],[-2.95356559],[0.09843956],
84,[ 3.11028244  3.00686757 -0.32847718],[-12.56626999],[6.56878464 6.56878464 0.6969697 ],[-3.52428409],[0.10150726],
85,[-5.89852385  4.54365194 -0.56307067],[0.37981378],[6.75918419 6.75918419 0.71717172],[-4.543805],[0.1058371],
86,[ 1.45894583  8.08213268 -0.92243465],[-3.47524797],[6.94958375 6.94958375 0.73737374],[-6.00989441],[0.11170887],
87,[-4.47154632  3.75446049 -0.2811406 ],[10.25272833],[7.1399833  7.1399833  0.75757576],[-7.90351029],[0.11927144],
88,[-9.2623478   6.41264488  0.54438021],[33.65822345],[7.33038286 7.33038286 0.77777778],[-10.18947736],[0.12847178],
89,[ 5.47089254 -8.20802454  0.48378846],[-1.81436769],[7.52078241 7.52078241 0.7979798 ],[-12.81782522],[0.13906281],
90,[ 7.02491796  6.86645923 -0.33623444],[-4.99619455],[7.71118197 7.71118197 0.81818182],[-15.72571637],[0.15072942],
91,[ 6.18288213 -4.18699351  0.69464659],[0.13059916],[7.90158152 7.90158152 0.83838384],[-18.8398667],[0.16335553],
92,[ 4.49168944 -8.66193287  0.85012796],[-9.57249322],[8.09198108 8.09198108 0.85858586],[-22.07934269],[0.17744185],
93,[-4.76266261 -0.40038295  0.74306217],[7.99731228],[8.28238063 8.28238063 0.87878788],[-25.35860746],[0.1946312],
94,[-0.18460759  4.02515223 -0.26692425],[-0.71163156],[8.47278019 8.47278019 0.8989899 ],[-28.59068098],[0.21813071],
95,[ 4.04509001  3.49256144 -0.02662486],[-13.7520902],[8.66317974 8.66317974 0.91919192],[-31.6902799],[0.25258739],
96,[-8.57825337  8.00079715  0.47862766],[25.21451262],[8.8535793  8.8535793  0.93939394],[-34.57680739],[0.30310443],
97,[-2.34926869  0.96593642  0.44738885],[6.99205221],[9.04397885 9.04397885 0.95959596],[-37.17707402],[0.37389446],
98,[-5.40011047 -4.19211681 -0.23888746],[5.30030525],[9.23437841 9.23437841 0.97979798],[-39.42764601],[0.46753457],
99,[-7.09942774  0.1367708   0.47327993],[3.73241098],[9.42477796 9.42477796 1.        ],[-41.2767363],[0.58503563],
100,[-5.30814558 -5.95733141 -0.65963763],[7.02001839],,,,
101,[-3.75790327 -7.77179917  0.88878948],[14.28465568],,,,
102,[-4.47612811 -0.14854346  0.55621113],[10.11833168],,,,
103,[ 1.48143058  6.62947395 -0.02977808],[-4.35999766],,,,
104,[-2.07176775 -3.05276737 -0.92088609],[8.0602529],,,,
105,[ 3.94229808 -7.96025347 -0.14448259],[-10.80528556],,,,
106,[0.48744506 1.09007472 0.44436471],[-0.97665906],,,,
107,[ 3.03613598  3.9101651  -0.08152926],[-12.81410972],,,,
108,[-4.77780501 -6.40265309 -0.19938187],[10.74711559],,,,
109,[-1.44732519  3.24122142  0.94453554],[0.35498521],,,,
110,[-1.71742241  6.46990344 -0.30903026],[2.56188739],,,,
111,[ 0.25287126  6.89767152 -0.80050812],[-0.76305694],,,,
112,[ 7.57622504 -0.56017182  0.08312744],[-10.75553024],,,,
113,[ 3.00267382 -4.92397233  0.46109573],[-11.02679296],,,,
114,[-7.1184757   4.598955   -0.77371115],[4.38887272],,,,
115,[-7.50514715  2.62455801 -0.88378963],[10.17674872],,,,
116,[-8.28645794  5.55843171  0.3273634 ],[21.17128756],,,,
117,[-4.69545731  6.95715011  0.20154866],[7.2250556],,,,
118,[-3.76407468 -1.15116324 -0.60903932],[14.49604167],,,,
119,[-8.38834149  4.26225588 -0.44202459],[24.28120288],,,,
120,[-1.12696138  6.12258073 -0.072438  ],[-0.27608633],,,,
121,[-1.44035686  9.0619246  -0.45688924],[0.64229251],,,,
122,[ 2.86402432 -4.87467667  0.22066282],[-10.01480482],,,,
123,[ 5.24675655 -6.04465419 -0.73389208],[-2.46944493],,,,
124,[8.55379994 6.04224445 0.79604338],[-30.27659482],,,,
125,[-1.31870577  2.75968133 -0.85991169],[2.35508292],,,,
126,[-5.04957476 -3.31145955  0.07719327],[7.4063432],,,,
127,[-8.1012203   6.67925902  0.73405699],[17.01917508],,,,
128,[-6.13396988 -7.15490885  0.89115257],[0.86071516],,,,
129,[6.4042277  6.81550956 0.85791151],[-3.04688653],,,,
130,[ 5.03676846 -5.88225485  0.02017222],[-5.16788777],,,,
131,[-8.76163601  1.25816958  0.63671944],[29.54992446],,,,
132,[-7.11847416  2.70745456  0.06914275],[3.76568709],,,,
133,[ 6.70246739 -3.59550156  0.81095951],[-1.25796991],,,,
134,[ 7.97048355 -2.16308948  0.95006156],[-18.13394672],,,,
135,[-9.00190632  0.47370463 -0.66086206],[34.52764321],,,,
136,[-0.58363827  5.40775705 -0.59095261],[-0.46952938],,,,
137,[8.73470417 3.1485236  0.88776704],[-32.38834057],,,,
138,[ 2.72943482 -6.49506196 -0.05521368],[-8.47202172],,,,
139,[-1.7314151  -2.02465546 -0.16020826],[4.67273446],,,,
140,[-3.28316904  9.12768394  0.7021526 ],[9.43652466],,,,
141,[-2.52372502 -0.7022015  -0.8001459 ],[10.25015732],,,,
142,[4.92910521 4.12823542 0.81233446],[-9.76706436],,,,
143,[ 2.68265569 -1.8039696  -0.45926523],[-8.90025342],,,,
144,[ 5.33406959 -6.541423    0.23937369],[-2.93374321],,,,
145,[-3.22813204  1.41760382  0.75478332],[11.2552792],,,,
146,[1.33021396 3.45043602 0.98501284],[-4.23465512],,,,
147,[1.12926289 3.98929866 0.11711354],[-2.4952603],,,,
148,[ 2.569532    5.55309557 -0.31781209],[-10.33003079],,,,
149,[-2.10385283 -6.55393304 -0.03812953],[8.03689297],,,,
150,[8.6684092  2.12045865 0.91530445],[-31.16653744],,,,
151,[-9.0810655  -6.62754509 -0.32371648],[36.78345814],,,,
152,[ 3.41247906 -3.62975639 -0.39043396],[-11.65121675],,,,
153,[-6.13918657 -3.52040105 -0.41178264],[1.60736712],,,,
154,[ 6.37575895  4.25945059 -0.90984114],[0.01066161],,,,
155,[1.56011096 0.25496102 0.26143182],[-3.44536724],,,,
156,[ 2.7626651   1.01071993 -0.19092952],[-10.47416246],,,,
157,[-2.48817233  8.39375222  0.99573434],[5.18548807],,,,
158,[ 8.23801044  7.01735362 -0.56699548],[-23.31859392],,,,
159,[-0.57673131  5.62643967 -0.79063639],[-0.24563024],,,,
160,[-1.55412581  1.50410102  0.4156514 ],[2.03775592],,,,
161,[ 0.87484756 -2.93873379  0.76861032],[-0.85357977],,,,
162,[ 4.85520652 -5.93836588  0.38635311],[-7.10843878],,,,
163,[-9.11260295 -6.1118984  -0.81023988],[37.59647932],,,,
164,[ 8.2186735   8.73996538 -0.73390623],[-23.23518842],,,,
165,[-9.35824865  3.39846587 -0.76382377],[36.78814228],,,,
166,[-3.51210746 -2.49010635 -0.00726811],[13.97560468],,,,
167,[ 1.45947663  9.13091365 -0.25744496],[-4.64137237],,,,
168,[ 1.16303434 -7.20253331 -0.37540565],[1.04452675],,,,
169,[ 0.31960863 -5.7774751  -0.35047284],[1.97318264],,,,
170,[-0.24283296  4.71989589 -0.68994257],[-0.32597617],,,,
171,[ 3.82636258  6.95561522 -0.05472535],[-15.09259463],,,,
172,[ 3.00926846  5.58759438 -0.793446  ],[-12.2017265],,,,
173,[-3.81208597  3.75193797  0.3673568 ],[11.84256406],,,,
174,[ 7.58297931 -5.7395353  -0.09307524],[-9.23447969],,,,
175,[-7.54821883  0.41353985  0.94289537],[8.98681907],,,,
176,[-4.97316366 -8.10344508 -0.83168564],[10.52286278],,,,
177,[ 2.63794293  8.94372025 -0.94323567],[-10.83775858],,,,
178,[-5.02527924 -9.19614143  0.24820628],[8.93755516],,,,
179,[-8.91910932  1.15348558 -0.06923726],[32.59144195],,,,
180,[ 4.98739872 -7.58831047  0.94334787],[-6.36215933],,,,
181,[ 4.84066557  5.00204758 -0.30161638],[-9.20218721],,,,
182,[ 8.81050355 -1.76616252 -0.61744267],[-30.11906134],,,,
183,[ 4.19739784  3.13492518 -0.20437756],[-12.84352221],,,,
184,[ 7.67620524 -2.56860065 -0.88909529],[-10.52585106],,,,
185,[-3.57581047 -7.51225444  0.20791725],[15.11967011],,,,
186,[5.32798559 7.51339076 0.78653452],[-7.48531114],,,,
187,[-8.24757294  2.09599389  0.40540771],[21.29513415],,,,
188,[ 0.66139363 -5.9060773   0.63948848],[0.45650469],,,,
189,[-1.540626    3.10839309  0.00797009],[2.09612178],,,,
190,[ 3.0791645   8.02420308 -0.73047544],[-13.21554314],,,,
191,[-8.27917787  6.87957177 -0.22524056],[21.41791158],,,,
192,[-7.46135934 -8.91534913 -0.75010735],[12.42255322],,,,
193,[ 5.67347285  7.66600345 -0.76278941],[-3.02311888],,,,
194,[ 6.88389485 -7.26258715  0.67169217],[-1.32996205],,,,
195,[1.2646835  0.77621282 0.52677339],[-2.65005065],,,,
196,[5.81963492 4.59882476 0.15738268],[-2.6514728],,,,
197,[2.94923887 4.73317098 0.24065692],[-13.0549099],,,,
198,[-3.81363223 -1.1424388  -0.89912824],[14.83974232],,,,
199,[ 2.11322881 -0.76830544 -0.37991471],[-5.57346987],,,,
200,[-5.92926999  9.07658422  0.90465339],[-2.91665647],,,,
201,[7.01687971 2.85359185 0.62279108],[-5.12304978],,,,
202,[ 7.36417412 -7.97708288  0.93147718],[-6.77010019],,,,
203,[ 7.33449792e+00 -1.61455875e+00 -5.63383188e-04],[-6.80424682],,,,
204,[5.32010519 0.44417128 0.0426784 ],[-4.65126932],,,,
205,[-7.35844666 -7.50674629  0.04752935],[9.50708793],,,,
206,[-8.37390329  9.29695291 -0.13822089],[22.3072619],,,,
207,[6.68277731 1.33149653 0.82085762],[-2.4798662],,,,
208,[-8.43513425  4.1566261  -0.12016568],[24.68543324],,,,
209,[ 3.66496117 -0.75728603 -0.18535898],[-12.96227288],,,,
210,[-4.15594768  3.69485765 -0.85583372],[12.6263232],,,,
211,[ 3.79362491 -8.59120579  0.04654776],[-11.12046778],,,,
212,[-3.31645916 -4.55623785  0.35833374],[13.64865855],,,,
213,[ 3.17453534 -0.6743713  -0.45131973],[-11.68486144],,,,
214,[-2.28094145 -7.93410996  0.42372828],[8.95809429],,,,
215,[-3.39944721 -0.97800577  0.09726321],[13.25283706],,,,
216,[-2.84277279 -8.60495542  0.06222619],[13.12425358],,,,
217,[7.71341581 7.12163837 0.35987301],[-15.38397725],,,,
218,[ 8.2808794  -0.77320674  0.45578638],[-23.38560616],,,,
219,[ 0.82433424 -9.41079654 -0.51500589],[2.69009905],,,,
220,[-8.4627944   2.68648878 -0.37442585],[25.89454666],,,,
221,[ 6.90584119 -7.78349986  0.62819415],[-1.29956055],,,,
222,[-5.56019192 -5.24798383  0.69538225],[3.20211913],,,,
223,[-4.07462131  5.39406029  0.80079182],[10.25802644],,,,
224,[-1.64644302 -4.35703728 -0.06687794],[4.72882735],,,,
225,[2.19935957 1.71746744 0.60424197],[-8.12098675],,,,
226,[-8.46251646  0.8559937  -0.58049472],[26.63599757],,,,
227,[ 8.80936011 -6.7665724   0.70275011],[-30.53135291],,,,
228,[ 2.97019297  8.17222397 -0.05862154],[-13.67208066],,,,
229,[-7.45358323 -6.59628611  0.52419886],[9.99771203],,,,
230,[8.69085875 4.6643461  0.73385129],[-31.95883804],,,,
231,[-6.97916156 -8.59824121 -0.18849733],[5.72097121],,,,
232,[-0.36413237  3.65909031  0.39465086],[-1.45895031],,,,
233,[-0.86141058 -5.29792335  0.83281553],[0.89929562],,,,
234,[ 4.58752803 -6.19177563  0.45078161],[-9.07091758],,,,
235,[-5.74177662  8.29527092  0.13803695],[-0.77705025],,,,
236,[-0.25168108  7.11662128 -0.90893333],[-0.67173337],,,,
237,[-2.94922845  7.94913845  0.68446516],[8.43135704],,,,
238,[4.99050382 0.90397341 0.98500071],[-8.65348733],,,,
239,[ 8.38452475  8.34508887 -0.29017172],[-26.61591601],,,,
240,[-0.38784224  7.05075413 -0.60647023],[-1.00976694],,,,
241,[ 7.32603415 -0.54871314 -0.74808943],[-5.9890887],,,,
242,[-3.17274196 -2.50708393 -0.40706712],[13.65436685],,,,
243,[-7.60002155 -0.7283543  -0.36671108],[11.84489646],,,,
244,[-9.23124915  7.95666429 -0.90351625],[34.95498505],,,,
245,[-8.13086241  8.33554755 -0.31740556],[18.50967358],,,,
246,[-4.3129959  -0.27226329 -0.92988112],[13.06881787],,,,
247,[ 4.6460916   5.97247489 -0.02310805],[-11.28036792],,,,
248,[-9.00122289 -1.09686098 -0.11055412],[34.19778744],,,,
249,[ 9.33746048 -5.14710436  0.78314482],[-36.24090786],,,,
250,[ 0.38664408 -3.61002926  0.48155225],[0.24526686],,,,
251,[ 4.80601039 -4.9678866  -0.52832608],[-6.51644913],,,,
252,[ 2.80294292  2.69703762 -0.61686009],[-10.57103231],,,,
253,[-2.0727663  -5.7567733  -0.24732348],[7.8822538],,,,
254,[-2.51370325 -4.85721343  0.14101563],[10.02855621],,,,
255,[ 1.81109997 -3.01215511  0.34033168],[-4.06098222],,,,
256,[ 2.66728368  1.62039444 -0.50072926],[-9.64735614],,,,
257,[-2.23597596  0.79292381  0.41844463],[6.31609848],,,,
258,[-9.18708236 -5.66357932 -0.90976199],[38.25415072],,,,
259,[-7.14795536 -3.18419808  0.49846393],[5.11434277],,,,
260,[-4.20374214 -8.66578107 -0.19813113],[14.84353647],,,,
261,[8.65827844 2.22236265 0.98287489],[-31.1245267],,,,
262,[-9.21974663  6.82791159 -0.69055313],[34.91289441],,,,
263,[-1.54437688 -7.62787088 -0.84218547],[6.09438707],,,,
264,[-3.95063217 -7.21867219  0.68855333],[14.10308175],,,,
265,[-9.39073075 -7.1812114  -0.5030676 ],[39.42248391],,,,
266,[-6.67220519  5.40011966  0.88706477],[-1.65628931],,,,
267,[-1.68782885 -2.22504372  0.29333618],[3.90042581],,,,
268,[-0.56568521  7.97763151 -0.87607418],[-0.75829402],,,,
269,[-6.06405576  8.36165424 -0.69343431],[-1.02029667],,,,
270,[ 2.43111268 -0.02649951 -0.99223839],[-7.05267514],,,,
271,[ 8.12433649 -4.03442295  0.40854012],[-19.66852672],,,,
272,[-0.40745304 -0.97452505 -0.75148513],[1.31300851],,,,
273,[ 4.0455724   3.06508999 -0.99465599],[-12.34167661],,,,
274,[-1.77399344  6.16348987 -0.38539959],[3.06720801],,,,
275,[ 6.39381713 -6.41622556 -0.75814008],[2.64694867],,,,
276,[ 8.19633043 -6.6741625  -0.37885978],[-19.19324559],,,,
277,[-2.24791175  7.7923751   0.96871663],[3.80183762],,,,
278,[ 7.76529122  5.85677245 -0.6785196 ],[-14.54821316],,,,
279,[ 8.14272105 -9.12922526 -0.49394166],[-17.4312204],,,,
280,[5.72763108 2.17123399 0.57768694],[-3.02818247],,,,
281,[-0.74784816 -6.01406024  0.67102605],[1.09723429],,,,
282,[-8.19064255  5.05301866  0.97229953],[18.74562133],,,,
283,[ 4.12023597  6.66103673 -0.51885953],[-13.67780268],,,,
284,[-3.89751622 -3.69478831  0.45520906],[13.5912545],,,,
285,[-4.77472905  1.05185117  0.15130594],[8.29904572],,,,
286,[-7.79174145 -5.30517393  0.84595489],[14.62866322],,,,
287,[5.48531304 5.452472   0.98394244],[-6.01321663],,,,
288,[ 3.69299735 -4.32023015  0.86318274],[-13.41795877],,,,
289,[ 3.75448773 -4.90094593 -0.56018747],[-11.33542986],,,,
290,[4.86041556 0.93897098 0.57485023],[-9.13931404],,,,
291,[-2.24662688 -4.09322859  0.47511652],[7.63213773],,,,
292,[-1.59476799  1.98112042 -0.68616393],[3.57497904],,,,
293,[ 2.87705851  0.28873158 -0.92147765],[-9.94110702],,,,
294,[6.70839438 5.36582211 0.38107891],[-3.11317875],,,,
295,[ 7.68884665 -3.84125514 -0.89883259],[-10.37230243],,,,
296,[7.4344945  1.94105207 0.26264724],[-9.52921186],,,,
297,[ 0.15657979 -3.68679802 -0.58041098],[1.75330389],,,,
298,[ 4.01837856  0.4677851  -0.28813932],[-12.6708625],,,,
299,[ 8.66443943 -6.0079234  -0.25067816],[-27.36732366],,,,
300,[ 2.99294822 -5.79849629 -0.90870121],[-8.92041494],,,,
301,[ 0.13987343 -3.54588129  0.20963283],[0.66333552],,,,
302,[-2.71781429 -6.07163125 -0.20508559],[12.06886986],,,,
303,[-5.24384436 -4.06259547 -0.85618623],[7.30556755],,,,
304,[ 3.19653591 -5.20237421  0.78327293],[-12.19164427],,,,
305,[ 2.31292748 -1.41555846 -0.38618505],[-6.72406733],,,,
306,[-8.53729964 -7.54427807  0.32902539],[28.91342409],,,,
307,[-5.03408407  4.88342305  0.15991592],[5.25435423],,,,
308,[ 7.30201954 -3.43121555  0.12818284],[-6.06979754],,,,
309,[-3.54219773 -2.27375824  0.28618464],[13.55634141],,,,
310,[-5.3333085   3.56445413 -0.86702607],[4.59084358],,,,
311,[7.17507005 4.33029506 0.134569  ],[-6.55886243],,,,
312,[-9.18369008  0.94334105 -0.52349804],[35.98026287],,,,
313,[ 4.15873682 -0.87927313  0.82652526],[-13.31710046],,,,
314,[-7.16189082  8.35728264 -0.4086606 ],[3.40665241],,,,
315,[-5.39824166  7.41909612  0.89060051],[0.7194126],,,,
316,[-3.18006547  1.23417379 -0.92978627],[13.38646493],,,,
317,[ 6.5783279   6.18440407 -0.0630323 ],[-2.12220181],,,,
318,[-0.21044598  0.14475354 -0.74278946],[0.96512124],,,,
319,[-2.86244146 -2.28029315  0.31432368],[11.20627154],,,,
320,[-6.67263349 -4.33236366  0.33506063],[1.70242756],,,,
321,[1.65183148 4.8827195  0.77708075],[-5.82722662],,,,
322,[-6.58652897 -6.01217221  0.43801606],[1.61234935],,,,
323,[ 7.4861588  -1.96548437 -0.16368948],[-8.67616874],,,,
324,[-1.86656345  8.3091046   0.91126098],[1.30859749],,,,
325,[ 2.27498625 -4.92769394 -0.75430872],[-5.01516121],,,,
326,[-7.46142738 -0.89135279 -0.50371919],[9.95443125],,,,
327,[-8.51189447 -3.45671259  0.63185429],[26.9909157],,,,
328,[-9.08897685 -0.83693914  0.74861195],[33.89479151],,,,
329,[ 1.54950898 -5.15082712 -0.26361852],[-1.24834394],,,,
330,[6.38296419 4.39536995 0.72158201],[-2.20061977],,,,
331,[-4.10483996 -7.19499829  0.93436533],[13.33441528],,,,
332,[-2.52704378 -7.59820763  0.19060876],[10.78405596],,,,
333,[-0.09941743  0.54657869  0.96189097],[-1.43086634],,,,
334,[ 6.03036625 -8.52612212  0.85669386],[0.75320704],,,,
335,[-4.31872242 -3.96510677  0.06069531],[12.71195329],,,,
336,[ 2.4407396   8.08916264 -0.18879728],[-10.34261659],,,,
337,[-2.44337465 -8.84224461  0.99226353],[9.50292097],,,,
338,[ 1.03012428  0.52851008 -0.94579673],[0.13953729],,,,
339,[-1.99679599  6.03999586  0.62761635],[3.10868075],,,,
340,[ 6.50582671  0.18731327 -0.35706442],[0.10980149],,,,
341,[ 0.82556267  3.18407194 -0.56684843],[-0.62017756],,,,
342,[-3.88563149 -6.56539768 -0.49660563],[15.65962932],,,,
343,[3.73660751 8.75466379 0.60219083],[-16.51535567],,,,
344,[-5.22978387 -3.8501185   0.98074527],[4.91241937],,,,
345,[-8.81043822  6.81779253 -0.20012891],[29.87204294],,,,
346,[-8.7954636  -2.82759163  0.56379488],[31.22249909],,,,
347,[ 4.62448521 -8.08238747 -0.09612569],[-7.58005919],,,,
348,[ 4.65281238 -6.78776118  0.09997851],[-8.00492851],,,,
349,[4.54814801 9.35135873 0.98877811],[-14.18647075],,,,
350,[ 0.33499564 -7.5454423   0.29156128],[1.58919149],,,,
351,[ 1.47832879 -7.79370381 -0.09146807],[-0.43780058],,,,
352,[ 1.43291906  5.11114077 -0.89252189],[-2.59546248],,,,
353,[ 1.97728992  2.45098113 -0.53669216],[-5.34540404],,,,
354,[-3.48710531 -5.94828269  0.16638575],[14.62823475],,,,
355,[-7.08509598 -3.90308521  0.33293064],[4.83004457],,,,
356,[ 0.85153261  2.85596054 -0.9212471 ],[-0.10326631],,,,
357,[-8.45442932  9.18613069  0.73079178],[22.54606047],,,,
358,[ 0.13308668 -5.8292276   0.12329442],[1.39168902],,,,
359,[-3.83463395 -3.44996224  0.82296125],[13.12730262],,,,
360,[-1.84414098  8.83595508  0.57414264],[1.46923773],,,,
361,[-1.13610992 -4.51014922 -0.82957388],[3.5958591],,,,
362,[-5.49707013  8.9628447  -0.02798178],[0.8118981],,,,
363,[6.65762032 2.74342878 0.5568637 ],[-2.38389627],,,,
364,[-4.68665201  3.48438871  0.20984725],[8.21696972],,,,
365,[-0.81462554 -0.25048191 -0.59945517],[1.36113355],,,,
366,[ 3.88504338 -3.34837844 -0.21992401],[-12.04192796],,,,
367,[-4.31601814 -9.18499608 -0.87564926],[15.35565229],,,,
368,[9.12082658 0.86555291 0.65946047],[-36.08306106],,,,
369,[ 2.49274191 -9.00640783  0.9168715 ],[-7.60601801],,,,
370,[7.00430663 8.65226115 0.53231006],[-6.43886589],,,,
371,[0.56948684 0.89147927 0.18381785],[-0.662825],,,,
372,[-8.12787755  1.3777734   0.06494041],[19.81283094],,,,
373,[-8.1366498   4.2585672  -0.94866553],[20.55599974],,,,
374,[ 1.06631661 -0.49179164  0.04262115],[-1.01870343],,,,
375,[ 4.88620306  4.220459   -0.57796829],[-8.27430502],,,,
376,[ 6.41268087 -2.34530689  0.69880426],[-0.40578666],,,,
377,[-2.48921149 -4.8540706  -0.92515246],[11.29610272],,,,
378,[-6.82858607 -7.24283267  0.59903359],[3.07234577],,,,
379,[-4.88295684  1.12411676  0.05734568],[7.57239923],,,,
380,[-3.51096626  1.11497636 -0.95959634],[14.29405202],,,,
381,[ 7.74439152 -8.36391396  0.05308986],[-11.37858867],,,,
382,[ 5.76544378 -1.96186722  0.94296695],[-2.22435573],,,,
383,[-7.44259063 -7.8765705   0.40308821],[10.32117506],,,,
384,[ 3.68845091 -1.93143233  0.31295907],[-13.30484136],,,,
385,[-5.75609116 -0.03779483 -0.79445845],[2.58197084],,,,
386,[ 3.78591204 -8.89923828  0.9931149 ],[-12.32640034],,,,
387,[-6.68938185  1.86871103  0.43719614],[-0.0235708],,,,
388,[-1.81148937  4.46306507  0.07761061],[3.11146597],,,,
389,[ 6.45974309 -4.66410511 -0.49439565],[1.71412584],,,,
390,[0.11835133 6.93568306 0.96189908],[-3.131237],,,,
391,[-2.30973045 -2.2054663   0.2156669 ],[7.8910564],,,,
392,[4.90838611 6.24565221 0.50643967],[-10.09958631],,,,
393,[ 1.29384876 -1.73911996 -0.15208315],[-1.1859374],,,,
394,[ 1.09821452 -2.51721353 -0.33547577],[-0.05951117],,,,
395,[ 6.36635444 -5.56474649  0.00955311],[1.42760126],,,,
396,[-7.52000287 -2.72639368  0.08148162],[10.54717035],,,,
397,[-6.16660647 -9.16957622 -0.1015055 ],[2.66460376],,,,
398,[ 7.69237291  0.75451521 -0.66620844],[-11.96968428],,,,
399,[-3.74804724 -1.11488269  0.52658467],[12.99789002],,,,
400,[ 6.76684608 -4.36020256 -0.09983185],[-0.21155981],,,,
401,[-2.3845544   0.04041021 -0.69010018],[9.00286301],,,,
402,[-1.50899129 -4.55990281 -0.65946295],[4.85398572],,,,
403,[-7.29507191 -0.46073339 -0.05525908],[6.9180919],,,,
404,[ 7.85066143 -4.6908226  -0.2030222 ],[-13.8281952],,,,
405,[-2.73681172  0.79568854 -0.83251325],[11.1817336],,,,
406,[-7.71596382  2.38833174  0.85649551],[11.26500687],,,,
407,[-3.43045578 -7.02086907 -0.8464987 ],[16.18016052],,,,
408,[-2.93562337 -4.92064621  0.86109329],[11.54945492],,,,
409,[3.15001473 1.01839571 0.91913267],[-13.86291517],,,,
410,[-3.32340195 -4.86639818  0.2502357 ],[13.88902561],,,,
411,[1.03557101 2.50045932 0.48035018],[-2.31572942],,,,
412,[-9.23821259  3.00409257 -0.03026294],[35.1646894],,,,
413,[ 2.93235421 -7.42046321  0.66485904],[-10.29912916],,,,
414,[-5.89616611e+00  6.03089939e+00  9.19656480e-04],[-0.75066903],,,,
415,[ 2.57899844 -4.72389627 -0.07950378],[-7.98487904],,,,
416,[ 8.92309744 -4.00577554 -0.39037657],[-31.26600082],,,,
417,[-5.65185621  8.05141794  0.48083739],[-0.6578704],,,,
418,[-6.64633841 -7.86298509  0.70530282],[1.98696624],,,,
419,[-6.25231797 -1.54741797 -0.57733717],[1.19525221],,,,
420,[ 9.36037409  7.20050524 -0.74947437],[-37.60351063],,,,
421,[ 4.63140711 -5.17315267  0.29277364],[-8.84584146],,,,
422,[-8.17764452 -8.7750439  -0.539158  ],[24.21389947],,,,
423,[-6.63781096  5.682083   -0.58539581],[0.0798423],,,,
424,[-2.8606412   7.13146018 -0.13827632],[9.29834091],,,,
425,[ 9.18274904 -0.2820353  -0.36100838],[-34.95476279],,,,
426,[ 1.87041231 -7.84998948 -0.58235089],[-1.89400554],,,,
427,[-8.63493702  3.09988611  0.53135748],[27.33977515],,,,
428,[ 4.13532899 -0.64332942 -0.06671028],[-12.27463057],,,,
429,[ 5.36472534  9.37833299 -0.07480312],[-6.54403124],,,,
430,[3.67432555 3.12811585 0.57815745],[-15.03234698],,,,
431,[8.64181217 1.07441199 0.44368473],[-29.85996148],,,,
432,[1.45616741 2.34655548 0.48594391],[-3.78891816],,,,
433,[ 9.18217257 -1.92054793 -0.74513765],[-34.01186347],,,,
434,[-3.62372066 -3.06238836 -0.26251972],[14.57756774],,,,
435,[-3.97108167 -1.83386675  0.70455501],[12.60561562],,,,
436,[-9.18156897 -7.6010851   0.4501092 ],[36.92937008],,,,
437,[ 6.33128012  1.58619472 -0.51885906],[0.2502448],,,,
438,[2.0508007  8.30677963 0.46093747],[-8.71033607],,,,
439,[ 3.30147764  4.60197991 -0.73144047],[-13.10724968],,,,
440,[ 8.1612355  -7.35897066  0.8036291 ],[-19.97921157],,,,
441,[ 5.2521887   3.59632135 -0.4187839 ],[-5.39839883],,,,
442,[-8.67567188 -7.17596239 -0.32293035],[31.83368547],,,,
443,[ 2.37164066 -4.19496672 -0.80002092],[-5.79969299],,,,
444,[1.42607421 0.28763042 0.16824242],[-2.68911439],,,,
445,[ 4.52564381  9.22111448 -0.17020133],[-12.75320573],,,,
446,[2.43864197 0.06247615 0.53960855],[-9.16369621],,,,
447,[ 9.15946228 -5.26117382 -0.11276644],[-33.77017006],,,,
448,[ 5.06405801 -6.79272158 -0.70711624],[-3.76096115],,,,
449,[ 2.37256319 -1.86924956  0.8426146 ],[-8.61338796],,,,
450,[ 8.45157442 -6.84376006 -0.93733723],[-22.8456575],,,,
451,[-9.12328801  7.59508931 -0.7997816 ],[34.04677814],,,,
452,[-0.43572664  4.54246539  0.54902381],[-1.86540941],,,,
453,[-4.42747749 -8.46484568  0.40496341],[12.85078685],,,,
454,[-5.88473579  0.21600845 -0.69063802],[1.75522655],,,,
455,[-7.21654767  3.75815881 -0.95284449],[6.00138299],,,,
456,[-8.46395675 -1.22300476  0.49217339],[25.79062994],,,,
457,[-7.11665776 -0.61032296 -0.63176706],[5.57313456],,,,
458,[-0.73119359  7.94282833 -0.30024731],[-1.35638669],,,,
459,[-0.81851794  3.92741114 -0.72747027],[0.43723902],,,,
460,[ 4.03883567  3.81488185 -0.16192103],[-13.68644736],,,,
461,[-3.23266527 -0.86723896 -0.78654562],[13.92765933],,,,
462,[ 5.27869574  8.07587661 -0.83046557],[-5.85357789],,,,
463,[-7.73986774 -5.3894254  -0.90083008],[16.10156142],,,,
464,[ 0.87016807 -6.13061745 -0.80895764],[2.10322685],,,,
465,[-2.66277817 -8.4221033   0.59062086],[11.33092973],,,,
466,[-1.52228636  5.59298719 -0.20846236],[1.63405896],,,,
467,[1.55428493 1.57814354 0.22661297],[-3.72776337],,,,
468,[-7.08689103  0.14576486  0.81454561],[3.12431531],,,,
469,[-8.99165278  0.2921382  -0.75666086],[34.60548049],,,,
470,[ 6.32764814 -4.18670988  0.95365167],[-0.17308766],,,,
471,[2.28319136 3.04079121 0.83103878],[-9.32436238],,,,
472,[ 2.25653178 -3.72211335  0.22604561],[-6.55516161],,,,
473,[-0.36622217  4.96615664 -0.10510547],[-1.13603567],,,,
474,[ 0.11999823  8.03200039 -0.3557828 ],[-1.66656417],,,,
475,[-1.99549973  6.09776573 -0.37565788],[4.40414882],,,,
476,[3.59902656 3.3481291  0.38405897],[-14.80678118],,,,
477,[-5.76524436  8.45405283 -0.90925351],[0.46008138],,,,
478,[-6.08615066  7.72018612 -0.40705664],[-1.288157],,,,
479,[-4.7376017  -4.74888715 -0.23085603],[10.63175489],,,,
480,[ 6.58357461 -3.59738915  0.9858553 ],[-0.9440849],,,,
481,[ 6.39623287  0.65662295 -0.85704664],[0.88905662],,,,
482,[-4.33395558  8.75324586 -0.70755184],[10.26453343],,,,
483,[ 5.36109641 -1.51273459  0.37637133],[-4.2720834],,,,
484,[-3.00028419e+00  9.17877780e+00  1.65801775e-03],[9.27155667],,,,
485,[-1.30755952 -0.30652455  0.46778736],[1.35353179],,,,
486,[6.63474814 1.82170155 0.5494502 ],[-2.01523909],,,,
487,[-0.2801215   8.16036767  0.47008457],[-2.78966715],,,,
488,[ 6.26021065 -3.24513669 -0.96581855],[2.14824164],,,,
489,[-5.09214207  8.45130113 -0.71040134],[4.96687423],,,,
490,[-1.25827025  6.21676737 -0.19473214],[0.3138545],,,,
491,[ 1.56255183  2.03152185 -0.50539606],[-2.91358429],,,,
492,[-6.51396255 -6.39100733  0.14981114],[1.85143623],,,,
493,[ 0.72653597 -3.12647731  0.62951668],[-0.35528624],,,,
494,[ 1.77706875 -8.88434187  0.85740411],[-2.98914361],,,,
495,[ 2.12684518  6.88344477 -0.848603  ],[-7.08610195],,,,
496,[2.8979615  3.34516511 0.65434996],[-12.97959507],,,,
497,[7.85660049 7.53741267 0.60244164],[-18.26410179],,,,
498,[ 2.20652811 -8.12021576 -0.4441561 ],[-4.14435137],,,,
499,[3.33680643 4.03936506 0.83806934],[-15.16537184],,,,
500,[-0.78643303 -2.53013852  0.69467528],[0.10826177],,,,
501,[ 7.75648746 -1.43059135 -0.24458361],[-13.15806961],,,,
502,[-3.69336074 -2.44709777  0.42199661],[13.36121263],,,,
503,[-2.59659627  1.32334785  0.51238497],[8.33837341],,,,
504,[-6.07962666  7.45932571 -0.50047249],[-1.09176009],,,,
505,[ 0.91482251 -3.47197049 -0.05416817],[0.38633844],,,,
506,[ 3.86229887  1.73965009 -0.38987283],[-13.16568732],,,,
507,[-9.08715502 -9.05220362 -0.8949308 ],[38.18319963],,,,
508,[-1.47567976 -8.13663674 -0.20785971],[5.18502748],,,,
509,[-7.21360157 -2.7981599   0.04356843],[6.3068134],,,,
510,[-6.74640486  2.91540856 -0.86686358],[1.69976418],,,,
511,[-1.44324213 -0.56442565 -0.90725124],[3.82584594],,,,
512,[-6.63163848  5.74253008  0.24602401],[-1.07785343],,,,
513,[ 4.25110129  1.8171658  -0.89392622],[-11.34935498],,,,
514,[ 1.845598    0.38331308 -0.99647538],[-3.41814477],,,,
515,[-7.9645346  -1.13492963  0.05894877],[17.5645987],,,,
516,[4.32517627 6.34096893 0.73942285],[-14.57767394],,,,
517,[ 7.71332373 -7.76649435  0.26806566],[-11.28650128],,,,
518,[-8.26278004  6.66465159  0.30120458],[20.41865211],,,,
519,[-8.24414256  0.322681    0.24055236],[21.87900336],,,,
520,[-6.8067146  -9.19220444  0.28634344],[3.88232355],,,,
521,[-0.53792353 -1.47261342  0.94606292],[-0.75552745],,,,
522,[ 4.49207911  3.48230389 -0.86793327],[-10.37808083],,,,
523,[-5.33753185  4.93122917  0.3084959 ],[2.5730187],,,,
524,[-4.56923664  4.62444984 -0.79302984],[10.01902783],,,,
525,[-4.74313976 -3.27478831  0.40062638],[9.28124869],,,,
526,[ 0.95323225 -5.22354787 -0.62730665],[1.42848464],,,,
527,[1.91642378 8.40311599 0.43292904],[-7.8261604],,,,
528,[ 4.59404809  3.08541064 -0.6693013 ],[-9.86583934],,,,
529,[-6.86541735  0.50084331 -0.79897735],[3.16320406],,,,
530,[ 8.94743737  0.25228197 -0.89692457],[-31.98162064],,,,
531,[-0.94618577 -6.65530435  0.68933473],[1.5750301],,,,
532,[-0.65223668  6.54541621 -0.59783236],[-0.53183361],,,,
533,[-9.2522071   0.06828025 -0.8425489 ],[37.17319066],,,,
534,[-4.77787002 -8.84610909  0.99202428],[9.95399372],,,,
535,[7.61362995 7.29417899 0.9937074 ],[-14.79285287],,,,
536,[ 2.98718249 -7.42098202 -0.60940681],[-8.76516802],,,,
537,[ 0.19539599  5.36961379 -0.74161054],[-0.47980854],,,,
538,[-1.65892693 -6.4195957   0.88285873],[4.05565026],,,,
539,[-3.09449506e+00  3.57005778e+00  4.28881228e-04],[11.10688137],,,,
540,[-1.34200105  9.26668498  0.69976193],[-1.40847607],,,,
541,[ 0.9224666  -9.25630021 -0.97445605],[3.06620369],,,,
542,[-3.59760733 -8.61257578  0.99841488],[14.34725425],,,,
543,[-6.46120318 -8.42132755 -0.72678635],[3.38564297],,,,
544,[-5.89141344 -6.11521651 -0.95352751],[3.79780279],,,,
545,[ 5.45292472  5.17924759 -0.58358789],[-3.87272725],,,,
546,[-6.19117863 -0.5700455  -0.90327482],[1.36703092],,,,
547,[ 2.46912859 -1.92491738 -0.81778731],[-6.97225433],,,,
548,[ 0.58141681 -1.29947532  0.70743055],[-0.7863252],,,,
549,[-8.05089434  5.89003172  0.20083931],[17.10687358],,,,
550,[-8.88319761  2.95522432  0.28261068],[31.30932585],,,,
551,[-2.42896341  6.04630865  0.22881642],[6.52563022],,,,
552,[-4.78148652  1.92529118  0.18888648],[8.064318],,,,
553,[ 0.50227201  3.41392845 -0.01810371],[-0.97993928],,,,
554,[ 7.02535936 -3.63321218 -0.24513333],[-2.20259712],,,,
555,[4.1778254  4.47324773 0.32687778],[-14.00469673],,,,
556,[-1.90396655  2.92282577  0.97814353],[2.5733836],,,,
557,[-3.92524349 -4.40153835 -0.79796892],[15.55280085],,,,
558,[-3.12676551  6.50774095  0.95588845],[9.26209572],,,,
559,[-7.54000442 -5.32241468  0.80912788],[10.4780534],,,,
560,[ 4.25203808  5.9076128  -0.14232222],[-13.23952723],,,,
561,[4.54264178 0.14775879 0.18751166],[-10.77720653],,,,
562,[-8.95793192e+00 -1.53611220e+00 -2.26939663e-03],[33.83006315],,,,
563,[ 8.93342466 -0.83732065 -0.53564706],[-31.93380774],,,,
564,[-8.5600394  -9.1522064  -0.30040693],[30.41853351],,,,
565,[ 1.76624856 -0.10960303 -0.73009929],[-3.20481963],,,,
566,[ 6.41630208  6.57007411 -0.48392375],[-1.13325195],,,,
567,[ 6.10267238 -2.86127589  0.36713875],[0.16603779],,,,
568,[ 9.2967601  -1.85943797  0.02450156],[-35.89366309],,,,
569,[ 2.71602686 -4.29889904  0.92421806],[-10.32519119],,,,
570,[ 4.50988073  7.11515087 -0.24082884],[-12.14644038],,,,
571,[-5.36842641  5.89731671 -0.3835747 ],[2.98620292],,,,
572,[-1.37673826  4.92667924  0.64508562],[0.06539058],,,,
573,[-1.24101195 -4.61713925  0.08032609],[2.75529655],,,,
574,[-7.54940054 -3.32737501 -0.66396497],[12.06296818],,,,
575,[ 0.82491777 -5.51619816  0.87326269],[-0.2158409],,,,
576,[ 1.12983076  9.34282792 -0.46189697],[-3.23616168],,,,
577,[-6.26290255 -1.44275549 -0.92597224],[1.51072622],,,,
578,[ 7.14797812 -3.70611336  0.10880589],[-4.26236812],,,,
579,[-2.29958857 -0.291483    0.56472234],[6.82425303],,,,
580,[-3.02435591  8.67155356  0.31121067],[9.19259344],,,,
581,[-8.97800248  2.99348773  0.88534232],[31.61202781],,,,
582,[-6.57922714  6.55996385 -0.86390053],[0.0066115],,,,
583,[-7.05557423 -7.26806317  0.45814813],[5.24483092],,,,
584,[-4.76503193  7.18451667 -0.73250568],[7.94801645],,,,
585,[-5.84223698 -0.019769    0.2216331 ],[0.65563459],,,,
586,[ 0.40208469 -1.39035104  0.26674567],[-0.11553943],,,,
587,[8.24747316 0.93917941 0.57989403],[-23.51680729],,,,
588,[-6.84402635 -4.61702451 -0.2163582 ],[3.46886299],,,,
589,[ 6.80169     5.21220532 -0.55362771],[-2.38107149],,,,
590,[-3.74554516 -1.26409955  0.50871534],[13.15079987],,,,
591,[-1.68701768 -1.59030832  0.4412417 ],[3.70437432],,,,
592,[ 4.55522439 -2.26062457  0.02799936],[-9.61804993],,,,
593,[-2.2429976  -0.92590719  0.59795017],[6.60203257],,,,
594,[ 3.60614147 -1.08511541 -0.41073524],[-12.70563668],,,,
595,[-3.10813322 -7.99353798 -0.99306958],[15.50420639],,,,
596,[-8.66747399  3.86194812 -0.39913321],[28.86051205],,,,
597,[-0.09317224 -8.09107673 -0.73374378],[3.16363148],,,,
598,[ 8.12240058  9.00975263 -0.34469475],[-22.12949729],,,,
599,[-2.12261525  4.49676487 -0.6609318 ],[6.11888423],,,,
600,[-2.93790062  7.46084663  0.79095187],[8.40434911],,,,
601,[8.75073341 0.61197497 0.77165586],[-31.82200724],,,,
602,[ 0.87708291  7.4572655  -0.0760078 ],[-2.36553175],,,,
603,[-5.99455451 -7.56939542  0.3122886 ],[2.24459826],,,,
604,[-1.71810096 -8.67346487  0.54911053],[5.55044684],,,,
605,[ 2.64769216 -8.37068367  0.19174817],[-7.67431965],,,,
606,[ 4.79398734 -6.5722908   0.34715323],[-7.10676211],,,,
607,[ 4.57314544 -0.85077064  0.34847549],[-10.34681418],,,,
608,[2.34726162 3.561699   0.60301237],[-9.5479107],,,,
609,[-3.67328734  1.56362584 -0.39585939],[13.48399026],,,,
610,[-2.00613125  3.56455137  0.93695163],[3.35382363],,,,
611,[ 9.24614402  0.29138384 -0.61195244],[-35.3280312],,,,
612,[-5.58339973  6.59240688  0.12108871],[0.49719974],,,,
613,[ 0.99744431 -4.10404166  0.38321214],[-0.27709329],,,,
614,[1.62979686 6.40335693 0.33884956],[-5.39378599],,,,
615,[-9.04403495  6.67344703 -0.96187997],[33.89047275],,,,
616,[ 7.46177968  5.33201009 -0.12546701],[-10.40268874],,,,
617,[8.8596281  3.6959493  0.05509426],[-33.0562735],,,,
618,[8.69470855 5.52749995 0.8063277 ],[-32.35550097],,,,
619,[-3.49740965 -7.20123209  0.98655049],[13.97949652],,,,
620,[-2.83960637 -3.80451756 -0.07340057],[11.97825064],,,,
621,[9.20658193 8.10172877 0.92186421],[-39.32420919],,,,
622,[4.10162759 7.6852763  0.53434009],[-15.42334279],,,,
623,[-8.99354356 -3.5916947  -0.20609644],[34.94142436],,,,
624,[-2.00888474  3.08930557  0.78747437],[3.82813767],,,,
625,[ 8.91697459 -7.68705641  0.5287213 ],[-31.49942515],,,,
626,[-8.94383803  7.37566724  0.10332027],[31.17324039],,,,
627,[ 0.12641771 -1.84324169 -0.13618456],[0.55522329],,,,
628,[-7.52454382  3.55946026  0.32854383],[8.54899434],,,,
629,[ 1.63340607 -0.42297025  0.81138048],[-4.32158347],,,,
630,[ 7.17854755 -7.65350773  0.6228685 ],[-4.00315974],,,,
631,[-7.96214064  3.10733962 -0.15578111],[16.65233703],,,,
632,[6.9669852  3.87312573 0.98043673],[-5.49866664],,,,
633,[-8.11283795 -2.21333483 -0.16701499],[20.77789425],,,,
634,[-1.22931128 -8.10414832  0.54911467],[2.8720161],,,,
635,[-5.89259899 -0.79031013  0.75519159],[-0.03114848],,,,
636,[-0.20487413  8.38959122  0.34095621],[-2.76369624],,,,
637,[-8.16551108  7.47422279  0.52098316],[18.45531575],,,,
638,[-3.63022324  1.52168643  0.48617275],[12.26842088],,,,
639,[ 7.28721938  9.16947864 -0.87737823],[-7.86058551],,,,
640,[-4.11778689  1.19053346  0.84376094],[11.14196104],,,,
641,[3.7697192  6.65799272 0.73895366],[-16.21553436],,,,
642,[-7.89257524 -6.32615724  0.92952723],[16.46449391],,,,
643,[-7.49774576 -5.25074043  0.83477002],[9.8461659],,,,
644,[ 2.76165766 -7.88928315 -0.67070162],[-7.48052832],,,,
645,[-5.88173894  3.8884828   0.52585281],[-0.85414734],,,,
646,[ 4.30805996 -3.15039151  0.64588311],[-11.77728972],,,,
647,[2.58022367 4.55224719 0.51482718],[-11.23155671],,,,
648,[ 6.62491741 -5.60716107  0.88383739],[-0.28742978],,,,
649,[ 6.66825989 -7.53643242 -0.73774626],[1.86083719],,,,
650,[ 7.06473141  4.36239389 -0.08278113],[-5.2913887],,,,
651,[ 5.14574043 -3.30303788  0.99906273],[-6.09708633],,,,
652,[-8.58212977 -7.06922034 -0.95833694],[31.00098873],,,,
653,[ 2.46744094 -2.21757649 -0.22088804],[-7.64261923],,,,
654,[ 6.32645028  9.40147374 -0.30910919],[-2.21636783],,,,
655,[-8.31596948 -9.03964538  0.01158909],[25.9023437],,,,
656,[-9.25803863 -5.03268232  0.31322712],[37.03628297],,,,
657,[-3.48727563 -2.40118422  0.85314635],[13.0543042],,,,
658,[-0.55499981 -0.7963976  -0.44956589],[1.06480055],,,,
659,[ 8.74083369 -0.5389129   0.88845873],[-31.63027543],,,,
660,[ 6.56833445 -2.96002097  0.48283646],[-0.3219946],,,,
661,[-8.92093891 -6.78697275 -0.42300022],[35.10370251],,,,
662,[ 4.82083663 -1.23954648  0.14773533],[-8.2433279],,,,
663,[ 2.76863046 -8.31351593 -0.92366181],[-6.98265127],,,,
664,[ 1.13006188 -8.04476749  0.94436657],[-0.26395985],,,,
665,[ 0.6363555  -7.61412461  0.51193587],[1.05958967],,,,
666,[5.56375453 4.33800316 0.59284103],[-4.79167537],,,,
667,[ 4.56936474 -4.58976948 -0.47696807],[-8.37750847],,,,
668,[ 0.54011834  3.18306994 -0.23960491],[-0.67932857],,,,
669,[4.45713368 8.10884732 0.77479374],[-14.24424682],,,,
670,[ 3.21181218 -2.9744351  -0.8333912 ],[-10.69319403],,,,
671,[ 2.05457327 -4.58689626  0.12345219],[-4.71156499],,,,
672,[ 1.60877916 -7.03779448  0.04107859],[-1.48466226],,,,
673,[-6.81897079  4.81476323 -0.9679901 ],[1.85979167],,,,
674,[ 7.87380124 -8.02600908 -0.69907952],[-12.75204017],,,,
675,[3.95981538 0.06723022 0.78093874],[-14.01198252],,,,
676,[ 1.81380982 -1.19251768  0.02994894],[-4.15895105],,,,
677,[-8.2999814  -8.06547209  0.25787468],[25.15667108],,,,
678,[0.54455275 7.29297093 0.18432572],[-2.40041321],,,,
679,[-0.42938143 -1.30465071  0.79854439],[-0.49569865],,,,
680,[-6.71476024  7.41459204 -0.17029295],[-0.53421321],,,,
681,[ 7.37583027 -5.73511419  0.00794109],[-6.41602949],,,,
682,[ 2.8605408   0.80904717 -0.58635348],[-10.42166842],,,,
683,[-2.15663074 -2.3192236  -0.85422772],[8.45749661],,,,
684,[ 1.39567955 -4.76894518  0.42287395],[-1.54949355],,,,
685,[-0.18783177 -4.36666657 -0.62703886],[1.95448898],,,,
686,[-4.06692331  8.90301724 -0.01285002],[10.58505211],,,,
687,[ 6.54972374 -0.81683169  0.74217572],[-1.29122424],,,,
688,[ 9.4107975   6.76494504 -0.22770125],[-38.6076353],,,,
689,[-1.94487206 -8.94005242  0.11393254],[7.47640012],,,,
690,[ 8.4303751   6.54860294 -0.84762431],[-26.18349899],,,,
691,[3.09094568 3.25654076 0.7677638 ],[-13.98750432],,,,
692,[8.66467473 4.23945799 0.82470623],[-31.54255385],,,,
693,[-8.37706693  7.33366927 -0.79714934],[23.83203765],,,,
694,[5.67352053 7.62781762 0.85904953],[-5.01774029],,,,
695,[ 2.61717575  3.72972903 -0.82533323],[-9.53261318],,,,
696,[-9.17321703  0.09548128 -0.22738378],[35.67639642],,,,
697,[ 8.42525847  8.90618113 -0.11094629],[-27.71566157],,,,
698,[-5.36013374  7.14563065 -0.43920591],[2.7695756],,,,
699,[ 3.94441538  5.7182916  -0.57234277],[-13.88405198],,,,
700,[8.65195638 4.91453155 0.60071132],[-31.14430718],,,,
701,[-5.49266236 -5.06253037 -0.2495213 ],[4.89029479],,,,
702,[7.2722965  0.36174212 0.46380538],[-7.10080778],,,,
703,[-0.294426    4.36887518 -0.91787517],[0.11592628],,,,
704,[-7.49090533 -8.25232328  0.77341415],[10.70594291],,,,
705,[ 7.39148442  5.98636138 -0.91874729],[-8.34756929],,,,
706,[ 2.9451622  -8.84958133  0.5070721 ],[-9.8359822],,,,
707,[ 4.37855556 -3.49372344 -0.69021947],[-9.40942675],,,,
708,[-0.2067795  -4.69243702  0.06555677],[1.19224143],,,,
709,[-6.20595035  5.17187899 -0.54145729],[-0.50441943],,,,
710,[ 2.81522827 -6.75620199  0.73803893],[-9.9303266],,,,
711,[-5.35342477  1.26631277  0.63644749],[3.12750926],,,,
712,[ 1.25197179  8.54126229 -0.37164534],[-3.44615849],,,,
713,[-0.60389958  1.24345687  0.1035611 ],[-0.24896987],,,,
714,[ 8.46886937  7.46768368 -0.11048125],[-27.871729],,,,
715,[-7.01444278e+00 -2.57016453e+00 -2.46572215e-03],[4.21433946],,,,
716,[-2.04775403 -9.18562365 -0.39911776],[8.86200016],,,,
717,[8.18720158 7.77973953 0.08540264],[-23.68837474],,,,
718,[ 6.92746461 -1.36951724  0.89101032],[-3.56777116],,,,
719,[-1.06467445 -7.28796484  0.81947016],[1.88883289],,,,
720,[-8.77994099  2.35859515 -0.87462736],[31.42078529],,,,
721,[ 0.54570333  1.54571707 -0.61569758],[0.23608538],,,,
722,[-5.65252509  1.63087497  0.96904821],[0.41801457],,,,
723,[2.53522638 3.47500024 0.75358903],[-10.88596257],,,,
724,[ 3.51356842 -2.56508987  0.12212888],[-12.77533283],,,,
725,[4.21286153 7.96838242 0.34937103],[-14.74245043],,,,
726,[2.10345148 6.76905631 0.43672559],[-8.4921637],,,,
727,[-4.51751114  3.52768399 -0.11174356],[9.76638854],,,,
728,[0.96054072 0.15854444 0.88915004],[-2.02059851],,,,
729,[ 2.72693019 -4.8188614  -0.28296948],[-8.65989929],,,,
730,[-3.56933122 -8.36985392 -0.15165135],[15.67529941],,,,
731,[ 1.10316451 -9.09785858  0.22284269],[0.94821906],,,,
732,[ 6.35308832 -1.29978754  0.33913014],[-0.2250875],,,,
733,[ 5.25550819 -2.66317771  0.77189629],[-5.22267764],,,,
734,[-9.02164771 -7.60493963  0.29337928],[35.59795025],,,,
735,[ 6.03453521  4.1869445  -0.90457954],[-0.35164406],,,,
736,[-3.1002297  -2.53749962  0.60794468],[12.04258052],,,,
737,[ 1.64008678 -9.3318583   0.05107016],[-1.2036955],,,,
738,[ 0.68462582  9.13483193 -0.62997367],[-1.8790761],,,,
739,[-7.64323267 -8.3515857  -0.28080587],[14.62709197],,,,
740,[-9.34693617 -5.45059248 -0.99882211],[39.29920617],,,,
741,[ 4.39940336 -3.53307132 -0.31335925],[-10.11059139],,,,
742,[-8.75182377  7.5423292  -0.52673586],[29.06604849],,,,
743,[6.87653747 4.13607168 0.60890918],[-4.16064824],,,,
744,[-4.14086397 -2.94617202 -0.31398946],[13.55324898],,,,
745,[ 5.69363231 -8.07143505 -0.53455034],[0.84272731],,,,
746,[-7.7266753  -8.87528576  0.26304207],[15.06786002],,,,
747,[ 9.2813235  -0.7138056  -0.31052454],[-35.69347892],,,,
748,[-7.26040074  2.44112193  0.22146116],[5.40919043],,,,
749,[ 8.55196674  2.22053939 -0.36124118],[-27.68506398],,,,
750,[1.89294161 8.1559392  0.13246569],[-7.0640946],,,,
751,[-7.51475871 -6.75698247 -0.17075592],[11.81366328],,,,
752,[-6.36122667  8.39395105  0.31838988],[-2.67044746],,,,
753,[ 4.23177792  6.59754007 -0.28047499],[-13.57881218],,,,
754,[ 2.61243551 -2.41082447 -0.91437242],[-7.933337],,,,
755,[-2.73145491  0.71613718 -0.85247127],[11.12555513],,,,
756,[ 8.77243398  5.83198788 -0.95710873],[-31.00381278],,,,
757,[-7.2080991   3.38112076 -0.18039797],[4.82515623],,,,
758,[ 7.64142887 -0.77597201  0.34981951],[-12.04317751],,,,
759,[ 5.2630575  -0.16408783  0.41506014],[-5.36863162],,,,
760,[ 7.0195963  -5.4226932  -0.01461649],[-2.09966039],,,,
761,[-6.47761694  3.00954079  0.56947392],[-1.26612412],,,,
762,[ 3.05607225 -2.21748395  0.74160124],[-12.16995785],,,,
763,[-6.63257376 -5.08671763 -0.93548858],[3.29314042],,,,
764,[-0.09383545 -7.31814695  0.05457179],[1.69578134],,,,
765,[-3.39176437 -0.62969395 -0.64016648],[14.37672019],,,,
766,[-2.88538234 -8.98124015  0.15433204],[13.28025608],,,,
767,[-7.93376748 -2.29384466 -0.52547139],[18.15147809],,,,
768,[ 3.04732345 -9.00911798 -0.31674958],[-9.04349275],,,,
769,[-4.43821943  3.68233957 -0.94334835],[11.13325231],,,,
770,[ 5.93948617 -2.21435567  0.12670861],[-0.29426931],,,,
771,[ 8.13631566 -0.79081498 -0.03476858],[-20.25998815],,,,
772,[-2.21515294 -6.54280201  0.37042103],[8.25850655],,,,
773,[-9.09976296  7.22504502 -0.62514185],[33.6964662],,,,
774,[-4.37737322  2.10420004 -0.01946549],[10.55992812],,,,
775,[-7.34016049  6.99165479  0.81143213],[4.4003895],,,,
776,[2.27454129 1.93063105 0.93478125],[-9.12646496],,,,
777,[-6.37407873 -8.92508767 -0.33970024],[2.73455185],,,,
778,[-4.3294288  -5.80262963  0.7610088 ],[12.02648424],,,,
779,[-9.10116974  4.74894683  0.0778822 ],[33.28847257],,,,
780,[-5.70160727  3.01320093 -0.29403653],[1.4811619],,,,
781,[-4.14002254 -2.87725544  0.05687645],[13.27169969],,,,
782,[-2.86192787  1.05382792 -0.8639573 ],[11.84215999],,,,
783,[-4.96019675 -6.39470653  0.91770319],[7.86564257],,,,
784,[-7.92402195  5.15966999  0.94083111],[14.04063484],,,,
785,[ 3.1708576  -1.10295225  0.36332024],[-12.50909313],,,,
786,[ 7.8664774  -1.00873458  0.43961524],[-16.1004731],,,,
787,[4.31059096 4.27054871 0.85538763],[-14.00385395],,,,
788,[-1.10368979 -3.2601239  -0.69465612],[3.0320011],,,,
789,[-0.82914373 -6.42091619 -0.55436531],[2.96205431],,,,
790,[-3.96173381 -5.49592511 -0.51167666],[15.24594513],,,,
791,[ 1.66002403 -0.77392482  0.31568358],[-3.79106928],,,,
792,[ 9.36226734 -7.43830473 -0.69775542],[-33.67109668],,,,
793,[-2.65820692 -1.66598011 -0.42847811],[10.72879196],,,,
794,[ 1.75504877  2.23785799 -0.10785675],[-4.7067808],,,,
795,[ 2.24391058  8.13005884 -0.83082645],[-8.11459385],,,,
796,[0.68894768 8.02200895 0.15676753],[-2.61028895],,,,
797,[ 5.5722768  -0.10688439 -0.84119272],[-1.41665241],,,,
798,[-9.1056338   1.0311331   0.41413248],[34.09467329],,,,
799,[ 4.04249228 -7.26452647 -0.69859303],[-9.85222293],,,,
800,[ 3.7212702   8.28287352 -0.29784079],[-15.41518812],,,,
801,[-6.11681108 -3.22759373  0.77305726],[0.1357306],,,,
802,[-7.18157411  9.36312964  0.930146  ],[1.7991584],,,,
803,[-6.41630274 -6.87710205  0.31465496],[1.47591538],,,,
804,[-2.01361192 -7.24271092  0.29913721],[7.21498903],,,,
805,[-3.8139337   4.15660877 -0.79115151],[13.34509586],,,,
806,[1.01550897 7.79285012 0.52261942],[-3.72757188],,,,
807,[-9.10643608  6.80153468  0.49235027],[32.20941666],,,,
808,[6.07983048 6.52077757 0.8440297 ],[-2.96100348],,,,
809,[-1.14749579  2.78483128 -0.1194715 ],[0.81507065],,,,
810,[-0.61260296 -9.10511218  0.44334501],[2.31585502],,,,
811,[7.34158101 3.13469631 0.19373548],[-8.55662306],,,,
812,[-6.30231372 -7.84341835 -0.7523931 ],[3.05880507],,,,
813,[-4.26852125  7.09580273 -0.26533595],[10.46478443],,,,
814,[ 0.1936481  -0.95259095  0.37337201],[-0.33638612],,,,
815,[-6.57138053 -0.23338177 -0.30872953],[1.08990565],,,,
816,[-3.22288853 -3.15701111 -0.61166851],[14.45111059],,,,
817,[-3.56766459 -2.5315321  -0.70451473],[15.0651416],,,,
818,[2.0408767  1.26561554 0.11112556],[-6.26870657],,,,
819,[-4.21105194 -7.72261151 -0.88354983],[15.50175716],,,,
820,[-4.85880463  4.64630729 -0.65417744],[7.8013839],,,,
821,[-0.35592424  5.39451622  0.94043688],[-2.84266402],,,,
822,[-0.789555    1.47407765  0.34231936],[-0.20674132],,,,
823,[-8.53397508 -5.14954155 -0.95167331],[29.93165987],,,,
824,[ 0.75076305  0.61614438 -0.39034967],[-0.00911291],,,,
825,[-6.82736022  2.46715323  0.92730062],[0.06643],,,,
826,[ 8.047377   -0.08936846  0.69691616],[-19.68859748],,,,
827,[7.61200811 3.90032567 0.26532385],[-12.76276279],,,,
828,[-5.54416466  6.58482354  0.06693396],[0.97390316],,,,
829,[4.11148182 6.74950725 0.05936425],[-14.3296545],,,,
830,[5.1304208  6.45528606 0.95175658],[-9.05520973],,,,
831,[-1.2126904  -5.08756283 -0.78085575],[4.07954479],,,,
832,[-4.42689454  0.55012531  0.157401  ],[10.55478284],,,,
833,[-1.2591695   3.0527312   0.39053618],[0.46667336],,,,
834,[-6.53751958  5.46163784  0.91996317],[-2.08643112],,,,
835,[4.72862024 4.55725647 0.85527739],[-11.52041698],,,,
836,[6.3946482  6.34216853 0.78250222],[-2.6714753],,,,
837,[ 8.1659591   8.01280217 -0.88844203],[-21.80774402],,,,
838,[ 6.76070863 -7.4494554   0.28536904],[0.22040958],,,,
839,[-0.15093324 -6.35692676 -0.76567141],[2.66407909],,,,
840,[-3.76877943  4.58934781 -0.4416745 ],[12.83576171],,,,
841,[ 5.17215354 -5.06274512 -0.17243672],[-4.10492172],,,,
842,[3.70317366 5.61567634 0.9282834 ],[-16.17339818],,,,
843,[ 4.66986648  3.43041213 -0.59635161],[-9.76866905],,,,
844,[-2.01280854 -2.64899984 -0.86679812],[7.48242616],,,,
845,[-3.97079503  5.44204061 -0.28904394],[12.03589873],,,,
846,[-0.41656949 -2.93882331  0.94137168],[-0.340309],,,,
847,[ 8.27575567  1.49153467 -0.55006504],[-22.59398664],,,,
848,[ 6.57569739 -3.69762279  0.30640421],[-0.0398879],,,,
849,[-6.56682395  0.05515696 -0.26246145],[0.81348879],,,,
850,[ 0.97199294 -8.71421505  0.09697638],[1.31405147],,,,
851,[-0.4525728   6.7487275   0.55150447],[-2.49420736],,,,
852,[-4.04294594  1.30798847 -0.75409886],[13.61470807],,,,
853,[ 5.83916397  9.13169232 -0.36116498],[-3.0202145],,,,
854,[-0.96597381 -5.08613728  0.31868381],[1.75971128],,,,
855,[ 3.69468563 -0.04652038 -0.04138224],[-13.42400468],,,,
856,[ 3.53964003 -6.39160894 -0.78649737],[-10.63508206],,,,
857,[-3.21162345  3.4109736   0.81582632],[10.84890711],,,,
858,[-2.9688725   5.73458552  0.49529201],[9.26597689],,,,
859,[-0.2565244   8.89694115 -0.6209695 ],[-1.60200937],,,,
860,[6.20331881 9.36673841 0.45112933],[-3.03247722],,,,
861,[ 5.39625132  4.22058459 -0.70649801],[-4.15337983],,,,
862,[-6.78536681 -8.46740684 -0.95699977],[5.21801117],,,,
863,[-8.58535018 -3.65150159 -0.06910683],[29.02322329],,,,
864,[-0.84411992  7.28012947  0.82134718],[-2.57593729],,,,
865,[-7.01300315 -1.03696182  0.46088968],[3.16713462],,,,
866,[-8.14024007 -8.70755176 -0.84353228],[23.87988222],,,,
867,[-4.81566989  0.74792084 -0.25349337],[8.58740924],,,,
868,[2.32014019 1.85841822 0.17885887],[-8.43264714],,,,
869,[-2.51508009 -3.87971575  0.70246348],[8.94816087],,,,
870,[-7.46796096 -1.84595015  0.85692067],[8.48462768],,,,
871,[ 7.94929526 -7.19952288  0.71062592],[-16.10080544],,,,
872,[5.42744653 2.18243221 0.49731905],[-4.88704196],,,,
873,[-2.07107342 -4.85731663 -0.56137488],[8.03310475],,,,
874,[0.46360249 4.55127633 0.21995222],[-1.75424649],,,,
875,[ 3.83470727 -2.68810736  0.40407527],[-13.1115761],,,,
876,[ 3.28806086 -7.08907587  0.44402374],[-11.69592539],,,,
877,[ 5.09941121  3.14073363 -0.00885452],[-6.99454544],,,,
878,[ 9.26443609 -4.48027318  0.43287323],[-35.36971973],,,,
879,[-4.90198611 -9.06406209  0.01703781],[10.22255395],,,,
880,[0.39402148 5.87887918 0.54700277],[-2.44467408],,,,
881,[-3.14688456  1.97835777  0.98069771],[10.69254227],,,,
882,[-7.67056176  2.74078598  0.75919243],[10.33978374],,,,
883,[-3.46600405 -3.42827164  0.33917064],[13.88366115],,,,
884,[ 1.3064562   5.40543904 -0.41362216],[-2.78529345],,,,
885,[-0.1043761   2.1514575  -0.87284969],[0.62997609],,,,
886,[-3.267      -0.5120755   0.96907373],[11.62728365],,,,
887,[ 7.79495728 -9.31308224  0.53316995],[-12.44241626],,,,
888,[ 6.1535938   9.41649699 -0.44246937],[-2.04189721],,,,
889,[-1.59616381 -6.952071    0.14241484],[5.03256867],,,,
890,[ 5.08371167 -5.15963952  0.03620165],[-5.0593526],,,,
891,[-7.65947947  2.87506855  0.55820287],[10.43712106],,,,
892,[ 5.13908427 -3.18893996 -0.64111882],[-4.08490133],,,,
893,[-6.67608032 -4.59012087 -0.70849596],[3.12599651],,,,
894,[7.25397498 0.651524   0.49898084],[-6.813521],,,,
895,[6.05131071 0.29200182 0.50652419],[-1.12334383],,,,
896,[ 2.72786613 -2.99060532  0.03908947],[-9.6058664],,,,
897,[ 4.92365436 -1.35776925 -0.6026558 ],[-6.52438065],,,,
898,[-5.18853372 -9.3586697   0.16965595],[7.80164913],,,,
899,[ 2.64419988 -3.500845   -0.67217052],[-7.80560326],,,,
900,[-1.18542625 -8.65665414  0.02583272],[3.65518257],,,,
901,[ 5.32489033  3.42546938 -0.20142825],[-5.09351769],,,,
902,[ 7.6584479   1.52015609 -0.36840691],[-11.9936502],,,,
903,[0.27432564 7.34061901 0.16300038],[-2.14347343],,,,
904,[ 4.98028699 -1.4034177  -0.30204925],[-6.48246904],,,,
905,[-2.31698917  0.90923293  0.87915583],[6.30270493],,,,
906,[-2.20764907 -5.82628896  0.77171842],[7.54838013],,,,
907,[1.56654987 5.05262921 0.21724676],[-4.75093282],,,,
908,[-0.75931867  6.52613659 -0.8181308 ],[-0.39220905],,,,
909,[-4.15545581  4.60553103 -0.58368448],[12.00217521],,,,
910,[ 3.57813799 -7.33649063  0.47381357],[-12.07287091],,,,
911,[-7.8043227   3.86706844  0.82231511],[12.36363468],,,,
912,[-1.81320687 -9.28663809 -0.62652319],[7.59498394],,,,
913,[ 9.31619256  9.30959379 -0.98699576],[-37.7271925],,,,
914,[-0.53093307  3.18103701 -0.64019493],[0.15086786],,,,
915,[2.52279272 7.46412318 0.03839067],[-11.11109102],,,,
916,[ 7.06608587 -2.62807797  0.66314232],[-4.28117088],,,,
917,[ 2.3504549  -4.73303578 -0.49051508],[-6.10711825],,,,
918,[-7.54578625  2.20877315 -0.32401369],[10.01569701],,,,
919,[-0.48573638 -7.37470768 -0.703848  ],[3.07403976],,,,
920,[ 3.35834318 -0.72941471 -0.13330534],[-12.56577834],,,,
921,[-0.62168899  7.82683522 -0.66506206],[-0.94060577],,,,
922,[-9.22298141 -9.35441134  0.01242576],[38.21560745],,,,
923,[ 3.34207759  7.14892455 -0.62536233],[-14.17808037],,,,
924,[7.75504837 6.03258162 0.30477112],[-15.86041021],,,,
925,[ 8.58603992  1.52381711 -0.22020905],[-28.28128041],,,,
926,[-3.72913981 -7.75090224  0.2231323 ],[15.14559618],,,,
927,[7.50738755 8.86077526 0.1377736 ],[-12.31334969],,,,
928,[-3.88740289  8.23856175  0.82376274],[9.9392603],,,,
929,[-5.13688902  3.60891978  0.046549  ],[5.10059319],,,,
930,[-2.73571123  4.90850209  0.39915904],[8.45975143],,,,
931,[-0.26042164 -1.04105379  0.89323077],[-0.844162],,,,
932,[-5.38902461 -7.8343637  -0.53239934],[6.79666855],,,,
933,[-3.89488307 -5.62489563  0.26207602],[14.37224663],,,,
934,[ 4.43788091 -2.6299613   0.22546065],[-10.68016583],,,,
935,[6.61426675 3.84243253 0.57785721],[-2.27479216],,,,
936,[ 2.12042393  6.2328696  -0.67939916],[-7.20493872],,,,
937,[-6.43951217 -5.25951864  0.57383272],[0.81977263],,,,
938,[ 4.85647322 -2.88499111  0.76404181],[-8.27162535],,,,
939,[ 5.17599991 -4.03462421  0.60721504],[-5.24117904],,,,
940,[-8.04057542  0.56526493 -0.93575668],[19.81575302],,,,
941,[-1.54194282 -7.86917891 -0.49390363],[5.55473794],,,,
942,[2.49400468 4.13681187 0.52365494],[-10.60380709],,,,
943,[-2.96874661 -1.08803244  0.56931347],[10.90257674],,,,
944,[ 8.55097066  6.66645043 -0.40047078],[-28.7406882],,,,
945,[-6.35933392  9.08364534  0.73562176],[-3.28244873],,,,
946,[-7.89981462 -3.37494578 -0.41016792],[17.64525456],,,,
947,[-4.16526918 -8.12193456 -0.31218725],[14.95801425],,,,
948,[ 3.81290554 -3.20875686  0.15410216],[-12.72619656],,,,
949,[6.26647691 9.28091317 0.63805592],[-3.34192467],,,,
950,[ 6.13118938 -3.62968988 -0.24323162],[1.29937342],,,,
951,[-6.09318968  5.33720648 -0.58617447],[-0.42199556],,,,
952,[5.65870773 0.35522908 0.05109633],[-2.29157902],,,,
953,[-8.95459305  5.1461051   0.71960243],[31.05705672],,,,
954,[ 6.83708728 -5.34144192 -0.26882528],[-0.30833378],,,,
955,[8.54859379 9.22800298 0.37093395],[-30.39209536],,,,
956,[-6.97761544  7.05411895 -0.33452033],[1.71289802],,,,
957,[ 1.67448821e+00 -7.79444060e+00 -4.43511914e-03],[-1.60943653],,,,
958,[-1.54872543  3.60419825  0.700255  ],[1.03288932],,,,
959,[-3.59690574  0.45697128  0.32373136],[13.01635047],,,,
960,[3.1273689  3.58975694 0.72406705],[-14.12502885],,,,
961,[ 1.37119221 -4.41425223  0.46551977],[-1.58946194],,,,
962,[-6.04046703  3.19103473 -0.53461359],[0.08223159],,,,
963,[ 4.88999707 -8.83863296 -0.73878646],[-4.55297186],,,,
964,[-7.92942251  0.52116852  0.25245284],[16.12051197],,,,
965,[ 7.26776263 -6.81688575 -0.64680915],[-3.81470323],,,,
966,[-2.83087919  0.08856587 -0.01429054],[10.78310035],,,,
967,[ 1.60903998 -1.56233614 -0.72311829],[-1.76600935],,,,
968,[ 3.90251648  5.93775015 -0.34290024],[-14.38126646],,,,
969,[-4.55799151  3.66350609 -0.6100177 ],[9.9928178],,,,
970,[-8.4799758  -8.99616133  0.53189843],[28.01275399],,,,
971,[ 6.17193326  1.7133477  -0.88010428],[0.69505105],,,,
972,[6.86837421 5.4145052  0.82757272],[-4.98554388],,,,
973,[-0.08475302 -8.76198999  0.89935225],[1.0983777],,,,
974,[-5.11304758 -0.3516084   0.93690337],[4.91112366],,,,
975,[ 1.30423414  2.05895821 -0.46579429],[-1.94300813],,,,
976,[9.26818084 6.43413084 0.56762993],[-38.62897938],,,,
977,[3.50258468 0.19352778 0.98665418],[-14.6759193],,,,
978,[-2.08560975  8.26289296 -0.07192589],[4.04753482],,,,
979,[-9.31263054  4.74580062  0.99030336],[33.93114465],,,,
980,[-3.20982661  8.71342981 -0.43908453],[10.824862],,,,
981,[ 1.87762374  7.03112125 -0.73894154],[-5.71468892],,,,
982,[ 3.43550331 -7.3454433  -0.77588525],[-10.2388204],,,,
983,[ 1.16168724 -7.98340464 -0.36066162],[1.28826331],,,,
984,[-3.66298593 -2.95523119 -0.38141522],[14.7085142],,,,
985,[ 4.86837895 -5.40011182  0.42685369],[-7.21876891],,,,
986,[-4.19215691 -2.82995616 -0.99296237],[14.30078117],,,,
987,[5.47412652 4.37688531 0.88141296],[-5.60574063],,,,
988,[7.23566155 8.61097823 0.20101389],[-8.58946411],,,,
989,[8.24527668 3.1837522  0.94883727],[-24.39504139],,,,
990,[ 2.53325794 -8.21054233 -0.9691766 ],[-5.55067173],,,,
991,[ 0.47425954 -4.84540523 -0.99719976],[2.56950713],,,,
992,[ 4.45844731 -6.48000479 -0.88810472],[-7.89354122],,,,
993,[-6.77097344 -0.93073918  0.02966622],[1.69748565],,,,
994,[ 2.8232825   0.04463909 -0.92420068],[-9.4412897],,,,
995,[-9.25212969  8.85913336  0.12233471],[33.50015109],,,,
996,[ 8.92171716 -7.47094537  0.46852738],[-31.66569247],,,,
997,[-6.43512447  5.89950677  0.48771715],[-2.03189819],,,,
998,[-1.05264295 -1.0886547   0.69986726],[0.50710128],,,,
999,[2.7745581  2.80692724 0.55956181],[-12.01177147],,,,
