,x_train,y_train,x_test,y_pred,y_std
0,[ 2.11671746 -2.0324944   0.07840022],[16.63474132],[-3.14159265 -9.42477796 -1.        ],[0.95125601],[0.19009398]
1,[-1.3660375  -4.59460445  0.83182927],[-19.04058474],[-3.07812614 -9.23437841 -0.97979798],[-0.2828777],[0.14858639]
2,[ 0.77145052 -9.24038903 -0.44412637],[12.83362957],[-3.01465962 -9.04397885 -0.95959596],[-1.53448799],[0.11947807]
3,[ 2.38622972  9.07577168 -0.1140687 ],[12.60826583],[-2.9511931  -8.8535793  -0.93939394],[-2.79240342],[0.10004143]
4,[-2.00661288  3.6346291  -0.57475313],[-17.68561198],[-2.88772658 -8.66317974 -0.91919192],[-4.04610037],[0.08728155]
5,[-3.14043346  8.01966444  0.82389924],[-0.8156898],[-2.82426006 -8.47278019 -0.8989899 ],[-5.28587085],[0.07853461]
6,[ 2.67559612 -4.78368321  0.02457411],[9.09290268],[-2.76079354 -8.28238063 -0.87878788],[-6.50294139],[0.07194298]
7,[ 1.81430272  2.8230854  -0.07503162],[18.70703447],[-2.69732703 -8.09198108 -0.85858586],[-7.68954075],[0.06648947]
8,[-2.34068859 -6.88896992  0.70063259],[-13.41980609],[-2.63386051 -7.90158152 -0.83838384],[-8.83891762],[0.06173716]
9,[ 1.28908924  7.18771504 -0.3048187 ],[18.77545741],[-2.57039399 -7.71118197 -0.81818182],[-9.94531201],[0.05753415]
10,[2.85652113 4.96037728 0.68487572],[4.97597397],[-2.50692747 -7.52078241 -0.7979798 ],[-11.00388643],[0.05380946]
11,[ 2.92181302 -8.55078327 -0.18297114],[5.00592571],[-2.44346095 -7.33038286 -0.77777778],[-12.01062529],[0.05047776]
12,[ 0.09652253  6.21308459 -0.95935428],[2.44837726],[-2.37999443 -7.1399833  -0.75757576],[-12.96221179],[0.04742622]
13,[-1.80445198 -5.71773098 -0.723304  ],[-18.70726598],[-2.31652792 -6.94958375 -0.73737374],[-13.85589276],[0.04454338]
14,[ 1.37414935 -1.42062022  0.98016033],[18.95196465],[-2.2530614  -6.75918419 -0.71717172],[-14.68934164],[0.04175468]
15,[1.27383124 4.50657746 0.13633232],[18.62965872],[-2.18959488 -6.56878464 -0.6969697 ],[-15.46052918],[0.03904299]
16,[-1.22773544 -4.46674084  0.30727837],[-18.35607067],[-2.12612836 -6.37838508 -0.67676768],[-16.16760999],[0.03644787]
17,[-1.38626616 -0.94100596 -0.46958424],[-19.05273833],[-2.06266184 -6.18798553 -0.65656566],[-16.80883159],[0.03404775]
18,[-2.26297307  5.39231661 -0.74616298],[-15.22309241],[-1.99919533 -5.99758598 -0.63636364],[-17.38247015],[0.03193113]
19,[-2.11061928  4.19401531 -0.97014789],[-16.80765954],[-1.93572881 -5.80718642 -0.61616162],[-17.88679499],[0.03016649]
20,[ 0.48573394 -5.51060607  0.95008229],[8.58183368],[-1.87226229 -5.61678687 -0.5959596 ],[-18.32006158],[0.02877859]
21,[-1.56452952  1.75711815 -0.24280985],[-19.3667286],[-1.80879577 -5.42638731 -0.57575758],[-18.6805306],[0.02774071]
22,[ 2.30461063 -7.24425624 -0.10250722],[14.83192754],[-1.74532925 -5.23598776 -0.55555556],[-18.96650892],[0.02698478]
23,[ 2.31163331 -8.3620342   0.57830648],[14.81521341],[-1.68186273 -5.0455882  -0.53535354],[-19.17640711],[0.02642404]
24,[ 2.01601006  4.65151122 -0.97026128],[17.2809989],[-1.61839622 -4.85518865 -0.51515152],[-19.30880691],[0.02597611]
25,[-0.16574932 -4.47082722  0.51679672],[-3.61868118],[-1.5549297  -4.66478909 -0.49494949],[-19.36253242],[0.02557929]
26,[ 0.71423201 -6.79796205  0.53353309],[12.1761037],[-1.49146318 -4.47438954 -0.47474747],[-19.33671852],[0.02519796]
27,[ 2.42498865 -7.29622754 -0.09637037],[13.22174899],[-1.42799666 -4.28398998 -0.45454545],[-19.23087113],[0.02482025]
28,[-0.32401658 -5.1244744   0.94947509],[-6.62086279],[-1.36453014 -4.09359043 -0.43434343],[-19.04491498],[0.0244505]
29,[ 2.19614998 -1.30244952  0.7785581 ],[15.77659047],[-1.30106362 -3.90319087 -0.41414141],[-18.77922601],[0.02410057]
30,[-1.97747156 -6.84888906  0.72553037],[-17.5079179],[-1.23759711 -3.71279132 -0.39393939],[-18.43464691],[0.02378262]
31,[-2.10457562 -9.00224484 -0.09232168],[-16.19161152],[-1.17413059 -3.52239176 -0.37373737],[-18.0124862],[0.02350346]
32,[ 2.5687491  -8.20723802  0.78296429],[11.11825072],[-1.11066407 -3.33199221 -0.35353535],[-17.51450208],[0.02326341]
33,[-0.92116382 -4.20881167 -0.68987796],[-15.66482719],[-1.04719755 -3.14159265 -0.33333333],[-16.94287395],[0.02305664]
34,[-0.31801893 -6.38077963 -0.49975781],[-6.63141394],[-0.98373103 -2.9511931  -0.31313131],[-16.30016488],[0.02287506]
35,[-2.57400505  0.36783404  0.03123293],[-10.44107029],[-0.92026451 -2.76079354 -0.29292929],[-15.58927882],[0.02271132]
36,[1.53007702 2.31820379 0.73638322],[19.36155229],[-0.856798   -2.57039399 -0.27272727],[-14.81341637],[0.02256193]
37,[-2.1532763  -3.07801614 -0.36916949],[-15.97490855],[-0.79333148 -2.37999443 -0.25252525],[-13.97603258],[0.02242923]
38,[ 2.94806318  0.69223668 -0.43983892],[3.65411077],[-0.72986496 -2.18959488 -0.23232323],[-13.08079937],[0.02232005]
39,[-0.39939084 -7.39222522 -0.27836036],[-8.17030659],[-0.66639844 -1.99919533 -0.21212121],[-12.13157467],[0.02224387]
40,[ 0.52205446 -1.58371021  0.51505469],[9.5283308],[-0.60293192 -1.80879577 -0.19191919],[-11.13237908],[0.02220874]
41,[-3.09406165  9.3900256  -0.81916071],[-1.8027369],[-0.53946541 -1.61839622 -0.17171717],[-10.0873799],[0.02221823]
42,[ 2.73596243  0.04165799 -0.47200833],[7.62917855],[-0.47599889 -1.42799666 -0.15151515],[-9.0008817],[0.02226853]
43,[1.36896124 4.50347559 0.08930172],[19.05506885],[-0.41253237 -1.23759711 -0.13131313],[-7.87732176],[0.0223475]
44,[ 1.77589119 -4.49697739 -0.9404086 ],[19.04729636],[-0.34906585 -1.04719755 -0.11111111],[-6.72126805],[0.02243718]
45,[0.94672464 6.66861544 0.5010042 ],[16.09489591],[-0.28559933 -0.856798   -0.09090909],[-5.53741773],[0.02251672]
46,[1.14326807 0.3364438  0.98721143],[17.61884916],[-0.22213281 -0.66639844 -0.07070707],[-4.33059372],[0.02256721]
47,[-2.68536662  8.36911427 -0.16120989],[-9.25146447],[-0.1586663  -0.47599889 -0.05050505],[-3.10573756],[0.02257655]
48,[-0.34932453 -4.35581019  0.5356039 ],[-7.01765377],[-0.09519978 -0.28559933 -0.03030303],[-1.86789716],[0.02254314]
49,[ 2.46155945 -7.61192544  0.86164348],[12.72791383],[-0.03173326 -0.09519978 -0.01010101],[-0.62220889],[0.02247855]
50,[-0.08835874 -7.30144882 -0.89347204],[-2.41804979],[0.03173326 0.09519978 0.01010101],[0.62612607],[0.02240868]
51,[ 2.2657355   2.83763532 -0.34094214],[14.69790911],[0.09519978 0.28559933 0.03030303],[1.87187021],[0.0223715]
52,[1.84694901 0.66375313 0.36646329],[18.60938645],[0.1586663  0.47599889 0.05050505],[3.10978183],[0.02241229]
53,[-0.40910498  4.08488083  0.91375533],[-7.33344399],[0.22213281 0.66639844 0.07070707],[4.33464895],[0.02257552]
54,[-0.32722901  5.91863874 -0.7272698 ],[-5.66564241],[0.28559933 0.856798   0.09090909],[5.54132318],[0.0228944]
55,[-0.84965725 -7.24069263 -0.05584243],[-15.00555431],[0.34906585 1.04719755 0.11111111],[6.72475152],[0.02338111]
56,[-0.05759284 -8.79760634  0.34119717],[-1.96088186],[0.41253237 1.23759711 0.13131313],[7.8800046],[0.02402042]
57,[ 2.08536372 -2.83849562  0.64813289],[16.97320781],[0.47599889 1.42799666 0.15151515],[9.00230013],[0.02477003]
58,[-2.4736378  -5.58263314  0.27419724],[-11.58225021],[0.53946541 1.61839622 0.17171717],[10.08702091],[0.02556706]
59,[-1.79109796 -9.25576443  0.71064255],[-18.66849741],[0.60293192 1.80879577 0.19191919],[11.12972758],[0.02633869]
60,[ 2.78307165  8.86272539 -0.7803987 ],[5.98553188],[0.66639844 1.99919533 0.21212121],[12.12616679],[0.02701473]
61,[ 2.72840204  4.49998982 -0.93474901],[7.38328729],[0.72986496 2.18959488 0.23232323],[13.07227602],[0.02753901]
62,[-1.98001698 -0.29315811 -0.19223432],[-17.74690841],[0.79333148 2.37999443 0.25252525],[13.96418682],[0.02787919]
63,[1.03862328 2.09980783 0.92245384],[16.78844909],[0.856798   2.57039399 0.27272727],[14.79822839],[0.02803395]
64,[-2.70596653  5.53790854 -0.898269  ],[-8.66058216],[0.92026451 2.76079354 0.29292929],[15.57093323],[0.02803536]
65,[ 3.0122472  -4.74449198  0.74820762],[2.92874482],[0.98373103 2.9511931  0.31313131],[16.27904668],[0.02794741]
66,[2.387749   7.20743839 0.80264254],[12.72540436],[1.04719755 3.14159265 0.33333333],[16.91954129],[0.02785672]
67,[ 2.98017904 -9.00784496  0.66984155],[3.95991428],[1.11066407 3.33199221 0.35353535],[17.48963668],[0.02785631]
68,[ 1.16834951  5.50592746 -0.90334319],[18.00469177],[1.17413059 3.52239176 0.37373737],[17.98682442],[0.02802422]
69,[ 1.45206972  8.19560779 -0.51537775],[19.30775943],[1.23759711 3.71279132 0.39393939],[18.40889699],[0.0284013]
70,[-2.09516513 -8.75770328 -0.53579252],[-16.32317397],[1.30106362 3.90319087 0.41414141],[18.75397902],[0.028979]
71,[0.31827953 6.84830053 0.31852748],[6.65686018],[1.36453014 4.09359043 0.43434343],[19.02055826],[0.02969997]
72,[-0.69220391 -6.76260981  0.19062294],[-12.87191492],[1.42799666 4.28398998 0.45454545],[19.20751375],[0.03047436]
73,[2.7742514  7.9654019  0.90456677],[6.24134551],[1.49146318 4.47438954 0.47474747],[19.31413816],[0.0312012]
74,[-1.17867109 -8.11566716  0.836333  ],[-18.17991861],[1.5549297  4.66478909 0.49494949],[19.34015157],[0.03179061]
75,[ 3.0725415  -9.16173043  0.25149329],[2.229301],[1.61839622 4.85518865 0.51515152],[19.28570468],[0.03218021]
76,[-0.94735379  2.17232865  0.50924687],[-15.60394087],[1.68186273 5.0455882  0.53535354],[19.1513699],[0.03234488]
77,[ 0.7910168   2.03615396 -0.43773768],[13.90518406],[1.74532925 5.23598776 0.55555556],[18.93811983],[0.03229991]
78,[-2.81013036  2.82182276  0.13821576],[-6.56811442],[1.80879577 5.42638731 0.57575758],[18.64729396],[0.03209687]
79,[ 2.9079722  -0.62303303  0.3874534 ],[4.54331707],[1.87226229 5.61678687 0.5959596 ],[18.28055528],[0.03181274]
80,[-1.22716148  2.12448232  0.84690933],[-18.1575032],[1.93572881 5.80718642 0.61616162],[17.83983979],[0.03153233]
81,[-2.60431407  2.33747437 -0.35989084],[-10.11126267],[1.99919533 5.99758598 0.63636364],[17.32730279],[0.03132789]
82,[-0.4648217  -0.1557416  -0.20619046],[-8.68725994],[2.06266184 6.18798553 0.65656566],[16.74526636],[0.03124077]
83,[-2.25549522 -4.78601941  0.70645354],[-14.71347113],[2.12612836 6.37838508 0.67676768],[16.096173],[0.03127451]
84,[1.66365712 7.88910533 0.64632737],[19.19187282],[2.18959488 6.56878464 0.6969697 ],[15.38255],[0.0314047]
85,[-1.41863252 -0.39427084 -0.28393332],[-19.14235826],[2.2530614  6.75918419 0.71717172],[14.60698882],[0.03160489]
86,[-1.7279447   0.63503654  0.75161847],[-19.13905441],[2.31652792 6.94958375 0.73737374],[13.77214294],[0.03187969]
87,[ 2.19098925 -1.19736996  0.8570559 ],[15.81353492],[2.37999443 7.1399833  0.75757576],[12.88074597],[0.03229129]
88,[ 2.27113798 -6.85837954  0.74559089],[15.21621355],[2.44346095 7.33038286 0.77777778],[11.93565087],[0.03296196]
89,[-1.70080948 -3.15481025 -0.95264402],[-19.149424],[2.50692747 7.52078241 0.7979798 ],[10.93988892],[0.03403763]
90,[-0.02252524 -4.82174403  0.86728219],[-0.89109041],[2.57039399 7.71118197 0.81818182],[9.89674567],[0.03561572]
91,[-2.53648278  2.31905601 -0.57783124],[-11.19004896],[2.63386051 7.90158152 0.83838384],[8.80984935],[0.03767604]
92,[ 1.65541563 -2.76862712 -0.76111041],[19.3267218],[2.69732703 8.09198108 0.85858586],[7.68326589],[0.04007804]
93,[ 0.45929066 -7.93599103 -0.96547502],[7.86854343],[2.76079354 8.28238063 0.87878788],[6.52159346],[0.04268486]
94,[0.91279376 6.88457529 0.57354319],[15.7086045],[2.82426006 8.47278019 0.8989899 ],[5.330049],[0.04565821]
95,[-1.35705253 -4.63124797 -0.79840563],[-19.00647446],[2.88772658 8.66317974 0.91919192],[4.11453901],[0.04994777]
96,[-0.42971477  0.09647814  0.65046552],[-8.05233057],[2.9511931  8.8535793  0.93939394],[2.88170711],[0.0577813]
97,[ 1.96095028 -2.6924993   0.89136857],[18.00919698],[3.01465962 9.04397885 0.95959596],[1.63895212],[0.07245857]
98,[-2.47201273  9.32896853  0.10157165],[-12.69507821],[3.07812614 9.23437841 0.97979798],[0.3944113],[0.09715792]
99,[ 1.08546235 -7.66831451  0.54149557],[16.76379096],[3.14159265 9.42477796 1.        ],[-0.84309428],[0.13412828]
100,[-0.56942545  9.17627006  0.21827667],[-9.66827063],,,
101,[ 3.06271242  2.90226188 -0.82800961],[1.24636519],,,
102,[-0.38693384  7.00774248  0.22436088],[-6.68979227],,,
103,[-0.28313028  6.69921446 -0.87003288],[-4.79446821],,,
104,[-0.38410648 -0.92475879  0.4017393 ],[-7.33421508],,,
105,[ 1.01740008 -7.69803481 -0.61375064],[16.05569932],,,
106,[1.31657994 6.03961344 0.73337664],[18.87770044],,,
107,[ 2.17069549 -8.68485296  0.28941925],[16.42540691],,,
108,[1.67193935 3.0598852  0.87930923],[19.23217544],,,
109,[0.83848984 0.43228887 0.43447113],[14.43617416],,,
110,[-1.56922315  5.37386636  0.79029064],[-19.33823161],,,
111,[-1.41216095  8.35085073 -0.6916963 ],[-18.97712274],,,
112,[-0.96047721  8.60150562  0.76491885],[-15.36435907],,,
113,[ 0.36925721 -4.23243894 -0.78869237],[6.59267771],,,
114,[ 2.85584966  1.58723076 -0.57317733],[5.31086839],,,
115,[-2.95344099 -4.08459732 -0.19143768],[-3.23876541],,,
116,[-2.98188439 -4.64709896  0.73095457],[-2.62574553],,,
117,[-1.9202925   4.78981743 -0.41756852],[-18.34675104],,,
118,[2.48058634 6.79915816 0.94756693],[11.34403061],,,
119,[ 2.46314319 -6.19937412  0.95972547],[12.62204947],,,
120,[-0.74609098 -1.95795311 -0.94470232],[-13.27016729],,,
121,[-3.13046223 -4.88521061 -0.7823686 ],[0.26259138],,,
122,[-0.44945418  4.60232845 -0.87222064],[-8.0256743],,,
123,[ 3.10291422 -6.9170516   0.28590894],[1.40177405],,,
124,[1.05179418 5.88606699 0.90751338],[17.10892863],,,
125,[-1.71184471 -0.45712182  0.16189122],[-19.18525411],,,
126,[ 1.74293376 -6.63979103  0.27698328],[19.16627353],,,
127,[ 2.35857761 -4.40880341  0.43715497],[13.94329025],,,
128,[1.66689579 8.49188342 0.91077042],[19.1738055],,,
129,[ 2.15985479 -7.39348092  0.93281281],[16.47436332],,,
130,[-1.80890711 -1.01655405 -0.64488917],[-18.79746436],,,
131,[1.06339896 7.50881507 0.19373665],[17.25824181],,,
132,[-0.41922977 -1.63009313  0.82229839],[-8.02318825],,,
133,[-1.19480235  1.73434258  0.43737216],[-17.95094051],,,
134,[-0.97128216 -6.44258062  0.59854459],[-16.33060948],,,
135,[ 1.11184856 -1.98489937 -0.81586602],[17.25658343],,,
136,[0.23833102 4.6971734  0.99919783],[5.01881905],,,
137,[-0.58347145  3.29052853  0.94020313],[-10.38838909],,,
138,[-0.66957415  0.08682868  0.11465682],[-12.00474883],,,
139,[ 0.65210994 -4.96136572 -0.79572914],[11.35927619],,,
140,[ 1.50508083 -3.28143057  0.52148726],[19.28889995],,,
141,[ 0.64729973  0.73814923 -0.32885769],[11.73411084],,,
142,[-0.57145135  0.91187742  0.74348849],[-10.40321826],,,
143,[-0.46880854 -9.14745847 -0.09354319],[-9.51229223],,,
144,[-1.46970898  4.69985843  0.95623699],[-19.21048247],,,
145,[-0.18493766  7.00001904 -0.26656365],[-2.8998159],,,
146,[-2.27583365 -1.15355118  0.44404691],[-14.68029046],,,
147,[-1.94917194 -0.19759705  0.34522929],[-17.97841469],,,
148,[-2.82222882 -3.56702712  0.79875057],[-5.73497238],,,
149,[-1.97406787  6.33902715 -0.32038264],[-18.02309045],,,
150,[ 0.15394475  7.9624682  -0.83560738],[3.70858728],,,
151,[-0.92357742  5.36420817  0.64400674],[-15.13409431],,,
152,[-2.92207556 -6.42406043 -0.31457002],[-3.62346301],,,
153,[-2.42937088  9.23215331  0.38965715],[-13.31289806],,,
154,[-0.61686971  0.2539094   0.0814395 ],[-11.18437823],,,
155,[ 2.69990179 -1.60045864 -0.73746939],[8.41984081],,,
156,[ 3.02279618  1.52008645 -0.21596689],[2.14560464],,,
157,[2.4079529  7.70042159 0.39193788],[12.40184076],,,
158,[ 0.29975287  7.77204847 -0.70276553],[6.42739365],,,
159,[-0.94446157  0.14601406  0.28570677],[-15.66960288],,,
160,[ 2.66925969 -2.55288516 -0.9488668 ],[9.03526191],,,
161,[0.57950939 6.71031612 0.75423223],[11.15022773],,,
162,[-1.0130429   8.19106864 -0.9101796 ],[-16.02178469],,,
163,[-2.36625233 -8.5785438   0.11176153],[-12.95547498],,,
164,[-2.1813994  -0.33673879  0.51566775],[-15.83729534],,,
165,[ 0.56120288 -3.65331481  0.9431308 ],[10.01715574],,,
166,[-0.10501062 -1.10316208  0.64600669],[-2.13896167],,,
167,[0.85972308 6.2554896  0.75907439],[15.05553914],,,
168,[-2.9316054  -1.82190036 -0.86969021],[-3.82716558],,,
169,[-0.24569216 -2.03092369 -0.27439164],[-4.90726186],,,
170,[ 2.44411667 -3.3614155  -0.22334874],[12.68424532],,,
171,[-2.48797886  3.43823269  0.542039  ],[-12.01683186],,,
172,[ 2.22923648  5.20010738 -0.24669584],[14.98447425],,,
173,[-2.00007187  2.47545438  0.85725318],[-17.70319342],,,
174,[-1.50194572 -2.87067771  0.55815945],[-19.32823825],,,
175,[0.13747585 4.2591157  0.03057508],[3.06541599],,,
176,[ 3.03182727 -2.65259094  0.86240857],[2.36548259],,,
177,[ 1.71979449  3.37157713 -0.62170225],[19.09195122],,,
178,[-2.16509515  7.34996511 -0.68385819],[-16.42207236],,,
179,[ 2.70156975 -7.75207138  0.88946486],[8.90773065],,,
180,[-3.13833689  2.98680958  0.58181922],[-0.35549215],,,
181,[-2.70669892  4.05243148  0.1168596 ],[-8.49897595],,,
182,[ 1.51659847 -4.15747123 -0.74170647],[19.30326289],,,
183,[-2.62797442  4.82834438 -0.18778117],[-9.91379316],,,
184,[ 0.94222599 -0.35876726 -0.3615586 ],[15.64153129],,,
185,[-2.65617269  4.31601553 -0.70988613],[-9.3849496],,,
186,[ 1.54333153  4.46945217 -0.23703706],[19.37220419],,,
187,[-0.44751583 -3.56678428 -0.67068106],[-8.69236513],,,
188,[ 1.39898098 -4.32036544 -0.31149177],[19.00047519],,,
189,[-2.54620962 -6.42793329 -0.15869221],[-10.32807032],,,
190,[0.95618821 1.64350381 0.69672998],[15.91914814],,,
191,[-2.75090575  8.67558582 -0.06314517],[-8.13057307],,,
192,[-0.30939205 -1.21056798  0.0947231 ],[-6.01723761],,,
193,[-2.95808189 -5.38168392 -0.03517033],[-3.02657234],,,
194,[2.70017988 1.48853843 0.55667223],[8.12559223],,,
195,[-2.09199029 -8.21529832 -0.44404414],[-16.36620487],,,
196,[-1.45462305 -3.38373525  0.44654323],[-19.26498455],,,
197,[-2.67780245 -9.12754657 -0.83495511],[-7.84855021],,,
198,[-1.42821239 -5.9173724   0.72068454],[-19.22688343],,,
199,[-2.06621929  7.08517597 -0.37026883],[-17.33461968],,,
200,[-0.29127876 -9.28171726 -0.06247593],[-6.40670417],,,
201,[-1.29432    -4.93004202  0.82221098],[-18.73360552],,,
202,[-2.67206875 -2.39819434 -0.28469524],[-8.55475704],,,
203,[ 1.98322632  6.22466434 -0.02480788],[17.45553052],,,
204,[-2.67544781 -7.47475129  0.09917777],[-8.03866875],,,
205,[-2.55881863 -4.40143402  0.47760935],[-10.28994205],,,
206,[-2.54954891  3.64688942 -0.46555043],[-11.08441422],,,
207,[-2.51838101 -0.66306833  0.10111967],[-11.24571166],,,
208,[1.64816884 8.09092064 0.69738538],[19.22431907],,,
209,[-1.76390217 -7.84629613 -0.82668408],[-18.82156613],,,
210,[-2.92114102  9.37882752 -0.88790039],[-5.10150538],,,
211,[-0.39423938 -4.12266694 -0.37576635],[-7.80002088],,,
212,[-2.27980616  2.2201581   0.17408991],[-14.82518009],,,
213,[3.0849232  1.18993153 0.57534318],[0.97601311],,,
214,[ 2.02235907 -0.24719781  0.06509178],[17.40552694],,,
215,[ 1.88856125 -1.33410998  0.34650332],[18.43118352],,,
216,[ 2.01978242 -1.31686858 -0.89107703],[17.50409073],,,
217,[-2.3038852   0.05929477 -0.26257051],[-14.39284112],,,
218,[ 2.38150828 -7.03192288  0.37901271],[13.80808545],,,
219,[ 0.21139643 -3.0305817  -0.22629145],[3.76290915],,,
220,[-2.74113952  8.54523649 -0.38409856],[-8.28860603],,,
221,[ 2.74032914 -0.31298873 -0.97118658],[7.60424697],,,
222,[ 2.86085795 -1.08694768 -0.65417967],[5.46862425],,,
223,[-2.04085007 -7.5672945   0.12901338],[-16.90201493],,,
224,[-2.89937905 -8.14358937  0.47356709],[-3.8753521],,,
225,[ 0.13242433 -3.68765092  0.19215654],[2.21075983],,,
226,[-0.36616535 -0.31740397  0.43379575],[-6.96685738],,,
227,[ 2.02235446  8.23394473 -0.75726099],[17.04709107],,,
228,[-0.29819412 -8.05724559  0.81421726],[-6.42058273],,,
229,[ 0.21825945  6.56747586 -0.66251533],[4.8024416],,,
230,[-1.57592248 -7.58206886 -0.87797019],[-19.34277073],,,
231,[3.00922885 8.90787313 0.99718031],[1.70232202],,,
232,[-0.67035203 -5.43041142 -0.31112901],[-12.42858486],,,
233,[-1.53366809 -5.7718205  -0.18685989],[-19.34855263],,,
234,[-2.70599458  8.49254855 -0.52004737],[-8.88147967],,,
235,[-1.99332245 -4.58260091  0.82841351],[-17.47275262],,,
236,[-2.11543774 -5.5281037  -0.46976261],[-16.28187198],,,
237,[ 1.27099397  8.58128224 -0.77840663],[18.71392467],,,
238,[-2.35750691 -2.41441765  0.90252339],[-13.48700007],,,
239,[ 0.72922223 -6.51061599  0.87082274],[12.43701038],,,
240,[-1.60396099 -8.93086471  0.77027739],[-19.30024602],,,
241,[-2.47227941  3.99377152 -0.86966811],[-12.30113775],,,
242,[-0.07152736 -1.73143635 -0.10534168],[-1.53463404],,,
243,[ 1.41912527 -1.64413875  0.92653261],[19.11008334],,,
244,[ 1.09810318 -2.92797897  0.32548457],[17.10799924],,,
245,[ 0.94177584  8.22101399 -0.0108018 ],[16.10895104],,,
246,[ 2.81105944 -3.57601262  0.38171149],[6.58906493],,,
247,[ 2.75100061  3.27046253 -0.99060508],[7.08076383],,,
248,[ 2.56739184  3.20934807 -0.77066398],[10.2454575],,,
249,[0.40753245 2.76540108 0.02015333],[7.8940126],,,
250,[1.72059174 3.43894144 0.06703954],[19.09144677],,,
251,[ 1.88816427 -8.38638891  0.09240149],[18.61553012],,,
252,[0.16383371 0.55236639 0.95858069],[3.22577911],,,
253,[8.14303716e-01 6.12389047e+00 4.80075450e-03],[14.47169673],,,
254,[2.41142796 8.5834424  0.01184676],[12.28769961],,,
255,[-1.16472202  2.53383388 -0.92411052],[-17.6889438],,,
256,[ 0.72364762 -1.37950008  0.90633586],[12.72335821],,,
257,[-0.79878552 -2.10937868  0.91825152],[-14.01095825],,,
258,[ 1.16141261 -1.8408315  -0.70827232],[17.68397469],,,
259,[-2.69862023  9.20886977  0.34132983],[-9.08720705],,,
260,[-0.78299782 -1.19822082  0.11611393],[-13.73052413],,,
261,[-0.33572656  6.7909547  -0.75970417],[-5.7643093],,,
262,[-0.96652308  8.11213457 -0.39100384],[-15.4893252],,,
263,[ 0.81526814 -7.04664808  0.14520462],[13.62487292],,,
264,[ 2.89681075 -6.74716521  0.78036584],[5.33629324],,,
265,[-2.00434069  8.80306238  0.60462854],[-17.92187361],,,
266,[0.39329605 0.36607215 0.66020418],[7.4637878],,,
267,[-2.90373207  7.85040017  0.45918707],[-5.28872485],,,
268,[-0.06586979 -2.05525394  0.06461607],[-1.48363128],,,
269,[ 1.779362   -1.64005167  0.73561087],[18.97033808],,,
270,[0.7146519  7.0045395  0.50377909],[13.19027552],,,
271,[-3.09876251 -7.9070577   0.74713022],[-0.08007512],,,
272,[-1.71895872 -3.32534278  0.95085642],[-19.11016156],,,
273,[-1.09366287 -5.15285464  0.49909649],[-17.4384781],,,
274,[-0.93064086 -6.78468238 -0.43968994],[-15.90305815],,,
275,[ 0.4622994  -3.14331475 -0.74876511],[8.35912561],,,
276,[ 2.28408547 -1.38730508  0.4905655 ],[14.72211777],,,
277,[ 3.03096243  3.41135013 -0.18632859],[1.8145767],,,
278,[-2.77411221  1.05155483  0.62794204],[-7.05652461],,,
279,[-1.85455806  6.36154763 -0.05171915],[-18.75448406],,,
280,[ 1.47884689 -9.34630352  0.30625688],[19.17455707],,,
281,[ 1.14522187 -1.09296566 -0.19395688],[17.59227252],,,
282,[ 1.08131678  2.16301505 -0.83921173],[17.18285977],,,
283,[-2.88612653  3.16897811 -0.03556004],[-5.18450757],,,
284,[-1.82160582  2.02637275 -0.88461765],[-18.79821542],,,
285,[-0.41855029 -0.54179132 -0.98640462],[-7.92783105],,,
286,[-0.11630386 -7.29696444 -0.86207918],[-2.97417017],,,
287,[ 2.94988015 -6.63928221 -0.12692198],[4.31492869],,,
288,[0.75818382 0.27850522 0.02808411],[13.33677726],,,
289,[ 0.27599489  1.05663864 -0.32138742],[5.3639901],,,
290,[ 2.88521213  7.71317875 -0.23693742],[4.18372197],,,
291,[-3.01080174  2.25371388 -0.45679147],[-2.74369859],,,
292,[-1.19347104  4.22385129 -0.15590927],[-17.84289156],,,
293,[ 0.54812036  4.97172136 -0.07201804],[10.47161316],,,
294,[-2.82994245 -1.99179176  0.17675615],[-5.75753874],,,
295,[-2.31005478  3.49744126  0.85144395],[-14.53370251],,,
296,[ 0.71633164 -8.95885289  0.83250627],[12.05958831],,,
297,[-2.73918285  2.4258696   0.35794905],[-7.81463557],,,
298,[-0.10912391 -5.56024558  0.86771003],[-2.62635217],,,
299,[ 2.34529067 -2.98445857  0.16036617],[14.02105372],,,
300,[-3.03464185  7.22270773 -0.08912651],[-2.74125903],,,
301,[-1.11545221 -5.99780612 -0.8226637 ],[-17.61849231],,,
302,[-1.57509958 -7.79280248 -0.08179065],[-19.32991233],,,
303,[ 0.96971943 -0.4543632   0.19542685],[15.96124077],,,
304,[-2.08937382  7.06466628 -0.54310927],[-17.13808276],,,
305,[1.95973113 9.36838885 0.46451708],[17.53159485],,,
306,[0.6739998  8.66132609 0.90569498],[12.74351675],,,
307,[1.65387998 3.68228163 0.31163401],[19.25728109],,,
308,[ 1.31823823 -5.0934832   0.37737891],[18.6221798],,,
309,[ 1.17187935 -6.6353749   0.3303714 ],[17.5915951],,,
310,[1.80283559 1.47502115 0.93117339],[18.81802441],,,
311,[-2.27191644 -3.85609605  0.63530407],[-14.55063136],,,
312,[0.4100342  6.50263845 0.86874394],[8.28123871],,,
313,[-0.36166554 -2.45255615 -0.47567304],[-7.08372175],,,
314,[0.24874566 8.06510672 0.3882672 ],[5.51552294],,,
315,[ 1.07291526 -2.90697005 -0.19506632],[16.87663878],,,
316,[-0.225149   -5.31960303  0.10837453],[-4.82760274],,,
317,[-2.79897823  7.73367547  0.9846446 ],[-7.20333002],,,
318,[-2.9473089  -4.43029722  0.59899299],[-3.32783616],,,
319,[-1.11638479 -5.72316313  0.57156264],[-17.62286924],,,
320,[-0.8668425   3.25574938  0.68424056],[-14.54619695],,,
321,[-2.50173315 -0.21268156 -0.75547867],[-11.52667435],,,
322,[ 0.86100215 -1.96425514 -0.39221382],[14.55300742],,,
323,[-1.91624073  2.14374053 -0.66186058],[-18.29313539],,,
324,[-1.7955619  -1.79276307 -0.58470999],[-18.82696457],,,
325,[-2.78339417  8.2190321  -0.61803819],[-7.52214433],,,
326,[-2.77801484  2.8147072  -0.15311641],[-7.13255508],,,
327,[-2.59146896  2.26182739 -0.24611857],[-10.31107603],,,
328,[-0.59139654  2.04976303  0.31128475],[-10.63839248],,,
329,[-0.83132197 -8.8630846  -0.33920265],[-14.87066287],,,
330,[ 0.28027671 -4.39933755  0.7647284 ],[4.93860788],,,
331,[ 1.79360548  2.06740269 -0.96393822],[18.83584769],,,
332,[ 0.10096362 -2.10714303 -0.38767644],[1.73243801],,,
333,[2.11602871 6.63231366 0.41517627],[16.20204271],,,
334,[-2.91610231 -1.67145862 -0.42183924],[-4.1448953],,,
335,[ 0.21519428 -9.06453288 -0.60098195],[3.26918064],,,
336,[ 1.08943065 -4.86618036 -0.77661619],[16.9613505],,,
337,[-2.00232588  5.17713775  0.08258811],[-17.76444483],,,
338,[ 2.61360075 -3.19467594  0.57459633],[10.0161603],,,
339,[-2.14696392 -6.52072861 -0.5666657 ],[-15.88626289],,,
340,[-0.10195819  7.03751252 -0.80723831],[-1.29544294],,,
341,[-2.80758567  4.73344251  0.83913253],[-6.77768476],,,
342,[-0.14980306  2.85257216 -0.05103074],[-2.63748006],,,
343,[-1.20473707  4.97267826 -0.33635573],[-17.88650142],,,
344,[ 1.60474902 -2.73851636 -0.12927509],[19.35759834],,,
345,[ 2.04620107  6.32453508 -0.19599091],[16.91511709],,,
346,[ 1.04585437 -2.76643995 -0.84097548],[16.61765664],,,
347,[2.2953835  5.55351265 0.6592294 ],[14.13046024],,,
348,[-1.28444128  4.8405319  -0.84528608],[-18.42991036],,,
349,[-2.04510351  5.76453114  0.49474248],[-17.46539302],,,
350,[ 0.43966415 -4.03519016  0.38441236],[7.89928666],,,
351,[-0.2251692  -6.24039891  0.66660991],[-4.89483487],,,
352,[-1.67416507  4.58629186 -0.29892342],[-19.27902877],,,
353,[ 1.02477215 -3.13552298 -0.63664063],[16.38181245],,,
354,[-2.70899977  4.36708332 -0.87731945],[-8.4850657],,,
355,[ 2.7552138  -4.16366775 -0.60684132],[7.67216645],,,
356,[-1.99165618  2.67353873  0.39690652],[-17.76922131],,,
357,[ 1.22333357 -9.11126089  0.16705245],[17.86880982],,,
358,[-0.92554587 -7.57341211 -0.77555076],[-15.91062737],,,
359,[ 2.66383269  6.5778871  -0.61078218],[8.34371028],,,
360,[-0.47956614  8.6086252  -0.58202046],[-8.18323989],,,
361,[2.17335884 1.34294497 0.1447301 ],[15.86885099],,,
362,[-0.42425893  2.85215259 -0.84345591],[-7.71693412],,,
363,[2.89486149 4.84163749 0.44272374],[4.27350936],,,
364,[ 1.06911942  6.89179164 -0.2005221 ],[17.29047346],,,
365,[-1.05326201 -2.38268596  0.01819295],[-16.92786771],,,
366,[ 2.31062735  1.01076133 -0.88964258],[14.23457229],,,
367,[-0.10546449 -3.77729043 -0.44329498],[-2.41930368],,,
368,[-0.3869873  -0.09732794 -0.60744191],[-7.32196066],,,
369,[-0.9653944  -3.40104366  0.93970117],[-16.11333232],,,
370,[ 1.6279715  -7.4899006  -0.07034562],[19.35674126],,,
371,[-0.90673028  7.94851098 -0.18568201],[-14.76144215],,,
372,[-2.61912489 -4.90203316 -0.93900899],[-9.24218396],,,
373,[0.76155475 0.52680957 0.05771338],[13.40036662],,,
374,[ 2.74668642  5.2397521  -0.12230476],[6.97387619],,,
375,[-1.61216459 -6.97484011  0.77174784],[-19.30831021],,,
376,[-2.96089631 -9.30322336 -0.18711692],[-2.59427762],,,
377,[-1.75517577 -3.34361859 -0.81182171],[-18.98031801],,,
378,[-2.37923687 -3.74354139 -0.61895127],[-13.11286469],,,
379,[1.29362194 8.69042119 0.21656384],[18.82986669],,,
380,[-0.11967688  0.7073289  -0.91598939],[-2.25153946],,,
381,[-1.54471641  3.3041891  -0.34166239],[-19.33060661],,,
382,[-1.40863365 -1.75247205  0.43927692],[-19.12056369],,,
383,[ 1.0599072   5.68636561 -0.07134379],[17.15074171],,,
384,[ 0.82334549 -4.67050876 -0.1257198 ],[13.88412378],,,
385,[0.24321605 9.12794945 0.63776809],[5.51056501],,,
386,[-2.72905641  1.55727401 -0.45944158],[-7.88786103],,,
387,[-0.71680468 -2.10431015 -0.79392482],[-12.86940333],,,
388,[0.74632231 1.10267128 0.97512053],[13.23169087],,,
389,[-1.91999029 -4.26480983 -0.38364626],[-18.05938706],,,
390,[ 1.9006592  -8.16607548 -0.18486873],[18.55443413],,,
391,[-2.28137961  7.28976008  0.69767108],[-15.11224239],,,
392,[ 0.04816126 -5.09737376  0.71786864],[0.44293648],,,
393,[-1.73796724 -5.85490946  0.34813581],[-18.99186424],,,
394,[ 2.73998049 -7.42848063  0.13876478],[8.22752232],,,
395,[-1.60550254  2.31601733  0.22443882],[-19.34403942],,,
396,[-0.51998193 -6.52515054  0.50056395],[-10.16504184],,,
397,[-1.9845198   8.35389469  0.27513643],[-18.0295474],,,
398,[-1.91871506  8.29330004 -0.71536229],[-18.45742815],,,
399,[0.21145757 7.88347835 0.30214451],[4.80456446],,,
400,[ 2.82336279 -8.3241876  -0.986376  ],[6.79912726],,,
401,[ 1.07731417  4.12560457 -0.69425956],[17.25251786],,,
402,[-0.98093488 -8.51681006  0.52391755],[-16.53834188],,,
403,[ 0.91067427 -0.33579186 -0.40626273],[15.27277481],,,
404,[ 1.38347375  5.20178009 -0.31805289],[19.09586091],,,
405,[-2.90078457  6.83151206 -0.31158554],[-5.25834078],,,
406,[-1.44738827 -6.72844049  0.10982571],[-19.2937336],,,
407,[-1.4988593   5.63164726 -0.77512076],[-19.26663814],,,
408,[ 2.50074649 -8.46627957 -0.88881065],[12.22841878],,,
409,[3.06755233 8.50827657 0.23298024],[0.61384898],,,
410,[-2.54607152 -7.41476122 -0.26752906],[-10.24255396],,,
411,[-1.06060541  8.77590141 -0.62906325],[-16.45515316],,,
412,[ 1.01775855 -1.68329273  0.57549273],[16.38705411],,,
413,[ 0.67234324  4.99527728 -0.34396201],[12.41000119],,,
414,[-0.76935149 -6.44676046  0.58989238],[-13.90710288],,,
415,[-1.94229995 -4.61484175 -0.71551056],[-17.86819984],,,
416,[-0.08967263  8.73971856  0.31755465],[-0.89453901],,,
417,[ 1.63315159 -2.06846108  0.48311828],[19.3449025],,,
418,[-1.19674082  8.55138763  0.14331565],[-17.70960839],,,
419,[-0.4888007   7.12842777 -0.46255562],[-8.47342965],,,
420,[-2.15606062  7.75317339 -0.53293689],[-16.51386834],,,
421,[-1.04613261 -6.11376872  0.08692462],[-17.03872916],,,
422,[-0.26715604  8.93617907  0.53977579],[-4.26904304],,,
423,[-0.8182004   4.91500846 -0.31632432],[-13.80871041],,,
424,[ 1.18867618 -2.13823222  0.31210267],[17.87894325],,,
425,[-2.14994999  3.35321079 -0.41627988],[-16.36517405],,,
426,[-2.72099342 -4.75944664  0.8933546 ],[-7.50330258],,,
427,[ 1.55073922 -6.58110902  0.60531838],[19.33723828],,,
428,[2.30067591 7.75175399 0.0813646 ],[13.90875797],,,
429,[ 1.13485072  8.95191841 -0.57825997],[17.88592478],,,
430,[-0.47920433 -0.74640572 -0.33759201],[-8.99387968],,,
431,[2.43724779 1.73282981 0.68925916],[12.39095285],,,
432,[-2.38692503  4.1642627   0.10278624],[-13.55256648],,,
433,[-1.58466516  2.58472399 -0.81751563],[-19.34263778],,,
434,[ 0.99312688 -9.10882019 -0.49140511],[15.68792644],,,
435,[-1.32146303 -0.85895897 -0.97494257],[-18.77267981],,,
436,[0.57297757 7.33363995 0.94858898],[11.08196803],,,
437,[ 1.81115855  0.56231138 -0.80487497],[18.78427925],,,
438,[2.89248377 3.97079517 0.01988621],[4.40347058],,,
439,[-0.70336173 -3.31018344  0.19481355],[-12.77409684],,,
440,[-0.55660068  7.31451513  0.43057626],[-9.61799685],,,
441,[ 1.54193189 -1.84335499  0.25595456],[19.33939721],,,
442,[-2.64417373 -1.28706665 -0.58650863],[-9.12689955],,,
443,[-1.50634036  0.83023413  0.9249189 ],[-19.31958743],,,
444,[-2.39263793  3.35939112 -0.85867112],[-13.40759716],,,
445,[-1.39571091 -7.39354878  0.98995923],[-19.18870431],,,
446,[-1.57965588  6.11943001  0.12626607],[-19.35132646],,,
447,[-0.50621937 -5.53187719  0.35037573],[-9.84643906],,,
448,[-0.66713267 -3.16194731 -0.17961602],[-12.19829771],,,
449,[-1.31677569 -8.3406458  -0.75829916],[-18.93557909],,,
450,[-2.169152   -8.09761972  0.55192407],[-15.53077079],,,
451,[1.44721645 2.8852804  0.22553369],[19.23949499],,,
452,[ 3.0926243  -9.18068751  0.67809459],[1.81639005],,,
453,[-1.41433553  1.79524498  0.10941509],[-19.10419458],,,
454,[-1.81165837 -6.86927386 -0.6018507 ],[-18.61815118],,,
455,[ 2.51827562 -8.48391245  0.04038512],[11.95411457],,,
456,[2.98532062 7.19270549 0.08535314],[2.32802416],,,
457,[ 0.57851493 -8.99083866  0.02333746],[9.83443732],,,
458,[ 0.09426442 -7.76595851 -0.2026721 ],[1.06802417],,,
459,[ 1.31980044 -7.37785102 -0.7716647 ],[18.56203962],,,
460,[ 2.48683158 -4.71891127  0.8371953 ],[12.13028672],,,
461,[ 0.63865208 -0.87370446  0.81339771],[11.4763871],,,
462,[ 2.44589534 -4.34723026 -0.42221568],[12.70908642],,,
463,[-2.13324787 -8.09803471 -0.98465815],[-15.9483884],,,
464,[ 1.92977052 -2.43853804 -0.16882653],[18.21198804],,,
465,[-1.46037146 -0.69914096 -0.56066224],[-19.24007492],,,
466,[-1.25277151  6.74427998 -0.91004717],[-18.18721055],,,
467,[ 0.99694966 -4.64285074  0.96491449],[16.02009353],,,
468,[ 2.09292301 -6.86694127  0.78120827],[17.09240031],,,
469,[ 2.69606469  2.05073208 -0.51145755],[8.15900142],,,
470,[-0.90951373  5.32672834 -0.45611504],[-14.97424639],,,
471,[ 2.37219002  4.65609906 -0.69378614],[13.15234296],,,
472,[ 1.04245632 -7.46269063  0.12885565],[16.336216],,,
473,[2.76906209 4.78917382 0.70112551],[6.614471],,,
474,[0.49285036 6.55083966 0.64976914],[9.71715486],,,
475,[ 1.51190107 -7.98485713  0.18143366],[19.25048073],,,
476,[ 1.02557701 -1.15750345 -0.02006103],[16.51763587],,,
477,[ 2.27196921 -7.19875641 -0.41835361],[15.23250674],,,
478,[ 2.73689358 -7.37480095  0.28876109],[8.26379692],,,
479,[-1.35286146 -7.60043577  0.77528228],[-19.03050059],,,
480,[-1.17523473 -2.14111201  0.90396047],[-17.95373381],,,
481,[ 1.7156406  -5.98280489  0.56986338],[19.23273222],,,
482,[-1.08384663 -4.58561251 -0.47182896],[-17.31041649],,,
483,[ 1.07175231 -5.73173021  0.64608007],[16.72689046],,,
484,[ 0.74938378 -4.09675234  0.9172629 ],[12.90420631],,,
485,[-2.55172004  5.96436267 -0.47810977],[-11.22253749],,,
486,[-1.08356224 -2.19662163 -0.45186229],[-17.21338686],,,
487,[ 2.46943311 -1.64041156 -0.73773862],[12.18794624],,,
488,[ 0.27604716  3.74185894 -0.51524096],[5.60257724],,,
489,[ 2.46611976 -6.94087151 -0.57142329],[12.63661691],,,
490,[ 0.07456574 -5.63541507 -0.3857187 ],[0.895014],,,
491,[-1.96116837  4.76411189 -0.82310793],[-18.06333741],,,
492,[ 1.0536714   1.64186507 -0.86167784],[16.88613071],,,
493,[-1.10780526 -7.60056582 -0.69610472],[-17.64165406],,,
494,[-0.66803212 -8.99906152  0.24637384],[-12.67164871],,,
495,[ 2.29494307 -5.7646862  -0.160181  ],[14.86404854],,,
496,[2.70022952 9.23395084 0.75086419],[7.42720925],,,
497,[ 0.5990399  -9.24310673 -0.78252116],[10.16968887],,,
498,[-0.59484661 -1.29659752  0.96145115],[-10.95979203],,,
499,[-0.76606401  0.9281652   0.52516156],[-13.35925724],,,
500,[3.05314106 8.5207082  0.83270631],[0.88177998],,,
501,[-1.06192226  2.89814964  0.10885452],[-16.75738614],,,
502,[ 0.99045786  3.36899146 -0.35501701],[16.38098587],,,
503,[-1.1691164  -3.46193396 -0.49299102],[-17.95374794],,,
504,[0.52282335 7.31070467 0.15285153],[10.29069072],,,
505,[-1.74576832  2.66536045  0.74543172],[-19.11023453],,,
506,[ 0.39077158 -9.32002999 -0.58410188],[6.51444552],,,
507,[-1.57745608 -1.09765735  0.57833239],[-19.34904304],,,
508,[-2.46714962  6.8232289   0.67692205],[-12.59028998],,,
509,[-0.25018112 -1.46154592 -0.07698337],[-4.93788867],,,
510,[ 0.23066608 -2.34149549  0.57202987],[4.19182346],,,
511,[-0.6128422  -0.12860686  0.87600391],[-11.12423379],,,
512,[-1.7385344   6.19349165 -0.14518493],[-19.16195789],,,
513,[ 0.22989189 -7.9789451  -0.13757016],[3.66432588],,,
514,[-0.09494214  2.32785761  0.17144716],[-1.59290408],,,
515,[-2.84572187  0.7385968  -0.48572466],[-5.69984026],,,
516,[ 0.14336917  0.06629178 -0.60116307],[2.77057819],,,
517,[-1.12279047  6.52636899  0.43631247],[-17.15006172],,,
518,[1.83781722 7.58434758 0.13424209],[18.45790696],,,
519,[-2.02504103 -6.7169798  -0.3786356 ],[-17.10465091],,,
520,[ 2.36914168 -2.73061902  0.31887674],[13.69579017],,,
521,[-0.3170315  -7.70190087 -0.17320163],[-6.74012141],,,
522,[ 1.46289588  9.4081826  -0.99427667],[19.30642108],,,
523,[-1.91148573  3.05991012  0.18349009],[-18.3301663],,,
524,[-0.58328792  8.77856573 -0.93030314],[-9.96054927],,,
525,[-2.73227491  7.70854173 -0.57814557],[-8.36763976],,,
526,[-1.49894314  7.70017048 -0.76938383],[-19.23988233],,,
527,[-3.00266143  1.13663573  0.42942902],[-2.78633678],,,
528,[ 1.6167093   9.32378313 -0.2755535 ],[19.2615805],,,
529,[-1.98659863 -6.65569655  0.91731078],[-17.43058648],,,
530,[-2.4071046  -9.20986006  0.02012224],[-12.30493825],,,
531,[-1.12434174  8.98256833 -0.40521334],[-17.07208857],,,
532,[-0.93290398 -5.36585344 -0.8268206 ],[-15.85498395],,,
533,[ 3.07705176  7.60814228 -0.99243731],[0.51832883],,,
534,[2.68259659 8.79009401 0.57888738],[7.81169182],,,
535,[2.01933193 7.82793775 0.24144039],[17.1000764],,,
536,[ 0.3663511  -6.71076246 -0.58146223],[6.32008361],,,
537,[0.4840772  0.38204925 0.19770716],[9.04275091],,,
538,[-0.71455915  3.59402999  0.78944031],[-12.42931385],,,
539,[ 0.71600673  8.81724912 -0.92448452],[13.33375627],,,
540,[1.13761635 1.39624322 0.94767776],[17.64790752],,,
541,[-0.82456504  5.40599854 -0.07198308],[-13.87357488],,,
542,[ 2.97470146  3.72888001 -0.1419336 ],[2.86106287],,,
543,[-0.19278266 -9.04892808 -0.43244362],[-4.57521688],,,
544,[ 0.83670309 -2.96968818  0.77503463],[14.19984358],,,
545,[-0.40861708  6.59760076 -0.06997932],[-7.09688471],,,
546,[ 1.7900662  -1.61229711 -0.54495875],[18.92964563],,,
547,[ 0.42248921  1.02641372 -0.20592012],[8.0338677],,,
548,[-1.8411739  -4.22199315 -0.05890311],[-18.54385499],,,
549,[ 2.36566942  1.12440829 -0.02075941],[13.48721239],,,
550,[0.7106404  5.13470598 0.13021671],[13.00773567],,,
551,[-1.67916824 -1.80215564 -0.69271479],[-19.22653647],,,
552,[-2.9466839  -2.84670859 -0.00975122],[-3.48674676],,,
553,[-1.09011127 -1.1179837   0.38595744],[-17.23866623],,,
554,[ 0.89515512 -7.48076766 -0.61075166],[14.63792474],,,
555,[-2.38319993 -8.20877718  0.24440636],[-12.72937641],,,
556,[ 0.01104391  5.69812632 -0.40532796],[0.78643855],,,
557,[-0.72302897 -3.63651256 -0.14454274],[-13.05789391],,,
558,[ 0.02684813 -4.71042402 -0.31866158],[0.06661527],,,
559,[ 0.03330972 -3.66355231 -0.66850857],[0.29890505],,,
560,[ 1.97964481 -3.65431708 -0.24609666],[17.91222314],,,
561,[ 2.13355746  9.0921625  -0.91907621],[15.88199879],,,
562,[-1.2173852   7.36914484 -0.77983978],[-17.91324602],,,
563,[-2.68556441 -3.02498174 -0.35321238],[-8.26301498],,,
564,[-1.91521571  9.28525974 -0.92940223],[-18.49990606],,,
565,[2.20487015 9.2804376  0.37997672],[15.04675269],,,
566,[ 2.94769484 -9.00404527 -0.73158041],[4.57499968],,,
567,[-2.60399938 -4.11670422  0.82735502],[-9.56953363],,,
568,[1.55488940e+00 7.73272518e+00 2.67364365e-03],[19.33534087],,,
569,[-1.29982979 -3.90502848 -0.8772404 ],[-18.76962877],,,
570,[ 2.72994799  4.51320071 -0.06994218],[7.34723973],,,
571,[-1.30784183e+00  5.70729050e+00 -3.94622010e-03],[-18.54579907],,,
572,[ 0.36702841  2.34962816 -0.79257873],[7.15344247],,,
573,[-0.13580008 -5.52431006 -0.88976461],[-3.14173423],,,
574,[2.15711822 9.19411264 0.42662498],[15.61854055],,,
575,[-0.27154666  2.10087453  0.85377109],[-4.99658343],,,
576,[ 0.39545563  6.25406642 -0.04185235],[8.01670408],,,
577,[2.03490864 0.76654337 0.77007422],[17.27036079],,,
578,[-1.88320715  1.63839073 -0.37945386],[-18.45369583],,,
579,[2.81054268e-03 4.25431739e+00 5.25827596e-01],[0.46815273],,,
580,[-1.58549473  6.06976375  0.8766445 ],[-19.36342403],,,
581,[-2.38455212  6.40539788 -0.18427145],[-13.72615778],,,
582,[ 0.06052032 -1.32785695 -0.65802165],[1.05589214],,,
583,[ 3.10911737 -1.37196718 -0.02344512],[0.76881907],,,
584,[-2.08798585 -1.55181849 -0.41583215],[-16.76330395],,,
585,[ 0.11301892 -2.28006259  0.99420489],[1.97276283],,,
586,[0.45642648 1.38030795 0.09505037],[8.6425907],,,
587,[ 1.16353145  5.94650349 -0.47987804],[18.00737331],,,
588,[-3.0173209  -3.49273796  0.92278855],[-2.08451411],,,
589,[-1.10083967  6.62899382  0.94204384],[-16.96791866],,,
590,[-0.20962623 -2.64818571  0.65847585],[-4.27675175],,,
591,[-0.69864217 -4.46638433 -0.92030412],[-12.7733202],,,
592,[-0.05195318 -8.07903957 -0.6022652 ],[-1.79164842],,,
593,[-1.21173314 -4.74544087 -0.2176098 ],[-18.2876502],,,
594,[1.16520128 0.7423861  0.23117357],[17.81134712],,,
595,[-0.66372533 -7.07346818 -0.22118719],[-12.44303382],,,
596,[ 0.76052511 -8.34948972 -0.7040815 ],[12.73850274],,,
597,[-2.78996303  9.32625836  0.08842655],[-7.49983735],,,
598,[-1.40733189 -7.99423207  0.97528395],[-19.18991559],,,
599,[-0.47977682  9.40204059  0.96347534],[-8.13784418],,,
600,[-2.30523298 -1.196926    0.68672796],[-14.29067522],,,
601,[ 2.92844237 -7.86423156  0.24817788],[4.82655508],,,
602,[2.4944435  7.40630136 0.04366503],[11.07744512],,,
603,[-0.57051696 -2.49651146 -0.69838831],[-10.6569581],,,
604,[ 2.18426909 -4.71959376  0.38180452],[16.10577692],,,
605,[-1.05904163  0.97898537 -0.25143722],[-16.8389959],,,
606,[ 1.6874324   1.15329957 -0.90442003],[19.19772067],,,
607,[0.41503999 1.79594963 0.92005269],[7.96896773],,,
608,[2.44789447 7.13455994 0.81106873],[11.83471179],,,
609,[ 0.44058358 -6.65179564 -0.08151238],[7.67270986],,,
610,[ 1.70563325 -7.58314535  0.35901281],[19.26818728],,,
611,[-3.01128557  4.01955455  0.64509191],[-2.90376255],,,
612,[ 2.87478677 -2.38421733  0.28441952],[5.32211522],,,
613,[-0.70922313 -5.64694059 -0.04802444],[-13.03187352],,,
614,[-2.00486265  1.57908356  0.9845108 ],[-17.63017791],,,
615,[-2.77115287  5.86657237  0.54013571],[-7.53213124],,,
616,[ 2.47039564  8.13713703 -0.77531653],[11.41017913],,,
617,[ 1.85451919  8.24934517 -0.92762765],[18.33744617],,,
618,[ 3.11212768 -8.85046357 -0.55044854],[1.44651671],,,
619,[-2.54498905  8.75579537  0.55782335],[-11.56915903],,,
620,[ 0.68865358 -3.59938532 -0.37935704],[12.01495945],,,
621,[ 1.554346   -2.30331321 -0.53855497],[19.35583282],,,
622,[ 0.86285629 -4.85573696 -0.75221949],[14.38923925],,,
623,[ 0.86600603 -4.44641228  0.06118691],[14.49495361],,,
624,[-0.08586707 -5.39360541 -0.94708063],[-2.18750097],,,
625,[-1.6463973  -2.5782703  -0.53557163],[-19.27713164],,,
626,[ 2.27478058  4.48524541 -0.1064513 ],[14.46876508],,,
627,[ 1.16725261  2.53646749 -0.6447149 ],[17.89667382],,,
628,[-2.23187296  2.30570546 -0.29643494],[-15.41613924],,,
629,[ 4.11370579e-04 -9.22558600e+00  3.10851775e-01],[-0.88430096],,,
630,[-1.21954187  2.767261   -0.81484117],[-18.10204265],,,
631,[0.54845107 0.29958374 0.83842291],[10.11503929],,,
632,[ 2.77964347  3.76808544 -0.16710301],[6.51749488],,,
633,[0.05462325 1.33203744 0.83922024],[1.18857202],,,
634,[ 0.0575777  -4.32564673  0.05221488],[0.70083995],,,
635,[-3.09737298  3.04742129 -0.18931521],[-1.13627544],,,
636,[-2.90196471 -0.94216949 -0.21583509],[-4.51562152],,,
637,[0.88415461 8.43101886 0.26020257],[15.46501232],,,
638,[-1.27921906  8.41773126  0.54199659],[-18.28089253],,,
639,[-3.01222035  3.97275358  0.53270278],[-2.90097803],,,
640,[-1.34635468 -4.65683963 -0.74927704],[-18.97369553],,,
641,[-3.12408923  8.58864939  0.39103534],[-1.18426783],,,
642,[2.54483908 1.62164646 0.09174393],[10.75402912],,,
643,[1.27642063 6.86505167 0.2690253 ],[18.70494615],,,
644,[-2.72671908  3.27652061 -0.46880021],[-8.10662734],,,
645,[ 0.19069533 -5.15474697 -0.38615396],[3.17560668],,,
646,[ 1.44466887  5.53323224 -0.85991571],[19.24859182],,,
647,[ 0.38396466  1.47318934 -0.66579517],[7.39731758],,,
648,[1.25781948 3.74681856 0.19927563],[18.5346601],,,
649,[ 1.33417372 -8.72147918 -0.75275133],[18.59857048],,,
650,[-1.15295531 -5.32833192 -0.78220523],[-17.88500896],,,
651,[-1.74776358 -1.10295262  0.18269877],[-19.04521047],,,
652,[ 1.09367219 -4.46995541  0.85845439],[17.00777782],,,
653,[ 3.04094549 -7.30691596  0.60757309],[2.64648637],,,
654,[ 2.18362622 -3.95735718 -0.32757403],[16.06352139],,,
655,[2.59352931 7.59938153 0.28255305],[9.44665826],,,
656,[ 0.99320732  1.11273556 -0.43294436],[16.29099966],,,
657,[ 0.15568823  1.0197033  -0.56810085],[3.09292685],,,
658,[-2.85130099 -8.62701249  0.70209492],[-4.7426884],,,
659,[-0.95598253 -6.79530913 -0.00946783],[-16.17965246],,,
660,[ 0.09032141 -1.35041809  0.93326759],[1.62992867],,,
661,[-1.93307011  5.86246704  0.31233453],[-18.29273377],,,
662,[ 3.06423068e+00 -9.00265174e+00 -3.50555924e-03],[2.35061902],,,
663,[-2.03912641  5.22161161 -0.81758343],[-17.49537506],,,
664,[1.55918711 3.84689538 0.43562459],[19.36150052],,,
665,[-0.88989807  8.01575248  0.05766252],[-14.53583158],,,
666,[2.56732211 3.68131752 0.13371152],[10.19627731],,,
667,[ 1.77504146 -1.77690151  0.30272466],[18.98868037],,,
668,[ 0.55159103 -2.10276566 -0.26601137],[9.97651863],,,
669,[ 0.19602112 -8.28837672 -0.08345185],[2.98459692],,,
670,[ 0.31483476 -4.99193613  0.53484334],[5.52738497],,,
671,[-0.69193258 -4.52809752  0.77297319],[-12.67871542],,,
672,[ 2.98871197 -2.63474095 -0.7606183 ],[3.20442457],,,
673,[-2.8596714   5.07017674 -0.64551806],[-5.83560243],,,
674,[ 2.30606201 -0.59445111 -0.46243407],[14.39374103],,,
675,[ 1.87856551 -5.37178068  0.11317984],[18.60580137],,,
676,[ 0.87624654 -5.21529412  0.17370752],[14.55837686],,,
677,[0.65885906 8.29543292 0.55659098],[12.48784501],,,
678,[ 2.56971766 -8.98166204 -0.45508832],[11.19814744],,,
679,[ 2.59810402 -5.16170423  0.82856107],[10.41421627],,,
680,[-0.10285573  9.17818369 -0.95610365],[-1.12422552],,,
681,[-1.63945285  8.29672824 -0.66213358],[-19.34141988],,,
682,[-1.98560228 -2.09149668 -0.27081671],[-17.6521083],,,
683,[ 1.84656169 -7.04233783 -0.51067872],[18.79670814],,,
684,[ 0.47300854 -5.39368454  0.48778996],[8.367419],,,
685,[2.06889629 0.6279727  0.94945785],[16.97994969],,,
686,[ 0.80069252 -4.27445166 -0.31484349],[13.62142837],,,
687,[-0.42495513  6.46765159 -0.94241381],[-7.43749764],,,
688,[ 0.17615084 -3.57784897 -0.20580276],[3.04543905],,,
689,[-1.88764197  7.08174628 -0.07366444],[-18.59332804],,,
690,[-1.1573238   5.53846934 -0.89606591],[-17.50535976],,,
691,[ 2.92220227 -1.45319434  0.92266945],[4.3550755],,,
692,[ 1.59946598 -4.92271576 -0.59308131],[19.35553004],,,
693,[0.69418205 0.4334924  0.39356623],[12.42906573],,,
694,[-1.51841499 -4.08249525 -0.52487842],[-19.33301087],,,
695,[-0.20574405  8.94481315  0.80630311],[-3.09370091],,,
696,[1.24757638 2.71082519 0.23404809],[18.43639465],,,
697,[ 1.01424964  4.44210978 -0.96376213],[16.64344798],,,
698,[-2.09749372 -8.47875696  0.57985218],[-16.29692953],,,
699,[-0.9738977   4.8575179   0.00679382],[-15.75100344],,,
700,[-2.51883384 -5.88764801 -0.37002492],[-10.80759219],,,
701,[3.10852423 9.32728497 0.31064232],[-0.26152383],,,
702,[-1.09844558  8.27244128 -0.75824492],[-16.86796298],,,
703,[-1.4434666   3.40534841  0.12642331],[-19.15915692],,,
704,[-3.05565509 -6.97237038 -0.62522186],[-0.98341503],,,
705,[ 0.54937742 -1.09831032  0.01471418],[10.01985747],,,
706,[ 3.13514807 -2.09421412 -0.59875461],[0.33257891],,,
707,[-2.66661679  6.10779528 -0.21615144],[-9.3636955],,,
708,[-0.4244212  -1.57363053  0.83553622],[-8.11033334],,,
709,[ 3.10417888  6.80290609 -0.08473641],[0.07593766],,,
710,[ 0.47411432 -3.82719999 -0.92205173],[8.49562522],,,
711,[-0.836351   -5.0312167   0.25110383],[-14.69384623],,,
712,[ 3.09435867 -5.18229266  0.72828177],[1.4017595],,,
713,[0.52473313 4.00882897 0.01250459],[10.01388803],,,
714,[-0.8645879  -2.36589024 -0.21356523],[-14.87574009],,,
715,[ 1.09096274 -3.7508516  -0.39529419],[17.00065144],,,
716,[-0.91623686  3.76940995  0.77337273],[-15.13011291],,,
717,[-1.53743947  0.48735509 -0.13150383],[-19.34911405],,,
718,[ 0.46531434  8.50082198 -0.80215352],[9.42893077],,,
719,[-1.27989534 -6.2256955   0.24149119],[-18.69659012],,,
720,[-2.36520813 -3.99239868  0.67279748],[-13.28621584],,,
721,[ 2.49498553 -0.51489232 -0.23649454],[11.69658247],,,
722,[-1.2061794  -4.98488129  0.8140762 ],[-18.24632361],,,
723,[ 0.56487032  7.36351171 -0.20356783],[10.95326576],,,
724,[ 2.82016974 -1.56737736 -0.93309088],[6.24938044],,,
725,[-3.06859705 -2.8966705  -0.49889271],[-1.13874969],,,
726,[ 0.20300539 -5.1302063   0.67353164],[3.41596068],,,
727,[ 1.73479063 -7.24765089 -0.40015452],[19.2024686],,,
728,[-2.4856374  -0.86543321  0.1408625 ],[-11.742597],,,
729,[-1.06887728 -5.95391787  0.5393565 ],[-17.24306604],,,
730,[ 2.46534978 -4.1460074   0.78803244],[12.41660618],,,
731,[-2.37225959  8.45633414  0.50409354],[-14.03187836],,,
732,[ 0.33795118  1.45223396 -0.15443894],[6.56100741],,,
733,[ 0.53288965 -2.69133158 -0.93805245],[9.61812969],,,
734,[-0.10154105  5.84995404 -0.48306619],[-1.40931741],,,
735,[ 1.70654295  3.56272255 -0.23070748],[19.13524429],,,
736,[-2.77362103  0.44725532 -0.58582554],[-7.0035372],,,
737,[-2.96879053 -0.70876248  0.85094504],[-3.27343928],,,
738,[-1.05081911  5.58966107 -0.37424821],[-16.52075774],,,
739,[-0.50858514  8.2605131   0.45630914],[-8.70822977],,,
740,[ 0.94667127 -9.32006883 -0.90714873],[15.16806593],,,
741,[-2.84412346  8.24953981  0.38478933],[-6.42029145],,,
742,[ 0.97607615 -7.68442226  0.48697418],[15.61543345],,,
743,[-2.6321704  -8.67876969 -0.88425607],[-8.71977775],,,
744,[-1.49991544 -9.38767697 -0.01905368],[-19.35401477],,,
745,[ 2.09687301 -4.97821826  0.32713396],[16.97510422],,,
746,[-1.98120827  5.75629373 -0.84041778],[-17.95894752],,,
747,[2.83090671 7.7441801  0.79090675],[5.19867151],,,
748,[ 0.25012449 -0.6269612  -0.22330547],[4.73578731],,,
749,[ 3.05204794 -0.09266108 -0.33001434],[1.74500214],,,
750,[-0.44528025 -3.4276909  -0.63315217],[-8.64715251],,,
751,[ 0.742302   -1.53934457 -0.64980096],[13.00213774],,,
752,[ 2.53139304 -1.11161372  0.10543567],[11.1710665],,,
753,[-2.3173533   0.52017581  0.12516466],[-14.22799694],,,
754,[-2.8399377 -3.7465969  0.4983231],[-5.41303544],,,
755,[ 1.56741146  6.68042428 -0.72465818],[19.34419174],,,
756,[-0.02061403  7.77990033 -0.85454081],[0.35277412],,,
757,[-0.53229866  3.06598685 -0.83795956],[-9.57629798],,,
758,[-1.57753583 -5.61608798  0.66288711],[-19.3362446],,,
759,[-2.22916078  7.72448641  0.62650956],[-15.76141207],,,
760,[-2.36183304 -3.14679363  0.73323995],[-13.4135427],,,
761,[-2.34930518 -6.24367226 -0.33180038],[-13.34544861],,,
762,[-0.56498436  0.29287991 -0.20340703],[-10.34033184],,,
763,[ 2.9154997  -4.27329989 -0.36452679],[4.74067676],,,
764,[-2.87081463 -5.54141503 -0.09886537],[-4.65998185],,,
765,[-0.69981944 -7.54736587 -0.08570962],[-13.01688105],,,
766,[-1.92535468  8.14670593 -0.72432437],[-18.40710413],,,
767,[-0.61843483  3.94235277  0.05485324],[-10.93298918],,,
768,[ 2.56077712 -1.64380996 -0.0660241 ],[10.76317361],,,
769,[-2.89774613  7.84286291  0.7256779 ],[-5.4124833],,,
770,[-2.26351947  2.13353909 -0.78555618],[-15.01896407],,,
771,[ 1.34246942 -3.4024715   0.37282112],[18.79272164],,,
772,[-2.441224    5.55595615 -0.1547664 ],[-12.87867277],,,
773,[ 0.27347122  1.57932771 -0.41450113],[5.39077663],,,
774,[-1.47598487  7.28183561 -0.95752599],[-19.19940716],,,
775,[-1.00730972 -9.22230931  0.84645476],[-16.8254231],,,
776,[ 2.5472939   7.05479898 -0.55741648],[10.28279325],,,
777,[2.48448492 3.77061782 0.05961915],[11.52441631],,,
778,[2.16650003 8.9040741  0.15139806],[15.51309314],,,
779,[ 1.69417548  6.26884805 -0.52074767],[19.12903097],,,
780,[-1.04244991  4.22352038  0.99166136],[-16.51621122],,,
781,[ 2.72196548 -8.14103487  0.21384301],[8.58797504],,,
782,[-0.79963993 -3.48685392  0.91603533],[-14.10599444],,,
783,[ 0.62574027 -4.1430278  -0.36404959],[11.01412802],,,
784,[-2.78616855  2.54361886  0.05639042],[-6.95569987],,,
785,[-1.91862246  0.63804621 -0.89606992],[-18.2183112],,,
786,[-1.06805534 -8.33049919 -0.98840326],[-17.34373484],,,
787,[-2.37963142 -2.88616491 -0.34313226],[-13.15362016],,,
788,[1.34134168 9.22858136 0.28291762],[19.03255169],,,
789,[ 1.05696026 -2.25275543  0.75450964],[16.77391213],,,
790,[-2.3124718  7.1558688 -0.9877485],[-14.7193124],,,
791,[-1.79285208  5.6367342  -0.65884464],[-18.98788036],,,
792,[-1.06254365 -1.06341696 -0.46045583],[-16.97015282],,,
793,[-1.65298633  1.36704285  0.1340987 ],[-19.28926075],,,
794,[ 2.6099921  -6.20835553  0.94837731],[10.3149811],,,
795,[1.00891625 2.80581707 0.74896455],[16.54003117],,,
796,[-1.35138429  6.67563518 -0.71135421],[-18.73749999],,,
797,[ 3.03703412 -6.06368326 -0.82126487],[2.60043468],,,
798,[ 2.86331305 -5.15636457 -0.2563008 ],[5.79906853],,,
799,[ 0.08470278  8.94674849 -0.74589484],[2.47028883],,,
800,[-3.09436524 -6.11300935  0.64718227],[-0.32020889],,,
801,[-1.99638111 -6.13497041  0.08186026],[-17.38248686],,,
802,[-1.54431966 -3.33229168  0.2893954 ],[-19.34918325],,,
803,[ 2.7512564  -3.47810057  0.71009682],[7.65566141],,,
804,[-2.764915    3.7369568  -0.17649108],[-7.46182724],,,
805,[-2.48436887 -0.98066796  0.02350121],[-11.73244444],,,
806,[ 2.73976473 -7.89197133  0.26850717],[8.26693612],,,
807,[-2.12741547  0.92339868  0.71324757],[-16.48965024],,,
808,[-3.0117349   6.37012163  0.82810077],[-3.12316216],,,
809,[-0.86003798 -7.51861766  0.7321917 ],[-15.13215901],,,
810,[ 2.84724106 -1.03637856 -0.20066522],[5.71842952],,,
811,[ 1.40383406  7.94746528 -0.46206577],[19.22144761],,,
812,[-2.73142312 -7.34406619  0.02551846],[-7.06625897],,,
813,[0.04064932 8.62867351 0.3566535 ],[1.62941722],,,
814,[-0.07622923 -8.15740423  0.56713945],[-2.26295088],,,
815,[ 3.09773034  3.75734398 -0.21321237],[0.47573323],,,
816,[-0.67465367  3.33804553  0.09899954],[-11.83581266],,,
817,[1.3836273  6.89780673 0.29405947],[19.12683519],,,
818,[ 1.9746311  -8.38133036 -0.88111023],[18.09602312],,,
819,[-2.8798884   5.45428629  0.30327791],[-5.50218907],,,
820,[1.2360726  0.1153182  0.47451747],[18.29892792],,,
821,[ 0.30662288 -7.16635719 -0.5285752 ],[5.16642396],,,
822,[2.41460708 5.9498348  0.51822957],[12.41861714],,,
823,[ 2.30099369  6.20798816 -0.59506701],[14.01015579],,,
824,[-0.77201496 -2.5992798   0.6648281 ],[-13.682812],,,
825,[2.14894625 4.96347252 0.94716822],[15.93975289],,,
826,[-0.68053495  9.05527444 -0.36648416],[-11.49655362],,,
827,[ 1.69336244  6.03963592 -0.67905465],[19.13916421],,,
828,[-1.31308614 -7.69754344 -0.51872338],[-18.90135491],,,
829,[-2.72292737 -3.46898638  0.74425131],[-7.57381204],,,
830,[ 2.6512654   3.45561928 -0.25573744],[8.8198418],,,
831,[3.02978364 3.98703445 0.64913331],[1.78115657],,,
832,[ 0.13242852 -3.11407677 -0.59936766],[2.26151671],,,
833,[-1.07671831 -1.05831563 -0.24198179],[-17.07600239],,,
834,[-1.99999399  2.41880522  0.69991124],[-17.69278987],,,
835,[-1.03966407 -1.86729015 -0.94459269],[-16.80601164],,,
836,[-2.75925646 -1.04871116  0.9809291 ],[-7.13445481],,,
837,[ 0.65465517 -2.2078947  -0.79519063],[11.62662664],,,
838,[-1.96390733 -5.02758126  0.62645104],[-17.68525393],,,
839,[-1.6761945  -2.05585623 -0.60140532],[-19.23223435],,,
840,[-2.54046531 -8.42245898 -0.60216446],[-10.25706997],,,
841,[2.81844854 3.29361785 0.68306532],[5.83453746],,,
842,[0.24426636 2.01581215 0.47879168],[4.86890595],,,
843,[-2.11823968 -0.25029492  0.54369841],[-16.51466305],,,
844,[-1.49020256  6.60292353  0.49744711],[-19.25218582],,,
845,[-0.78552045 -1.64412148  0.37895182],[-13.80700517],,,
846,[-2.69857729  3.23649388  0.66626381],[-8.59813421],,,
847,[-1.9396701   1.39345476 -0.71795537],[-18.10169524],,,
848,[-0.93902588 -9.05763549  0.06181268],[-16.12250149],,,
849,[1.95549377 9.18461141 0.53006036],[17.57586127],,,
850,[ 2.42493337 -1.28356715  0.49149932],[12.81964556],,,
851,[-1.85178376 -6.6218487  -0.13866963],[-18.41433805],,,
852,[-0.94106633  7.91152719  0.20164211],[-15.18541932],,,
853,[ 0.08700419 -3.01900478 -0.59115975],[1.38931906],,,
854,[-1.5486882   1.73211159  0.73381442],[-19.3675985],,,
855,[-1.14329256 -0.32142084 -0.63278593],[-17.66576927],,,
856,[ 2.69917077  7.6232947  -0.43737983],[7.62648006],,,
857,[-0.79314241  0.19755139  0.79501842],[-13.78409487],,,
858,[-1.60170844 -2.61996692 -0.77883843],[-19.36868445],,,
859,[2.93764004 7.21408608 0.76391791],[3.22762371],,,
860,[ 2.42719347  2.77999313 -0.40696234],[12.47372716],,,
861,[-1.71073298  0.0688309   0.26026296],[-19.19453833],,,
862,[-1.70015823 -5.16702554  0.94650717],[-19.10808778],,,
863,[ 1.91724824 -9.09470549  0.67528184],[18.49522021],,,
864,[ 0.25146126 -1.22040528 -0.38032312],[4.6893936],,,
865,[-0.72389991 -2.79164259  0.77109409],[-13.03270255],,,
866,[-0.82447088 -5.62861004  0.58905611],[-14.58365376],,,
867,[ 2.90317923 -3.58320252 -0.03817172],[4.91285757],,,
868,[ 0.04352171  0.16510828 -0.24023929],[0.85368577],,,
869,[-1.56607134 -4.56333586 -0.85549129],[-19.35523848],,,
870,[-0.91395362  5.01400762 -0.58268315],[-15.03284057],,,
871,[ 2.04810956  1.14130345 -0.15389585],[17.13372491],,,
872,[ 1.73970101 -6.56425185  0.36321987],[19.1768489],,,
873,[ 1.2218622   0.55309118 -0.08451255],[18.19306897],,,
874,[-1.38372037  8.85267273 -0.81581597],[-18.84163083],,,
875,[-2.52159398 -5.70532276  0.33649388],[-10.78520146],,,
876,[ 1.23450797 -6.05403093 -0.38564013],[18.07406497],,,
877,[ 0.62664255 -0.39386867 -0.67839249],[11.31785882],,,
878,[-2.90837893 -7.88889187  0.26982364],[-3.73959771],,,
879,[-0.35406504  5.41495178  0.66711364],[-6.23448034],,,
880,[-2.79062249  8.37991692 -0.12273816],[-7.39253195],,,
881,[ 2.33895413  5.47216365 -0.63097944],[13.54619266],,,
882,[ 2.11245155 -6.50669674 -0.96136796],[16.89433611],,,
883,[-2.95174623 -8.83402154  0.44333242],[-2.81631099],,,
884,[ 0.5005301  -7.28097327  0.93297944],[8.67442375],,,
885,[-2.35246098 -3.89102765  0.87988521],[-13.48897485],,,
886,[ 1.72454498 -5.11095038 -0.40384359],[19.18906615],,,
887,[0.0790413  4.80838065 0.093644  ],[2.00694925],,,
888,[-1.4528736   4.35725743 -0.08250554],[-19.17706751],,,
889,[-1.41927366  5.27200983 -0.79177646],[-19.05715851],,,
890,[ 2.78129314 -1.49922141  0.30493726],[6.93849433],,,
891,[ 1.26544551 -4.11610586  0.62060901],[18.34822371],,,
892,[ 2.90340663 -4.34573386  0.47826051],[4.97662887],,,
893,[1.9709963  3.20300648 0.6373455 ],[17.68809888],,,
894,[ 0.50067355 -0.17351229 -0.73580956],[9.28587622],,,
895,[0.33039328 6.1745819  0.95062302],[6.83250445],,,
896,[-1.33333524 -2.43048448  0.17985087],[-18.86604538],,,
897,[ 2.61635289 -3.11174815 -0.83419647],[9.96816042],,,
898,[-0.28687392  2.83604371  0.44117227],[-5.21711475],,,
899,[ 2.61232603 -5.81026142  0.52449137],[10.25434235],,,
900,[ 0.53909066 -2.69150837  0.28578962],[9.7085452],,,
901,[-2.73560662 -5.21947724 -0.21354947],[-7.18117753],,,
902,[-2.18323259 -6.8615447   0.19924131],[-15.45349394],,,
903,[-0.58669122 -2.12624791 -0.40571006],[-10.88887649],,,
904,[ 0.51114653 -2.84233646  0.96829393],[9.23608956],,,
905,[-1.0836617   7.90476039 -0.36839014],[-16.72839422],,,
906,[ 3.06077158 -9.07398568  0.86183125],[2.42454341],,,
907,[ 0.27850933  1.47168428 -0.05424459],[5.44114079],,,
908,[-0.99798368 -1.86279743  0.19997015],[-16.36219335],,,
909,[ 2.32274836  0.99661839 -0.61988432],[14.07408506],,,
910,[ 2.89165729 -0.17638801  0.66528048],[4.79181593],,,
911,[ 2.27261482 -7.63900557 -0.64550777],[15.25275906],,,
912,[ 0.71080035 -0.09994533  0.42535918],[12.62999736],,,
913,[-0.6655033  -9.10112129  0.93302174],[-12.6386368],,,
914,[-0.07043185 -3.66935239  0.59978282],[-1.70823626],,,
915,[-1.73170951  7.56715784 -0.87234152],[-19.20878559],,,
916,[-0.04880884  4.07081845 -0.47256019],[-0.56006934],,,
917,[-1.98690389  1.23228758 -0.31770136],[-17.74667923],,,
918,[-2.83330486 -0.61509303 -0.54049968],[-5.81613807],,,
919,[-1.66093375 -3.74474427 -0.12161655],[-19.26043854],,,
920,[1.47082427 7.17751309 0.68715598],[19.30726678],,,
921,[ 0.98904223  0.5183571  -0.6047043 ],[16.19378611],,,
922,[-0.14601246  4.09004598 -0.00939186],[-2.42411933],,,
923,[-3.0132658   4.6563386   0.25270711],[-2.92191301],,,
924,[-1.15307708  2.51150359  0.82601584],[-17.60419923],,,
925,[ 1.67265338  3.12842473 -0.43989982],[19.2226008],,,
926,[-1.34299515  4.17536369 -0.23381026],[-18.74636845],,,
927,[-2.21659812  8.18941827 -0.9342488 ],[-15.88985237],,,
928,[-1.25349695  3.85843987 -0.65217443],[-18.27212525],,,
929,[-2.37013695 -0.799418    0.44459763],[-13.45666648],,,
930,[-2.46633822  4.41996337  0.63560566],[-12.44096688],,,
931,[-1.80847896 -2.73030833 -0.5488275 ],[-18.74717588],,,
932,[1.76397935 5.11247168 0.9971177 ],[18.88575198],,,
933,[ 2.47915595 -1.60151213 -0.82669101],[12.02516893],,,
934,[2.08648058 6.182865   0.227773  ],[16.51762356],,,
935,[-1.30145989 -3.85567843  0.38745277],[-18.74384423],,,
936,[-2.88063994 -3.92631587  0.9673591 ],[-4.64881404],,,
937,[1.69606054 7.57524423 0.40221386],[19.0985407],,,
938,[-2.22664585 -5.32270382 -0.90785041],[-15.01593615],,,
939,[ 2.89288992  6.82372876 -0.53134943],[4.12076382],,,
940,[ 2.50991522 -4.21081196 -0.37837097],[11.76661429],,,
941,[-2.39190458  8.04392915 -0.42394188],[-13.72668632],,,
942,[2.31315672 7.4022473  0.19950764],[13.77141451],,,
943,[-1.0840937   1.41841409 -0.74052223],[-17.06077848],,,
944,[-1.48611341 -3.02714778  0.24242555],[-19.31361633],,,
945,[-0.10559087  5.54554192 -0.65049263],[-1.51579499],,,
946,[-0.40693386  1.19059603 -0.50494056],[-7.57713696],,,
947,[ 0.91542223  2.51685237 -0.7852061 ],[15.49673257],,,
948,[-2.51984499 -3.02393002 -0.92389427],[-11.03836045],,,
949,[-0.65580059 -6.63339259  0.96406059],[-12.29606703],,,
950,[ 0.34664957  4.41500405 -0.86611263],[6.96295786],,,
951,[-0.58847569 -5.74317288 -0.04175891],[-11.2062496],,,
952,[-2.58732876 -0.01398957  0.0798718 ],[-10.16032203],,,
953,[ 1.9302438  -1.34576748  0.61006633],[18.16837137],,,
954,[-0.68108015  2.12515514 -0.96520775],[-12.03367707],,,
955,[ 2.25113678  5.23910993 -0.03946597],[14.72641166],,,
956,[ 0.08839068  0.91322321 -0.90875787],[1.79695471],,,
957,[-0.9816424   1.61310754 -0.76725479],[-16.03131094],,,
958,[-1.51803977 -1.23280394  0.52423033],[-19.32472593],,,
959,[ 1.09096609  4.96106419 -0.14106211],[17.4001253],,,
960,[-0.94893602  5.42730581 -0.86673225],[-15.4470782],,,
961,[2.93200101 7.71895616 0.36886089],[3.29777157],,,
962,[2.59616103 3.10420678 0.04343512],[9.78066465],,,
963,[1.18332663 4.76651357 0.05208205],[18.08109487],,,
964,[-2.85724875 -2.19311074 -0.46734605],[-5.23048617],,,
965,[-0.98167491 -6.17988856 -0.28449958],[-16.42257997],,,
966,[0.26784523 2.33833521 0.47861483],[5.33144016],,,
967,[ 2.98922485  2.65398302 -0.61883786],[2.68133728],,,
968,[-0.61610281  7.63029316 -0.56839384],[-10.57670586],,,
969,[-1.75117991  2.72737168  0.61902146],[-19.09180365],,,
970,[2.78103365 2.3914504  0.73038374],[6.60871859],,,
971,[ 0.28113633 -9.37484189  0.69147967],[4.50317216],,,
972,[ 1.8044459  -8.42965566 -0.60566615],[18.99530586],,,
973,[ 0.54247355 -6.11949678  0.14996379],[9.49260057],,,
974,[ 0.23534253  2.56074317 -0.75085142],[4.74356693],,,
975,[1.83838547 0.16939105 0.04315669],[18.67486691],,,
976,[1.26071116 6.28890372 0.06944513],[18.60474306],,,
977,[-2.48209978 -2.56861036  0.26597897],[-11.66571701],,,
978,[-0.77714011 -4.46943978 -0.80918008],[-13.88286248],,,
979,[-2.1223982   8.32796155 -0.65989187],[-16.88003983],,,
980,[ 1.82129018  0.68210027 -0.89476907],[18.75323013],,,
981,[-2.94110662 -6.4353486  -0.22605028],[-3.23321108],,,
982,[1.84094753 6.48767608 0.77366555],[18.46799663],,,
983,[ 1.24570779  5.01765959 -0.42585281],[18.50017743],,,
984,[-1.66510863  7.33308564 -0.78079706],[-19.33516363],,,
985,[ 1.74146383 -0.64013928  0.46806647],[19.10029282],,,
986,[-2.96171002 -5.3143586  -0.40571534],[-2.95415936],,,
987,[-1.96479282  7.75712679 -0.54080554],[-18.14040694],,,
988,[-3.07303929 -3.88821856  0.13293999],[-0.96747675],,,
989,[-1.03255865  6.13485066 -0.58700296],[-16.32114642],,,
990,[-2.82717014 -2.17633277 -0.830246  ],[-5.7930823],,,
991,[ 1.20058226 -3.05292286 -0.81615511],[17.9386358],,,
992,[ 2.75428659 -7.30873647 -0.36242909],[7.96680562],,,
993,[-3.12195858 -4.30129449 -0.32070973],[0.03109788],,,
994,[0.80105777 3.36183032 0.83606133],[14.12301944],,,
995,[-1.18757911 -8.09848762 -0.50203803],[-18.22861662],,,
996,[ 1.06842678  4.33660709 -0.74443072],[17.15594317],,,
997,[0.91886972 4.70884364 0.52707838],[15.66413006],,,
998,[1.20377705 1.09621388 0.57557413],[18.1229873],,,
999,[-0.24881733 -4.16922733  0.35884172],[-5.14369167],,,
