,x_train,y_train,x_test,y_pred,y_std
0,[-1.76571113  3.74102861  0.01940987],[3.15883069],[-3.14159265 -9.42477796 -1.        ],[9.91806076],[0.55632802]
1,[ 2.79444069  7.69106397 -0.63340627],[8.04688424],[-3.07812614 -9.23437841 -0.97979798],[9.54693074],[0.48491578]
2,[-2.09870927 -8.96543583  0.15333042],[4.30166994],[-3.01465962 -9.04397885 -0.95959596],[9.17820669],[0.4248375]
3,[-2.71415886 -2.57430513 -0.97784299],[7.4333764],[-2.9511931  -8.8535793  -0.93939394],[8.81267507],[0.37473407]
4,[-0.9034481   0.44228149 -0.58567833],[0.68133041],[-2.88772658 -8.66317974 -0.91919192],[8.45105671],[0.33319218]
5,[2.32701759 5.53292429 0.87989596],[5.35849597],[-2.82426006 -8.47278019 -0.8989899 ],[8.0940064],[0.29878919]
6,[-1.1087976   3.54382251 -0.82812064],[1.27925687],[-2.76079354 -8.28238063 -0.87878788],[7.74211336],[0.27015824]
7,[-3.09803718 -4.00184625  0.67778876],[9.46001682],[-2.69732703 -8.09198108 -0.85858586],[7.39590237],[0.24605718]
8,[0.23116634 6.67525155 0.21103285],[0.14464517],[-2.63386051 -7.90158152 -0.83838384],[7.05583568],[0.22542717]
9,[ 1.03871743  0.46965487 -0.29955886],[0.91907267],[-2.57039399 -7.71118197 -0.81818182],[6.72231556],[0.20742681]
10,[ 2.191784   -5.73935376 -0.34291131],[4.7959887],[-2.50692747 -7.52078241 -0.7979798 ],[6.39568733],[0.19143853]
11,[-1.12487036  2.61875031 -0.61357129],[1.23917341],[-2.44346095 -7.33038286 -0.77777778],[6.07624304],[0.17705095]
12,[-0.43636999 -8.85257459  0.52082   ],[0.11933918],[-2.37999443 -7.1399833  -0.75757576],[5.76422538],[0.16402763]
13,[ 1.33384391 -2.97484974  0.93363514],[1.79964839],[-2.31652792 -6.94958375 -0.73737374],[5.45983213],[0.1522668]
14,[-2.13447882 -4.9726005  -0.96777302],[4.68908248],[-2.2530614  -6.75918419 -0.71717172],[5.16322062],[0.14176006]
15,[ 0.41877485 -2.3123133  -0.58821513],[0.10117223],[-2.18959488 -6.56878464 -0.6969697 ],[4.87451253],[0.13255267]
16,[-2.03846256  5.68773937 -0.08323477],[4.02918359],[-2.12612836 -6.37838508 -0.67676768],[4.59379865],[0.12470399]
17,[-2.06882862  2.30968144 -0.25723744],[4.30438842],[-2.06266184 -6.18798553 -0.65656566],[4.32114363],[0.11825368]
18,[-0.48358585  4.53028763  0.43155825],[0.20223085],[-1.99919533 -5.99758598 -0.63636364],[4.05659066],[0.11319139]
19,[-1.02868307 -1.53599123  0.0716731 ],[1.0502999],[-1.93572881 -5.80718642 -0.61616162],[3.80016588],[0.1094406]
20,[0.99304636 5.76930786 0.00878327],[0.96806603],[-1.87226229 -5.61678687 -0.5959596 ],[3.55188263],[0.10685822]
21,[-3.09170858  3.52356345 -0.70721292],[9.48633429],[-1.80879577 -5.42638731 -0.57575758],[3.31174533],[0.10524562]
22,[-0.14151944 -0.43762921 -0.31325771],[0.12100204],[-1.74532925 -5.23598776 -0.55555556],[3.07975297],[0.10437342]
23,[-0.08755125 -5.05455051  0.16883658],[-0.02703191],[-1.68186273 -5.0455882  -0.53535354],[2.85590223],[0.10400618]
24,[-2.18668667  0.06731284  0.71944055],[4.80219792],[-1.61839622 -4.85518865 -0.51515152],[2.64019009],[0.10392513]
25,[ 1.39977314 -8.91285752 -0.94320507],[1.96905996],[-1.5549297  -4.66478909 -0.49494949],[2.43261604],[0.10394135]
26,[ 0.15371882  8.76053429 -0.28860785],[0.01425833],[-1.49146318 -4.47438954 -0.47474747],[2.23318375],[0.10390346]
27,[ 1.13035082 -3.98000861  0.86829984],[1.28115172],[-1.42799666 -4.28398998 -0.45454545],[2.04190227],[0.10369796]
28,[ 2.3754742   1.65725326 -0.49384998],[5.5304019],[-1.36453014 -4.09359043 -0.43434343],[1.85878676],[0.10324685]
29,[ 1.64613494 -3.11157812  0.23447185],[2.82348882],[-1.30106362 -3.90319087 -0.41414141],[1.68385877],[0.10250406]
30,[-1.30820199 -7.28850337 -0.60820159],[1.58721829],[-1.23759711 -3.71279132 -0.39393939],[1.51714608],[0.1014514]
31,[-0.30877158 -2.65580903  0.99962748],[0.18829012],[-1.17413059 -3.52239176 -0.37373737],[1.35868218],[0.10009239]
32,[ 2.89891581  1.49997069 -0.60159354],[8.40615169],[-1.11066407 -3.33199221 -0.35353535],[1.20850541],[0.09845125]
33,[-0.68839893 -2.83280801 -0.23884993],[0.45018522],[-1.04719755 -3.14159265 -0.33333333],[1.06665782],[0.09656576]
34,[ 1.9501016  -9.21862903  0.48033918],[3.9698982],[-0.98373103 -2.9511931  -0.31313131],[0.93318377],[0.09448866]
35,[-0.55024963  7.48836343  0.81018529],[0.17382401],[-0.92026451 -2.76079354 -0.29292929],[0.80812839],[0.09228118]
36,[-1.99697585 -1.68893828 -0.63217977],[3.97086715],[-0.856798   -2.57039399 -0.27272727],[0.69153602],[0.0900122]
37,[ 0.80471933  1.2543305  -0.73646789],[0.74971864],[-0.79333148 -2.37999443 -0.25252525],[0.58344846],[0.08775586]
38,[-2.95725001  8.53102961 -0.37429953],[8.83300049],[-0.72986496 -2.18959488 -0.23232323],[0.48390338],[0.08558673]
39,[1.37660343 2.63892584 0.58551215],[1.75344513],[-0.66639844 -1.99919533 -0.21212121],[0.39293277],[0.08357621]
40,[-3.0134318   4.44440546  0.96986504],[9.15757925],[-0.60293192 -1.80879577 -0.19191919],[0.31056158],[0.08178968]
41,[-2.7853247   1.23948155  0.41561506],[7.66637745],[-0.53946541 -1.61839622 -0.17171717],[0.23680646],[0.08028106]
42,[ 1.25353392e+00 -5.05598164e+00 -2.44519152e-03],[1.69701727],[-0.47599889 -1.42799666 -0.15151515],[0.17167488],[0.07908986]
43,[-1.7370673   9.39078988 -0.42409036],[3.11754724],[-0.41253237 -1.23759711 -0.13131313],[0.11516443],[0.07823532]
44,[-2.53036041 -7.14204558 -0.27553191],[6.50776354],[-0.34906585 -1.04719755 -0.11111111],[0.06726247],[0.07771879]
45,[ 2.78373673 -5.15638638 -0.82890889],[7.72537361],[-0.28559933 -0.856798   -0.09090909],[0.02794612],[0.07752091]
46,[ 0.00845503 -3.89591724  0.31483232],[0.12957688],[-0.22213281 -0.66639844 -0.07070707],[-0.00281743],[0.07760758]
47,[ 2.64082038 -1.98694486  0.03611068],[6.92650825],[-0.1586663  -0.47599889 -0.05050505],[-0.02507025],[0.07793109]
48,[-2.44262698 -4.04570714  0.48898699],[5.967413],[-0.09519978 -0.28559933 -0.03030303],[-0.03886273],[0.0784362]
49,[-0.36277989  2.91994477  0.86075755],[0.01135597],[-0.03173326 -0.09519978 -0.01010101],[-0.04425223],[0.07906677]
50,[-0.70663628 -8.51580251 -0.75386085],[0.59209539],[0.03173326 0.09519978 0.01010101],[-0.04130157],[0.07976848]
51,[ 2.7740322  -4.3165601  -0.58148103],[7.63811198],[0.09519978 0.28559933 0.03030303],[-0.03007718],[0.08049487]
52,[ 1.71595349  5.44065121 -0.79843124],[2.87652923],[0.1586663  0.47599889 0.05050505],[-0.01064715],[0.08120849]
53,[-0.60518345 -0.43019266 -0.51465149],[0.37367531],[0.22213281 0.66639844 0.07070707],[0.01692096],[0.08188352]
54,[ 2.8848392  -2.52352924  0.53105242],[8.38347317],[0.28559933 0.856798   0.09090909],[0.05256227],[0.08250666]
55,[2.50279036 6.62195677 0.63570294],[6.26480536],[0.34906585 1.04719755 0.11111111],[0.09621683],[0.08307724]
56,[ 1.08332711  2.39225927 -0.26905809],[1.12318281],[0.41253237 1.23759711 0.13131313],[0.14783177],[0.08360528]
57,[-1.79475699  8.0532493  -0.21017872],[3.26369436],[0.47599889 1.42799666 0.15151515],[0.20736336],[0.08411084]
58,[0.42574793 7.07403893 0.77073058],[0.17611223],[0.53946541 1.61839622 0.17171717],[0.27477887],[0.08462169]
59,[ 1.11758583 -7.4021898  -0.00944961],[1.22549177],[0.60293192 1.80879577 0.19191919],[0.35005813],[0.08516998]
60,[ 2.94933599 -7.96786045  0.04735761],[8.5478728],[0.66639844 1.99919533 0.21212121],[0.43319485],[0.08578831]
61,[-3.08825074 -8.34884089 -0.4113515 ],[9.69198121],[0.72986496 2.18959488 0.23232323],[0.52419748],[0.08650685]
62,[ 0.21367366 -5.91814323  0.54217243],[0.14252371],[0.79333148 2.37999443 0.25252525],[0.62308971],[0.08734778]
63,[ 3.00868156  4.14202956 -0.76606092],[9.11699442],[0.856798   2.57039399 0.27272727],[0.72991048],[0.08832658]
64,[ 1.28312264  4.00176128 -0.20273677],[1.71176056],[0.92026451 2.76079354 0.29292929],[0.84471341],[0.08944277]
65,[-1.65523143  6.11885668  0.61924538],[2.85447809],[0.98373103 2.9511931  0.31313131],[0.96756583],[0.09068392]
66,[-0.58961908 -0.71147161 -0.1900754 ],[0.44601319],[1.04719755 3.14159265 0.33333333],[1.09854715],[0.09202479]
67,[ 2.83650693 -3.4631276   0.42852358],[7.97508593],[1.11066407 3.33199221 0.35353535],[1.23774674],[0.09342716]
68,[-0.19128091  4.7083098  -0.23269477],[0.00335834],[1.17413059 3.52239176 0.37373737],[1.38526124],[0.09484453]
69,[ 2.63656066  7.65421009 -0.45511492],[6.89518944],[1.23759711 3.71279132 0.39393939],[1.54119134],[0.09622641]
70,[1.73399486 6.28734772 0.78392342],[2.98643235],[1.30106362 3.90319087 0.41414141],[1.70563811],[0.09752194]
71,[-0.86758199  3.69428463  0.02385186],[0.80370741],[1.36453014 4.09359043 0.43434343],[1.87869886],[0.09868587]
72,[ 0.21729846 -6.91143953  0.71738938],[0.10514717],[1.42799666 4.28398998 0.45454545],[2.06046255],[0.09968612]
73,[-0.87661087 -3.29461719 -0.19979205],[0.77255968],[1.49146318 4.47438954 0.47474747],[2.25100496],[0.10050915]
74,[-3.07371578  3.17014236  0.14144466],[9.47999121],[1.5549297  4.66478909 0.49494949],[2.45038353],[0.10116499]
75,[0.443434   2.69307839 0.77348548],[0.23996881],[1.61839622 4.85518865 0.51515152],[2.65863203],[0.1016954]
76,[ 0.81752675 -2.67023201 -0.03348033],[0.71683757],[1.68186273 5.0455882  0.53535354],[2.87575515],[0.10217735]
77,[-3.05081256 -0.96007496 -0.1379246 ],[9.24715097],[1.74532925 5.23598776 0.55555556],[3.10172307],[0.10272442]
78,[-2.54955631 -7.54840354  0.40021811],[6.48494289],[1.80879577 5.42638731 0.57575758],[3.33646609],[0.103486]
79,[-2.08953266 -3.41254754  0.69980102],[4.26414072],[1.87226229 5.61678687 0.5959596 ],[3.57986946],[0.10464046]
80,[ 1.18209915 -5.91552843 -0.27513182],[1.32854427],[1.93572881 5.80718642 0.61616162],[3.83176853],[0.10637742]
81,[-2.82592484 -9.20397462 -0.34562323],[8.00736826],[1.99919533 5.99758598 0.63636364],[4.09194414],[0.10887986]
82,[-1.65026832 -0.26586822 -0.39208991],[2.56569202],[2.06266184 6.18798553 0.65656566],[4.36011859],[0.11229658]
83,[ 0.76885851 -7.23591027 -0.12302257],[0.72725979],[2.12612836 6.37838508 0.67676768],[4.6359521],[0.11672228]
84,[-2.01090009 -6.22398639  0.71289178],[3.80517448],[2.18959488 6.56878464 0.6969697 ],[4.91903985],[0.12218329]
85,[ 0.18377631 -7.42265386  0.05860029],[-0.12378145],[2.2530614  6.75918419 0.71717172],[5.20890977],[0.12864016]
86,[-1.18656432  3.3908119  -0.64158237],[1.47054216],[2.31652792 6.94958375 0.73737374],[5.50502103],[0.13600496]
87,[-0.02053455  2.48615594 -0.58209249],[-0.10822565],[2.37999443 7.1399833  0.75757576],[5.80676333],[0.1441732]
88,[ 1.91980315 -8.41468708 -0.3928508 ],[3.61674218],[2.44346095 7.33038286 0.77777778],[6.11345704],[0.15306439]
89,[-2.97209701  5.4594827  -0.39286629],[8.79983199],[2.50692747 7.52078241 0.7979798 ],[6.42435418],[0.16267415]
90,[-1.65670759 -8.26600826 -0.06518481],[2.63976624],[2.57039399 7.71118197 0.81818182],[6.73864027],[0.17313498]
91,[3.08918601 2.78067163 0.91757001],[9.62396963],[2.63386051 7.90158152 0.83838384],[7.05543708],[0.18478145]
92,[-0.30146231 -0.29291593  0.51607015],[0.13004219],[2.69732703 8.09198108 0.85858586],[7.3738062],[0.19821737]
93,[-1.59682419  8.38168515 -0.96732306],[2.69467834],[2.76079354 8.28238063 0.87878788],[7.6927535],[0.21436621]
94,[-1.22850924 -1.35145017  0.67667476],[1.35171971],[2.82426006 8.47278019 0.8989899 ],[8.01123433],[0.23448182]
95,[0.41669976 0.53515113 0.03318064],[0.17270415],[2.88772658 8.66317974 0.91919192],[8.32815947],[0.26009695]
96,[0.59439525 6.37343203 0.02425597],[0.3012585],[2.9511931  8.8535793  0.93939394],[8.64240187],[0.29290836]
97,[ 2.45544814 -5.81074454 -0.79457169],[6.28436145],[3.01465962 9.04397885 0.95959596],[8.95280387],[0.33463047]
98,[-0.40267303 -2.78739618  0.61518928],[0.20229228],[3.07812614 9.23437841 0.97979798],[9.25818505],[0.38687252]
99,[1.43793655 5.38722679 0.79214504],[2.08697501],[3.14159265 9.42477796 1.        ],[9.55735047],[0.45107527]
100,[1.25307825 7.61343801 0.94672426],[1.65145739],,,
101,[-1.68721159 -5.71561363 -0.62660477],[2.84878028],,,
102,[-1.04299303 -3.16586039  0.46892579],[1.18484778],,,
103,[-2.85082431  6.53507947 -0.99767945],[8.00447728],,,
104,[0.31401316 2.01738576 0.37826564],[0.11829147],,,
105,[ 1.29678549 -8.82432564  0.35849976],[1.74171735],,,
106,[ 2.37747759 -0.34362478  0.86488479],[5.69093229],,,
107,[ 0.49614111 -4.42720466  0.93745105],[0.34113276],,,
108,[ 1.96947001  2.44593106 -0.59954477],[3.84834652],,,
109,[ 0.66534095  3.62748875 -0.43492638],[0.2681451],,,
110,[-2.36059503 -4.40303844  0.13517228],[5.56767018],,,
111,[ 0.99173112 -5.90948952 -0.76957568],[1.09471346],,,
112,[0.52199614 5.3947116  0.28205834],[0.25582307],,,
113,[ 2.38410981  4.20750728 -0.84204912],[5.53756406],,,
114,[ 0.81095611 -5.23271409  0.43696874],[0.61813637],,,
115,[-0.46207205 -8.24219725  0.92747946],[0.07646303],,,
116,[ 1.61291553  5.25151791 -0.13392126],[2.6739897],,,
117,[ 2.36287904 -5.48378299  0.37902388],[5.76657634],,,
118,[-2.98909021 -9.0160724   0.69707929],[8.87155701],,,
119,[ 2.78885802 -9.08447655 -0.13820896],[7.90672544],,,
120,[-2.27626593  0.67043376 -0.86986406],[5.25497461],,,
121,[-2.58115918 -1.70199008 -0.70509351],[6.6142545],,,
122,[-0.65878591  9.26114035 -0.20696582],[0.46844628],,,
123,[ 2.15144851 -7.06897449 -0.61669675],[4.57707007],,,
124,[-1.89651427 -5.34981024 -0.15210768],[3.46063242],,,
125,[ 2.78027523 -5.24580171  0.24122706],[7.73056374],,,
126,[ 0.43919687  0.96375373 -0.67489864],[0.10568855],,,
127,[ 2.24004499  1.53604755 -0.43398375],[5.06904681],,,
128,[-3.12971859 -9.15909819  0.80231565],[9.90594503],,,
129,[ 2.08120845 -2.08550334  0.40091824],[4.34736836],,,
130,[-1.34602742  3.10969304  0.41935668],[1.88461393],,,
131,[-3.04149856 -3.15970955 -0.35419919],[9.3560311],,,
132,[1.62893866 5.72295338 0.69011574],[2.50087675],,,
133,[ 1.07637753 -2.0399035  -0.56793175],[0.99333348],,,
134,[-2.47463137 -0.36871992 -0.81244096],[6.14028042],,,
135,[-0.32265953 -0.66291711  0.42045181],[0.16154233],,,
136,[-2.05343947 -5.96910005  0.92762003],[4.1856969],,,
137,[2.93325791 9.2333243  0.63442343],[8.50366426],,,
138,[-2.81961211 -1.81759911 -0.16940782],[8.07536572],,,
139,[ 1.08911449 -8.08212326  0.27812381],[1.10293559],,,
140,[ 1.55262273 -1.54240567  0.92440998],[2.49387196],,,
141,[ 2.96881429  4.15276505 -0.87767224],[8.68476701],,,
142,[-1.37132723  7.31744693  0.67142779],[1.82204194],,,
143,[ 2.12003709 -0.46394261  0.93739898],[4.63405541],,,
144,[-0.7566797  -8.16364189  0.95686898],[0.53113971],,,
145,[ 0.99993454  5.31516339 -0.10081202],[1.19673009],,,
146,[ 0.70839552 -4.65336346 -0.54249832],[0.38296549],,,
147,[-2.62618723  0.51572107 -0.12110903],[6.92238588],,,
148,[ 1.03499467 -1.71514936  0.80922134],[1.04252526],,,
149,[-2.50988696  5.27665706 -0.06506106],[6.44315213],,,
150,[-1.04698925 -0.54436219 -0.53392046],[0.960195],,,
151,[ 0.05925684 -6.45004259 -0.2686072 ],[0.03382935],,,
152,[ 2.050204   -2.46346297  0.74735036],[4.121896],,,
153,[ 1.39505952  4.38830938 -0.53756916],[1.87090598],,,
154,[-0.81369062 -6.46507397  0.65503914],[0.87114345],,,
155,[ 2.99611801  4.63019758 -0.33294675],[9.13856613],,,
156,[ 1.41307253 -4.83403956  0.95450485],[2.04140394],,,
157,[ 0.9767647  -1.14260795 -0.31182985],[0.82432864],,,
158,[-2.50301787 -6.81843397 -0.75968035],[6.31454127],,,
159,[ 2.84764688  7.61391854 -0.43314335],[7.95604252],,,
160,[-1.54376097  1.56557982  0.79526327],[2.28871466],,,
161,[ 1.50947307 -3.08139527 -0.97983713],[2.19467307],,,
162,[-0.05119779  1.82123019  0.37255167],[0.00939189],,,
163,[ 1.05336001 -7.42113613  0.2252223 ],[1.08876324],,,
164,[-1.3151081  -6.13080128 -0.3675811 ],[1.60963146],,,
165,[ 1.88031566 -6.7202183  -0.30815255],[3.48442527],,,
166,[ 0.2423277  -3.32155174  0.92779211],[0.05480171],,,
167,[ 0.01623633 -6.48771227 -0.58347875],[-0.04308852],,,
168,[-2.22411078  5.61919643 -0.23730058],[4.85309561],,,
169,[-0.90815292 -9.12016609  0.67430466],[0.62344207],,,
170,[ 0.94270636  5.1307444  -0.93237858],[0.89419982],,,
171,[ 0.36063777 -5.90301696 -0.24141729],[0.17070391],,,
172,[ 0.24420657  6.87341361 -0.80582648],[0.00406344],,,
173,[-2.32311492 -1.30708373 -0.02529315],[5.35434811],,,
174,[-0.29749079  0.21757648 -0.60563152],[0.04244246],,,
175,[-2.80656033 -1.94614911  0.73042301],[8.04343473],,,
176,[ 0.13481351  4.01539066 -0.24056917],[-0.14077174],,,
177,[-0.64491985  0.29612354  0.87453776],[0.59889588],,,
178,[0.43639545 0.06083831 0.98177537],[0.25716318],,,
179,[3.11750654 6.21443423 0.30665368],[9.92756268],,,
180,[ 1.82436804 -6.8530442   0.79636994],[3.38219013],,,
181,[-3.12791869  7.27165229 -0.21475875],[9.79728264],,,
182,[-0.27330023 -1.29020548  0.84839272],[0.04909479],,,
183,[ 2.73930799 -8.48418846 -0.42209426],[7.63775982],,,
184,[ 2.24246501  1.11723113 -0.28156309],[5.23621385],,,
185,[-3.01040505  3.13702752  0.28452519],[8.88876407],,,
186,[-2.7866227   4.79864717 -0.85199419],[7.81600638],,,
187,[-1.97887747  7.41577859  0.19305024],[3.8433654],,,
188,[-2.36842589  7.44059885  0.41683715],[5.69803524],,,
189,[ 0.18823938 -7.18588365 -0.87133479],[0.10990683],,,
190,[-2.99509666 -0.84199414 -0.1382913 ],[9.02955411],,,
191,[-1.78609819 -0.12777647 -0.10748363],[3.09441914],,,
192,[-2.77850268 -6.55152637  0.89730632],[7.7105848],,,
193,[ 1.32903792  5.71245417 -0.74800149],[1.58525767],,,
194,[ 1.3169585   2.49017253 -0.12968328],[1.90068741],,,
195,[-0.05240869 -9.04037332 -0.64886044],[0.05690752],,,
196,[-1.92657345  0.01200589 -0.2898192 ],[3.63650766],,,
197,[-1.23909074 -0.46955453 -0.80129692],[1.47690253],,,
198,[ 1.64874855 -8.61628357  0.04111657],[2.68853089],,,
199,[-2.20012181  5.80507106 -0.86015385],[4.86215295],,,
200,[0.59543496 7.81544764 0.53477338],[0.26272084],,,
201,[ 2.54604513 -5.25751147  0.46666816],[6.45229232],,,
202,[-0.82857097  2.46466113 -0.80451078],[0.84363745],,,
203,[3.1399733  7.62754814 0.90483533],[9.92480224],,,
204,[ 2.42880449  2.24453871 -0.80870132],[5.95948125],,,
205,[-2.47398185 -5.48753092 -0.21780947],[6.21892484],,,
206,[ 1.92554555 -3.40777278 -0.13434957],[3.73643647],,,
207,[-0.25887934 -1.36548661 -0.92739682],[-0.00916648],,,
208,[ 1.91911856 -7.38465328  0.40830625],[3.72387363],,,
209,[-0.53657106 -2.29085165  0.80925744],[0.31650305],,,
210,[ 0.04202863 -8.07622381 -0.12052924],[0.11556447],,,
211,[ 2.94793159 -6.1962639  -0.27575069],[8.6500807],,,
212,[ 0.55169911  1.84823907 -0.39922577],[0.21611372],,,
213,[-0.31270264 -3.3286422  -0.52894195],[0.24145729],,,
214,[0.51767742 2.04151939 0.63936865],[0.3683711],,,
215,[3.01217247 4.14085609 0.79214598],[9.1453305],,,
216,[ 1.03916821 -7.83087632 -0.0123453 ],[0.94201256],,,
217,[-1.44738334 -0.0978098  -0.43263488],[2.07346739],,,
218,[ 2.30741843  1.03584246 -0.62010495],[5.36284804],,,
219,[1.32594103 4.46522934 0.18986438],[1.67622175],,,
220,[-1.94958099 -6.12621492 -0.26806671],[3.84743881],,,
221,[ 0.009917   -0.01137611  0.16132514],[-0.12225608],,,
222,[-2.25463716 -9.38891459  0.45999911],[5.13398966],,,
223,[-0.15465069 -0.25692508 -0.63221227],[-0.02216537],,,
224,[1.9806359  2.19851468 0.83139754],[3.8529953],,,
225,[-1.32994122 -5.08404177  0.35152192],[1.8918848],,,
226,[-1.88451197  8.74822502 -0.43076332],[3.7125706],,,
227,[-1.80148094 -3.6852761  -0.70314245],[3.04847589],,,
228,[-1.08831776 -9.12648658 -0.90752019],[1.26143207],,,
229,[ 2.87291219  2.74111692 -0.73246678],[8.33600609],,,
230,[-2.70259867 -6.5033491  -0.15482622],[7.41137051],,,
231,[-1.31116969  7.51210469  0.35351051],[1.63540377],,,
232,[-1.80262637 -6.5268596   0.43676091],[3.21195205],,,
233,[-2.02648432 -0.71356316  0.88815483],[3.98639522],,,
234,[-0.52271167  0.72703894 -0.04638895],[0.35356475],,,
235,[-2.88772414  5.40539853  0.8506691 ],[8.21728014],,,
236,[-1.58019959  4.38614265 -0.0993169 ],[2.52307875],,,
237,[-2.05258273  6.16733552 -0.82081503],[4.17956456],,,
238,[ 0.76893962  4.07528282 -0.8057131 ],[0.40633652],,,
239,[0.33394854 3.45043797 0.05610626],[0.14645698],,,
240,[ 2.59205855 -2.27804436 -0.75464629],[6.85819882],,,
241,[-2.76306425  5.58460858  0.97740198],[7.73478006],,,
242,[2.98306627 3.25322764 0.93066724],[8.97498357],,,
243,[ 0.79034574 -2.92801799  0.30218538],[0.61241463],,,
244,[-3.1278199   5.42155566  0.32278679],[9.70446494],,,
245,[0.64884864 6.85525161 0.78940476],[0.48484114],,,
246,[ 2.69592655 -7.64651553  0.91085878],[7.29243151],,,
247,[-0.1436719  -9.18476105  0.39183646],[0.07504614],,,
248,[ 0.96395698 -7.31915926  0.55774337],[0.92851845],,,
249,[ 3.1278975  -7.48539814 -0.12918631],[9.81367807],,,
