,x_train,y_train,x_test,y_pred,y_std,score
0,[ 7.09151386 -5.79614616  0.90094572],[50.48635727],[-9.42477796 -9.42477796 -1.        ],[83.3383172],[0.52195983],0.9929713439358585
1,[ 4.14910962 -1.21030337 -0.96528014],[15.80151247],[-9.23437841 -9.23437841 -0.97979798],[80.55887364],[0.49400276],
2,[-2.97664947  6.20007839 -0.54914859],[8.17567497],[-9.04397885 -9.04397885 -0.95959596],[77.78999994],[0.46732958],
3,[-7.07844002  3.89379858  0.5163319 ],[51.00250817],[-8.8535793  -8.8535793  -0.93939394],[75.03412],[0.44193275],
4,[-7.50181017  9.02941199 -0.45519103],[57.61237574],[-8.66317974 -8.66317974 -0.91919192],[72.29365543],[0.41780374],
5,[-8.46335336  4.86800962 -0.37622318],[70.86734656],[-8.47278019 -8.47278019 -0.8989899 ],[69.57102293],[0.39493289],
6,[-1.27633228 -7.83623174  0.71923906],[0.68394459],[-8.28238063 -8.28238063 -0.87878788],[66.86863156],[0.37330917],
7,[ 9.38832572 -2.44592652  0.52937654],[86.1566678],[-8.09198108 -8.09198108 -0.85858586],[64.18888013],[0.35291999],
8,[6.14675819 6.80056376 0.11639948],[37.23633442],[-7.90158152 -7.90158152 -0.83838384],[61.53415446],[0.33375089],
9,[ 0.1653901  -6.68323718 -0.81293325],[-1.00970448],[-7.71118197 -7.71118197 -0.81818182],[58.9068247],[0.31578517],
10,[-0.1967979   8.41300302  0.48797379],[-0.96334663],[-7.52078241 -7.52078241 -0.7979798 ],[56.3092427],[0.29900352],
11,[1.85108512 1.18668535 0.30960678],[4.70819396],[-7.33038286 -7.33038286 -0.77777778],[53.74373931],[0.28338355],
12,[ 9.03204625 -6.67631819  0.17482439],[80.38181966],[-7.1399833  -7.1399833  -0.75757576],[51.21262172],[0.26889937],
13,[-0.12653757 -5.81816867 -0.90495791],[0.30717076],[-6.94958375 -6.94958375 -0.73737374],[48.71817086],[0.25552111],
14,[-3.28218589 -3.62930842 -0.41209308],[11.31504073],[-6.75918419 -6.75918419 -0.71717172],[46.26263871],[0.2432145],
15,[-8.37075722  0.07016194 -0.81778185],[71.10061485],[-6.56878464 -6.56878464 -0.6969697 ],[43.84824581],[0.23194056],
16,[-1.16753602  5.2608828   0.59277836],[1.70193787],[-6.37838508 -6.37838508 -0.67676768],[41.47717861],[0.22165544],
17,[7.68996534 0.77822682 0.93781903],[60.5367918],[-6.18798553 -6.18798553 -0.65656566],[39.15158694],[0.21231041],
18,[-4.14650424 -8.7778241   0.75172445],[17.71243743],[-5.99758598 -5.99758598 -0.63636364],[36.87358158],[0.2038521],
19,[ 1.21168772 -3.14311108  0.58826335],[2.15353052],[-5.80718642 -5.80718642 -0.61616162],[34.64523172],[0.19622301],
20,[-4.12246504  7.40244439  0.04247902],[18.1085958],[-5.61678687 -5.61678687 -0.5959596 ],[32.46856258],[0.18936225],
21,[ 5.39907358 -8.03941356  0.32803954],[27.95409517],[-5.42638731 -5.42638731 -0.57575758],[30.34555303],[0.18320653],
22,[-2.04429731  7.44553126 -0.7092192 ],[3.62779483],[-5.23598776 -5.23598776 -0.55555556],[28.27813327],[0.17769132],
23,[ 1.55616172 -8.11404029  0.70092155],[3.40216701],[-5.0455882  -5.0455882  -0.53535354],[26.26818254],[0.1727521],
24,[-7.5599767   1.59310463 -0.3026458 ],[55.4729901],[-4.85518865 -4.85518865 -0.51515152],[24.31752695],[0.16832563],
25,[ 7.59636143 -3.41931296 -0.89363786],[58.4695133],[-4.66478909 -4.66478909 -0.49494949],[22.42793726],[0.1643512],
26,[ 2.83368169 -4.50645062 -0.07019393],[6.80992979],[-4.47438954 -4.47438954 -0.47474747],[20.60112683],[0.16077169],
27,[ 0.83055947 -2.16722765  0.96902526],[2.99172507],[-4.28398998 -4.28398998 -0.45454545],[18.83874958],[0.15753447],
28,[-9.2289824   7.70360944 -0.01285023],[83.65415858],[-4.09359043 -4.09359043 -0.43434343],[17.14239803],[0.1545921],
29,[ 0.82932123 -6.10976309 -0.01779212],[0.42503234],[-3.90319087 -3.90319087 -0.41414141],[15.51360143],[0.15190281],
30,[ 5.98106328  8.47975636 -0.41309225],[35.19155754],[-3.71279132 -3.71279132 -0.39393939],[13.9538239],[0.14943071],
31,[-2.88050067  7.48012699 -0.54345684],[6.90480354],[-3.52239176 -3.52239176 -0.37373737],[12.46446273],[0.14714587],
32,[-6.22476867 -7.90340435  0.99727539],[38.2501894],[-3.33199221 -3.33199221 -0.35353535],[11.04684673],[0.14502419],
33,[ 0.34932936 -7.29315736  0.10732711],[-2.0397386],[-3.14159265 -3.14159265 -0.33333333],[9.70223462],[0.14304714],
34,[-0.51213645  0.381578   -0.92810856],[-0.11118981],[-2.9511931  -2.9511931  -0.31313131],[8.43181356],[0.1412014],
35,[ 3.30410029 -2.54321891 -0.94007708],[9.69693025],[-2.76079354 -2.76079354 -0.29292929],[7.23669774],[0.13947835],
36,[7.62566526 1.52344135 0.58480512],[57.6022359],[-2.57039399 -2.57039399 -0.27272727],[6.11792708],[0.13787358],
37,[-0.84805918 -5.8457002   0.39366045],[1.36104498],[-2.37999443 -2.37999443 -0.25252525],[5.07646599],[0.1363863],
38,[6.59063184 1.26107226 0.71651237],[42.7152645],[-2.18959488 -2.18959488 -0.23232323],[4.11320222],[0.13501867],
39,[-7.17449031e+00 -2.50289426e+00 -2.53899780e-03],[49.59000396],[-1.99919533 -1.99919533 -0.21212121],[3.22894586],[0.13377521],
40,[ 1.15047143 -3.22155517 -0.86031189],[0.51748245],[-1.80879577 -1.80879577 -0.19191919],[2.42442837],[0.13266207],
41,[3.60360396 0.30411903 0.50413722],[11.67497433],[-1.61839622 -1.61839622 -0.17171717],[1.70030174],[0.13168639],
42,[-4.61736938 -8.58614565  0.6359902 ],[19.7561458],[-1.42799666 -1.42799666 -0.15151515],[1.05713776],[0.13085562],
43,[-6.78998474  1.64632707  0.52460877],[46.6593178],[-1.23759711 -1.23759711 -0.13131313],[0.49542735],[0.13017688],
44,[-1.81432296 -6.44044973  0.41855186],[2.66421449],[-1.04719755 -1.04719755 -0.11111111],[0.01558002],[0.12965635],
45,[-2.00707506e+00 -8.61861802e+00 -2.55075721e-03],[3.59904929],[-0.856798   -0.856798   -0.09090909],[-0.38207659],[0.12929877],
46,[-0.38630064 -3.45922054 -0.54189317],[0.71127191],[-0.66639844 -0.66639844 -0.07070707],[-0.697297],[0.12910691],
47,[-4.55101617  5.03996467 -0.14396484],[20.24655926],[-0.47599889 -0.47599889 -0.05050505],[-0.92991821],[0.12908126],
48,[-2.49905531 -1.86622801 -0.26671984],[6.23103008],[-0.28559933 -0.28559933 -0.03030303],[-1.07985976],[0.12921978],
49,[6.19929198 7.89265041 0.53591546],[39.46774642],[-0.09519978 -0.09519978 -0.01010101],[-1.14712385],[0.12951774],
50,[-7.61609252 -0.35451494 -0.464077  ],[59.58663422],[0.09519978 0.09519978 0.01010101],[-1.13179518],[0.12996775],
51,[-6.83743421 -7.57554573  0.6482111 ],[47.32728862],[0.28559933 0.28559933 0.03030303],[-1.03404087],[0.13055985],
52,[7.75064936 0.132037   0.63010589],[60.07629312],[0.47599889 0.47599889 0.05050505],[-0.85411011],[0.13128177],
53,[ 8.69040362 -5.03366986  0.44098207],[76.29818331],[0.66639844 0.66639844 0.07070707],[-0.59233386],[0.13211922],
54,[ 0.34908996  0.62778463 -0.39625754],[-3.11043861],[0.856798   0.856798   0.09090909],[-0.24912429],[0.13305635],
55,[-1.59527583  1.67969731  0.37202917],[0.940859],[1.04719755 1.04719755 0.11111111],[0.17502569],[0.13407619],
56,[ 5.79106394  6.63384203 -0.85053168],[34.78499109],[1.23759711 1.23759711 0.13131313],[0.67954322],[0.1351612],
57,[ 4.90749685  7.38189286 -0.25843853],[23.241369],[1.42799666 1.42799666 0.15151515],[1.26377617],[0.13629382],
58,[-3.37869921 -8.38347586 -0.26405075],[11.50273733],[1.61839622 1.61839622 0.17171717],[1.92699407],[0.13745708],
59,[-8.43274555 -6.64775629  0.63373709],[70.49248423],[1.80879577 1.80879577 0.19191919],[2.66838904],[0.13863522],
60,[-4.40278591  0.85254181 -0.9995108 ],[18.7454807],[1.99919533 1.99919533 0.21212121],[3.48707688],[0.13981428],
61,[ 5.62814858 -1.61903152 -0.33192314],[31.8304918],[2.18959488 2.18959488 0.23232323],[4.38209819],[0.14098281],
62,[ 6.63602769  4.6085898  -0.12214276],[45.68435596],[2.37999443 2.37999443 0.25252525],[5.35241967],[0.14213253],
63,[ 3.60928826 -5.67229032 -0.02064914],[10.99361855],[2.57039399 2.57039399 0.27272727],[6.39693539],[0.14325904],
64,[ 8.94567438 -6.51158803  0.01474539],[80.28834826],[2.76079354 2.76079354 0.29292929],[7.51446824],[0.14436257],
65,[-2.46817311  6.75953152 -0.67736465],[5.20931271],[2.9511931  2.9511931  0.31313131],[8.70377145],[0.14544879],
66,[-9.0842492   3.40511262 -0.32077997],[82.62406273],[3.14159265 3.14159265 0.33333333],[9.96353015],[0.1465296],
67,[ 7.13039915e+00 -4.63988904e-03  7.93963225e-01],[50.77210887],[3.33199221 3.33199221 0.35353535],[11.29236304],[0.14762401],
68,[-4.58379876 -2.01345653 -0.73687656],[21.14259372],[3.52239176 3.52239176 0.37373737],[12.68882417],[0.14875896],
69,[8.79094872 5.47709542 0.10866739],[77.317462],[3.71279132 3.71279132 0.39393939],[14.15140471],[0.14997017],
70,[-7.91667822  8.15924571 -0.37484639],[62.78607341],[3.90319087 3.90319087 0.41414141],[15.67853486],[0.15130285],
71,[-7.59839794  1.27662086  0.93985987],[58.02157393],[4.09359043 4.09359043 0.43434343],[17.26858582],[0.15281221],
72,[-4.83819099 -1.71553421  0.70672763],[24.79863274],[4.28398998 4.28398998 0.45454545],[18.91987182],[0.15456381],
73,[-9.04060445  6.17682143  0.04479496],[81.2168243],[4.47438954 4.47438954 0.47474747],[20.63065216],[0.15663337],
74,[8.80748477 4.33797375 0.3394899 ],[78.38407637],[4.66478909 4.66478909 0.49494949],[22.39913343],[0.15910616],
75,[ 3.91855664 -5.06140141  0.73733309],[17.89768643],[4.85518865 4.85518865 0.51515152],[24.22347165],[0.16207575],
76,[9.33942312 4.13268794 0.67104623],[85.83895739],[5.0455882  5.0455882  0.53535354],[26.10177457],[0.16564209],
77,[ 4.48188132  0.09168968 -0.288995  ],[21.80713004],[5.23598776 5.23598776 0.55555556],[28.03210395],[0.16990896],
78,[-3.96132698  2.87178566  0.71549618],[16.26847085],[5.42638731 5.42638731 0.57575758],[30.01247795],[0.17498098],
79,[ 7.72904637  4.25371935 -0.39915559],[59.71271423],[5.61678687 5.61678687 0.5959596 ],[32.04087347],[0.18096028],
80,[-0.22031686  3.28354395  0.77613404],[0.1478401],[5.80718642 5.80718642 0.61616162],[34.11522864],[0.18794336],
81,[ 8.14733445 -8.20893698 -0.49870519],[67.09866379],[5.99758598 5.99758598 0.63636364],[36.23344526],[0.19601833],
82,[ 3.73746958 -2.99066798  0.59304814],[13.4131402],[6.18798553 6.18798553 0.65656566],[38.3933913],[0.20526285],
83,[-6.37032316  9.07151467 -0.56244791],[40.32694009],[6.37838508 6.37838508 0.67676768],[40.59290348],[0.21574297],
84,[-8.3126089  -2.66207127  0.75086429],[68.22643368],[6.56878464 6.56878464 0.6969697 ],[42.82978974],[0.22751292],
85,[-9.39271788  4.77804637  0.21879376],[88.10018095],[6.75918419 6.75918419 0.71717172],[45.10183192],[0.24061559],
86,[-0.15683942  5.14210074 -0.0214243 ],[-1.70129008],[6.94958375 6.94958375 0.73737374],[47.40678826],[0.25508369],
87,[-6.88330653  3.75349327 -0.04521101],[47.80246785],[7.1399833  7.1399833  0.75757576],[49.74239608],[0.27094124],
88,[1.50686029 6.40232413 0.29994411],[1.2552029],[7.33038286 7.33038286 0.77777778],[52.10637435],[0.28820515],
89,[-2.4999894  -7.66064146 -0.76426472],[6.17569362],[7.52078241 7.52078241 0.7979798 ],[54.49642634],[0.30688677],
90,[ 8.87052546 -0.82701368  0.14741819],[79.17305981],[7.71118197 7.71118197 0.81818182],[56.91024225],[0.32699332],
91,[3.18265617 6.55418131 0.75639965],[8.94490785],[7.90158152 7.90158152 0.83838384],[59.34550183],[0.34852902],
92,[ 4.47157282 -5.0839713   0.10490713],[21.2525583],[8.09198108 8.09198108 0.85858586],[61.79987699],[0.37149605],
93,[-8.45885338 -7.89384264  0.78321986],[71.8818264],[8.28238063 8.28238063 0.87878788],[64.27103442],[0.39589525],
94,[-8.23523275  0.18652535  0.16280335],[67.8514266],[8.47278019 8.47278019 0.8989899 ],[66.7566382],[0.42172661],
95,[-2.81075984  4.94720911  0.09130818],[8.45674564],[8.66317974 8.66317974 0.91919192],[69.25435239],[0.44898966],
96,[-1.34060683  5.91370789 -0.80706724],[2.94249478],[8.8535793  8.8535793  0.93939394],[71.76184357],[0.47768362],
97,[ 8.40578726  5.94392201 -0.29548652],[70.60774085],[9.04397885 9.04397885 0.95959596],[74.27678341],[0.5078076],
98,[ 1.86503273 -8.96273608 -0.89053205],[4.05461992],[9.23437841 9.23437841 0.97979798],[76.79685118],[0.53936055],
99,[9.36002701 5.97482289 0.96134029],[86.68297319],[9.42477796 9.42477796 1.        ],[79.31973625],[0.57234135],
100,[-2.86774722 -0.87847836 -0.79091408],[8.81920496],,,,
101,[ 8.98003289 -3.03787845 -0.08611797],[79.81473487],,,,
102,[-4.82959798 -6.1461729  -0.78753804],[24.67529704],,,,
103,[6.2684737  0.47097306 0.54829649],[39.35832546],,,,
104,[3.13649879 5.37871871 0.5096266 ],[10.99864635],,,,
105,[-1.47790206  7.32581225  0.68493516],[1.90471552],,,,
106,[ 2.2241009   0.57217371 -0.89044392],[4.31307579],,,,
107,[ 7.61978315 -3.59809578 -0.08660479],[57.66566153],,,,
108,[ 8.04087394 -9.04937278  0.45934364],[64.05669283],,,,
109,[ 8.99688423 -7.46108193 -0.91769256],[81.10631175],,,,
110,[ 9.21156494 -4.29821416 -0.64033325],[85.09910392],,,,
111,[ 2.57249599 -5.41748176  0.31904598],[6.03611576],,,,
112,[ 6.34121952  4.03510865 -0.65336443],[39.04691675],,,,
113,[ 3.71904778 -0.88271956  0.48859568],[14.70875804],,,,
114,[ 1.94256283 -6.03581527 -0.49713312],[4.65892708],,,,
115,[-6.67924233  8.95371118 -0.39756898],[43.81632433],,,,
116,[-7.64957988 -1.11574445 -0.56857894],[60.22261032],,,,
117,[-0.56403856  4.60150858 -0.57480717],[-0.00549508],,,,
118,[ 7.8941188   1.11592912 -0.13059814],[62.23980608],,,,
119,[4.56171649 6.39295911 0.65279142],[21.38134841],,,,
120,[-2.25421232 -8.61635131  0.81390399],[4.84435683],,,,
121,[-8.83310907  5.03558283  0.80705704],[78.16248993],,,,
122,[-4.30359355  0.94082597  0.75437844],[18.49566961],,,,
123,[ 4.34324854 -6.91432101  0.32721313],[18.88506499],,,,
124,[ 6.35108235 -4.66858369 -0.32321749],[40.75672878],,,,
125,[ 3.16409679 -1.35050466  0.93170135],[8.54669939],,,,
126,[ 3.63316929  8.0574232  -0.67580666],[13.04844657],,,,
127,[ 4.53477574 -3.95947279  0.53619   ],[20.50737304],,,,
128,[-6.9273874   8.68638182  0.24791732],[48.62316922],,,,
129,[ 4.74590938  6.00323406 -0.09719572],[23.04836134],,,,
130,[-2.33912475 -0.08115073 -0.72020582],[3.21652448],,,,
131,[ 5.31167265 -2.5343192   0.2514918 ],[28.23474031],,,,
132,[-9.18310671  7.37637599 -0.36681966],[85.0952377],,,,
133,[6.93373105 5.31609875 0.25051608],[47.75813277],,,,
134,[-6.2875068  -3.77798358  0.54407002],[40.60290263],,,,
135,[ 2.67176946  9.38331618 -0.28311172],[7.01013496],,,,
136,[-6.86980128  2.7755114   0.14749554],[46.47590199],,,,
137,[-9.29378835  8.6046084  -0.09886744],[83.40779312],,,,
138,[ 3.48704189  0.20652809 -0.4533289 ],[11.216215],,,,
139,[4.84615206 5.3339785  0.96360398],[25.46095533],,,,
140,[-8.0270437   2.25804151 -0.4892992 ],[62.78967668],,,,
141,[ 7.37201007  0.55934057 -0.41899359],[53.25785923],,,,
142,[-7.32862507  7.94110944  0.50023747],[54.43968627],,,,
143,[5.23974008 8.5373259  0.12727131],[26.27496166],,,,
144,[-3.96047263  8.77378597  0.68307072],[16.42372718],,,,
145,[-2.1996541  -1.63064894  0.61938899],[4.68332513],,,,
146,[ 5.25239772 -6.51482148 -0.80347562],[27.57766324],,,,
147,[-0.8274175  -4.46585597 -0.28913204],[1.76910457],,,,
148,[-3.63708749 -4.16830701  0.05657519],[13.0402422],,,,
149,[-6.78323955e+00  9.43961608e-01  5.21441859e-03],[46.33980648],,,,
150,[3.67244433 0.88183328 0.05654475],[12.84598865],,,,
151,[-6.02083749 -5.83245738 -0.44330522],[36.34787827],,,,
152,[-4.04609279  1.12704014  0.51008846],[15.74511641],,,,
153,[5.39519731 5.09419624 0.2266458 ],[29.79495287],,,,
154,[ 6.7512793   4.15130715 -0.42058173],[46.86590538],,,,
155,[ 5.75868434  5.43581017 -0.35352233],[30.2989075],,,,
156,[-3.55889076 -5.96456413  0.48222302],[11.80618148],,,,
157,[-5.1575285   4.6930255   0.77686658],[25.2529402],,,,
158,[ 8.7386557  -7.93237841  0.36470539],[75.11147245],,,,
159,[ 8.31792478 -7.34382869 -0.69297314],[69.53584938],,,,
160,[-1.39444171 -5.30000854  0.67401908],[2.05614359],,,,
161,[-8.47107894 -8.80625157 -0.54027992],[71.67023361],,,,
162,[-6.40804931 -3.28625084  0.62042461],[41.45981536],,,,
163,[-8.3909182  -6.31418214  0.793598  ],[71.19031362],,,,
164,[-3.56630084 -9.3857514   0.03302538],[13.30216359],,,,
165,[-5.66659287  3.19243833 -0.67550457],[31.218984],,,,
166,[ 0.17060386  5.74234614 -0.19224838],[-1.45862156],,,,
167,[-8.96064804  5.32869555 -0.42507907],[80.67387687],,,,
168,[ 7.50206158  5.64195071 -0.30042808],[56.11918906],,,,
169,[ 3.12004105 -5.90828197 -0.95620366],[8.86339311],,,,
170,[ 4.27673423  2.96320278 -0.31703271],[19.3525733],,,,
171,[ 6.97142101 -2.81032714  0.12518111],[48.03436945],,,,
172,[-1.86714911  2.81224927  0.74934308],[2.85191071],,,,
173,[-6.54618275 -6.91333221 -0.98140712],[42.99177185],,,,
174,[ 6.25981739 -7.71170927 -0.30121815],[38.5097726],,,,
175,[ 1.90929366 -1.30192987  0.73096113],[5.70915631],,,,
176,[ 2.55252316  0.64552933 -0.34688206],[4.79970367],,,,
177,[ 6.47417185 -5.37667611 -0.06330632],[43.44021277],,,,
178,[-5.3559999   5.19331024 -0.32519458],[29.22302517],,,,
179,[-3.40126848  8.77363143  0.78413693],[12.73962509],,,,
180,[-1.5746852  -5.23020124 -0.54234257],[3.41682515],,,,
181,[ 6.9021588  -5.04647162  0.53963979],[48.12223772],,,,
182,[-2.36634203  2.62890459  0.23024816],[5.47107268],,,,
183,[ 0.1953961   8.99572514 -0.20600789],[-0.55351992],,,,
184,[ 7.44595338  8.61690267 -0.85496986],[53.54947298],,,,
185,[ 3.04240814  2.51818709 -0.03915891],[9.03151228],,,,
186,[-1.39481185 -4.00078299 -0.47527012],[3.96165624],,,,
187,[-0.24274036  2.70798878 -0.27845318],[-2.23577441],,,,
188,[3.41511603 9.40895396 0.69417023],[10.9614586],,,,
189,[-7.11550513 -2.22860736 -0.51909469],[50.63312507],,,,
190,[-2.89443438 -5.51502031  0.0806157 ],[8.22596116],,,,
191,[-1.60333125  1.98489337 -0.53297606],[2.58840711],,,,
192,[-0.4570201  -7.58510378  0.73329633],[1.50848282],,,,
193,[1.68905807 5.22221264 0.21888241],[3.00764631],,,,
194,[ 1.18727895  3.55356172 -0.05519841],[2.01553529],,,,
195,[-5.9565522   2.85970258  0.63851981],[34.29674958],,,,
196,[-2.55259128 -7.47807881 -0.18271364],[7.39923343],,,,
197,[-0.99585271  2.98370406 -0.26339502],[1.46777344],,,,
198,[-8.59601562 -7.24884025  0.53083751],[74.51730825],,,,
199,[ 6.72515456e+00 -7.10684721e+00  1.42515006e-03],[43.95950683],,,,
200,[ 4.64199827  5.63098872 -0.5455738 ],[22.44998908],,,,
201,[ 0.03811421 -7.21564774 -0.17729188],[-0.81667316],,,,
202,[ 8.94940666 -9.3805742  -0.72723529],[80.31494287],,,,
203,[-5.20127915 -5.85925962 -0.13855138],[28.20794108],,,,
204,[-8.45366042  0.26504707  0.41716522],[71.08813366],,,,
205,[ 3.09681326 -1.29813401 -0.09713009],[10.88930161],,,,
206,[ 0.75545442 -8.11736265  0.75353016],[-0.53517873],,,,
207,[-5.815705    1.65475954  0.56515014],[34.88098147],,,,
208,[ 3.57427065 -8.96398558  0.26832847],[12.82943587],,,,
209,[ 2.60060072  1.52332258 -0.40452833],[7.95555163],,,,
210,[-4.9708271  -5.76374986 -0.51512002],[24.45641742],,,,
211,[-1.63854043 -2.97212485 -0.65373319],[2.36683317],,,,
212,[-7.38906656  2.59321974 -0.07089828],[52.44988681],,,,
213,[-2.03091373 -6.75677133 -0.57525518],[5.1617023],,,,
214,[-4.96168688  8.28230301  0.24197819],[23.66695921],,,,
215,[ 0.33066619 -7.26156652  0.68522237],[1.32290184],,,,
216,[ 0.14850167  2.31118292 -0.13612427],[0.26125837],,,,
217,[1.1945302  3.96532247 0.15463896],[0.78676254],,,,
218,[-9.13278369e+00 -8.81800993e+00 -6.31678624e-03],[85.49185781],,,,
219,[2.9896486  7.4957957  0.71130994],[7.85539538],,,,
220,[ 8.01523837 -5.97670351  0.66973283],[64.58227229],,,,
221,[3.77711103 2.59614182 0.55306825],[14.13795211],,,,
222,[ 8.15934469 -5.70675854 -0.81658463],[65.68464439],,,,
223,[ 7.84418303 -7.30053745  0.93235764],[60.55799202],,,,
224,[-3.82796977  0.39521318 -0.98326977],[14.36969782],,,,
225,[ 6.75195584 -1.47732962 -0.24639666],[45.02345726],,,,
226,[ 5.54155508  3.67273905 -0.90880314],[30.17117451],,,,
227,[ 2.98825195 -8.21262728 -0.75019873],[11.4315054],,,,
228,[ 7.59306519 -3.64007181  0.70599979],[58.9335808],,,,
229,[ 1.0962152  -2.52252163 -0.52261037],[1.3392598],,,,
230,[-7.72752187 -0.4336543  -0.4016564 ],[59.09422403],,,,
231,[-4.04763022 -0.41140145 -0.65659867],[18.31289883],,,,
232,[-4.43171686 -1.25876686 -0.13431103],[20.79103011],,,,
233,[-0.9251538  -9.02426003  0.44554864],[1.69921542],,,,
234,[ 2.81412253 -8.78238794 -0.18730201],[5.83287955],,,,
235,[-6.73437794 -7.3301648   0.37587496],[44.47066083],,,,
236,[-8.78810046 -9.0832356  -0.04297529],[76.71068436],,,,
237,[-0.43962947  4.9782151  -0.47156661],[2.79349628],,,,
238,[ 5.79097048 -9.01697328 -0.61344391],[32.03707619],,,,
239,[-3.44492668  7.61364954 -0.58254288],[12.43445412],,,,
240,[8.55750712 4.0779929  0.60924139],[72.94329783],,,,
241,[-8.82161329  2.902412    0.16138202],[76.37550687],,,,
242,[-5.86171339  5.84979605 -0.95478085],[34.42408567],,,,
243,[-0.59442096  2.25094213 -0.83838149],[0.36103372],,,,
244,[9.07789612 1.9655274  0.79676481],[84.27302453],,,,
245,[ 8.34308695 -4.3977222  -0.62327658],[68.86090921],,,,
246,[ 0.44704519 -0.44851446 -0.89987202],[-0.39855125],,,,
247,[-2.33238975 -7.47303792 -0.96951178],[5.84756223],,,,
248,[ 2.76497648 -3.16238105 -0.93550372],[6.95572251],,,,
249,[-5.91756693 -5.15165343  0.742944  ],[35.41442084],,,,
