,x_train,y_train,x_test,y_pred,y_std,score
0,[-5.92085279  8.99800826  0.49516524],[-2.30817981],[-9.42477796 -9.42477796 -1.        ],[36.89286145],[0.85599802],0.9627505967194773
1,[-9.30386607  2.95246336  0.89182411],[34.39136921],[-9.23437841 -9.23437841 -0.97979798],[35.38317256],[0.7395932],
2,[ 8.79164903  8.04587515 -0.36114253],[-32.81872603],[-9.04397885 -9.04397885 -0.95959596],[33.50349316],[0.64569957],
3,[ 4.79741728  3.11440613 -0.07313984],[-9.34430065],[-8.8535793  -8.8535793  -0.93939394],[31.30200036],[0.57173706],
4,[-7.28841199 -8.77367789 -0.9655567 ],[10.26293196],[-8.66317974 -8.66317974 -0.91919192],[28.83842165],[0.51423825],
5,[-7.31044811 -5.5658182  -0.28387535],[8.79445262],[-8.47278019 -8.47278019 -0.8989899 ],[26.18193606],[0.46964436],
6,[7.61725827 1.63346052 0.33534336],[-12.31474187],[-8.28238063 -8.28238063 -0.87878788],[23.40856508],[0.43501566],
7,[-8.29841103  4.98735054  0.66450723],[21.05457014],[-8.09198108 -8.09198108 -0.85858586],[20.59817961],[0.40834056],
8,[-0.05122219  9.21219196  0.9657355 ],[-3.74053705],[-7.90158152 -7.90158152 -0.83838384],[17.8312764],[0.3883721],
9,[3.61200613 5.73384351 0.14513642],[-15.12158957],[-7.71118197 -7.71118197 -0.81818182],[15.18569334],[0.37417144],
10,[0.14084728 5.39051531 0.86319814],[-2.57713008],[-7.52078241 -7.52078241 -0.7979798 ],[12.73343874],[0.3646529],
11,[-4.16722067 -0.85480726  0.38515638],[12.13244954],[-7.33038286 -7.33038286 -0.77777778],[10.5378027],[0.35837611],
12,[-1.73507156 -2.07165433 -0.8064391 ],[5.57306586],[-7.1399833  -7.1399833  -0.75757576],[8.6509003],[0.3536545],
13,[-3.14184221  8.9562571   0.15230833],[9.71893107],[-6.94958375 -6.94958375 -0.73737374],[7.1117683],[0.34886399],
14,[ 1.70472236e+00 -8.98531985e+00 -3.35318002e-03],[-1.40036827],[-6.75918419 -6.75918419 -0.71717172],[5.94510149],[0.34277028],
15,[4.11156511 4.00921096 0.72369639],[-14.64354926],[-6.56878464 -6.56878464 -0.6969697 ],[5.16067422],[0.33474774],
16,[ 5.58151367 -5.86946052  0.08899613],[-1.13603575],[-6.37838508 -6.37838508 -0.67676768],[4.7534516],[0.32484715],
17,[ 8.67874275  9.31318927 -0.64315168],[-31.17418579],[-6.18798553 -6.18798553 -0.65656566],[4.70435514],[0.31371641],
18,[-3.12816011  0.24318833 -0.02455307],[12.24954406],[-5.99758598 -5.99758598 -0.63636364],[4.98161339],[0.30239018],
19,[ 0.52573968  8.78952493 -0.39291184],[-1.95844485],[-5.80718642 -5.80718642 -0.61616162],[5.54260041],[0.2919732],
20,[ 8.06197505  5.62334592 -0.855739  ],[-19.43717226],[-5.61678687 -5.61678687 -0.5959596 ],[6.33604677],[0.28327471],
21,[-6.80619344  5.99002188 -0.25757805],[0.53700844],[-5.42638731 -5.42638731 -0.57575758],[7.30449755],[0.27650501],
22,[ 7.99182097  8.70593724 -0.54002715],[-19.45310448],[-5.23598776 -5.23598776 -0.55555556],[8.38689134],[0.27116549],
23,[-2.62651518  2.58907053 -0.1893167 ],[9.20716275],[-5.0455882  -5.0455882  -0.53535354],[9.52114056],[0.26619228],
24,[ 4.90162763 -0.37637069 -0.93092321],[-6.46903257],[-4.85518865 -4.85518865 -0.51515152],[10.64660587],[0.26028588],
25,[-6.86491274 -3.38431024  0.41218355],[2.56790154],[-4.66478909 -4.66478909 -0.49494949],[11.70637346],[0.25228573],
26,[-1.99249515  4.75007606  0.33313246],[3.79340653],[-4.47438954 -4.47438954 -0.47474747],[12.64926191],[0.24147739],
27,[-7.7965691   1.95669373 -0.33638662],[14.33684999],[-4.28398998 -4.28398998 -0.45454545],[13.43150308],[0.22779356],
28,[-3.51430112 -0.38855412  0.66385004],[12.52150996],[-4.09359043 -4.09359043 -0.43434343],[14.01805814],[0.21191662],
29,[ 5.32067701 -2.55855846  0.34876105],[-4.25707331],[-3.90319087 -3.90319087 -0.41414141],[14.38354419],[0.19528852],
30,[-4.90387393  3.60628308  0.3646702 ],[6.35392387],[-3.71279132 -3.71279132 -0.39393939],[14.51275946],[0.17998158],
31,[-8.51814756 -0.10880756 -0.81977636],[28.14325589],[-3.52239176 -3.52239176 -0.37373737],[14.40080541],[0.16829824],
32,[-8.2462525   9.06527913 -0.7820575 ],[20.99543066],[-3.33199221 -3.33199221 -0.35353535],[14.05281345],[0.16198361],
33,[ 8.01665409 -4.44524318 -0.84837689],[-15.96810368],[-3.14159265 -3.14159265 -0.33333333],[13.48329315],[0.16131789],
34,[-1.6070679  -6.47041605  0.62762312],[4.16194152],[-2.9511931  -2.9511931  -0.31313131],[12.71512783],[0.16485051],
35,[ 2.46247067 -4.31078799 -0.54288325],[-6.7002011],[-2.76079354 -2.76079354 -0.29292929],[11.77825429],[0.17011092],
36,[-2.95615499 -2.87051588 -0.44897044],[12.85069723],[-2.57039399 -2.57039399 -0.27272727],[10.70807388],[0.17463633],
37,[ 8.5914865  -7.96693925  0.72852903],[-27.04962348],[-2.37999443 -2.37999443 -0.25252525],[9.54365455],[0.17663699],
38,[-3.35507753 -6.50578496 -0.75170789],[15.75302401],[-2.18959488 -2.18959488 -0.23232323],[8.3257946],[0.17524279],
39,[-2.43825679 -4.62659114  0.88211667],[8.48610646],[-1.99919533 -1.99919533 -0.21212121],[7.09502904],[0.17053908],
40,[3.70152272 9.0577415  0.40039431],[-16.36540742],[-1.80879577 -1.80879577 -0.19191919],[5.88966713],[0.16353111],
41,[3.79124783 4.31393772 0.18349775],[-14.74807833],[-1.61839622 -1.61839622 -0.17171717],[4.74395328],[0.15605176],
42,[ 1.38768775  6.55882077 -0.39183966],[-3.46406739],[-1.42799666 -1.42799666 -0.15151515],[3.68644213],[0.15050559],
43,[-8.00264118  0.37794198 -0.72512829],[18.9032788],[-1.23759711 -1.23759711 -0.13131313],[2.73867246],[0.14926608],
44,[-1.10639047 -7.45862163  0.02802382],[3.15762354],[-1.04719755 -1.04719755 -0.11111111],[1.91421205],[0.15375757],
45,[ 6.80369805 -4.89512331 -0.8666603 ],[0.68430209],[-0.856798   -0.856798   -0.09090909],[1.21812888],[0.16382057],
46,[-0.87336175  6.82475603 -0.23383358],[-0.90195227],[-0.66639844 -0.66639844 -0.07070707],[0.64692254],[0.17796914],
47,[ 7.88130836 -3.79941865 -0.20410234],[-14.59847518],[-0.47599889 -0.47599889 -0.05050505],[0.18892549],[0.19421646],
48,[-5.94790368  8.98435271  0.30671565],[-2.17536542],[-0.28559933 -0.28559933 -0.03030303],[-0.17484119],[0.21073822],
49,[-6.95905607 -3.29283171 -0.47934609],[4.52602621],[-0.09519978 -0.09519978 -0.01010101],[-0.4693984],[0.22614206],
50,[4.96104107 4.91417051 0.99131752],[-9.96390256],[0.09519978 0.09519978 0.01010101],[-0.72418993],[0.23949287],
51,[-6.42340785  8.29865716 -0.83307344],[-0.98557347],[0.28559933 0.28559933 0.03030303],[-0.97119718],[0.25025534],
52,[-5.39190184  6.77135846 -0.61217369],[2.96435895],[0.47599889 0.47599889 0.05050505],[-1.24288747],[0.25823026],
53,[-6.43561574  1.16736009  0.40022215],[-0.70569445],[0.66639844 0.66639844 0.07070707],[-1.57010559],[0.26350556],
54,[7.59469267 7.3505074  0.02680982],[-13.08727766],[0.856798   0.856798   0.09090909],[-1.98002379],[0.26641704],
55,[-6.31170745 -1.17923023 -0.59661908],[1.11305442],[1.04719755 1.04719755 0.11111111],[-2.49426437],[0.26750126],
56,[ 6.08076191 -8.08756148  0.62774325],[1.08527737],[1.23759711 1.23759711 0.13131313],[-3.1273027],[0.26741928],
57,[-5.60270798 -4.00045752  0.77161482],[2.47527258],[1.42799666 1.42799666 0.15151515],[-3.88524685],[0.26683725],
58,[-9.28702725 -3.4653781  -0.73212651],[38.16755168],[1.61839622 1.61839622 0.17171717],[-4.76507254],[0.26627109],
59,[ 0.74861811 -5.70693734 -0.74850016],[2.11252864],[1.80879577 1.80879577 0.19191919],[-5.75437091],[0.26593273],
60,[-2.77160393  4.44714628  0.50655877],[8.65373445],[1.99919533 1.99919533 0.21212121],[-6.83164069],[0.26563591],
61,[-5.0341396   1.82146082  0.91140257],[5.06679201],[2.18959488 2.18959488 0.23232323],[-7.96712795],[0.26480896],
62,[-0.5942463   6.16280569 -0.05636678],[-1.36520393],[2.37999443 2.37999443 0.25252525],[-9.12418599],[0.26261923],
63,[-7.13084085 -1.71609231 -0.36479712],[5.66647434],[2.57039399 2.57039399 0.27272727],[-10.26109747],[0.25816876],
64,[-3.00087953  4.93775212 -0.60459108],[11.20658457],[2.76079354 2.76079354 0.29292929],[-11.33327124],[0.25070245],
65,[ 4.29909901 -8.51431544 -0.90555254],[-8.35403349],[2.9511931  2.9511931  0.31313131],[-12.29570078],[0.23978255],
66,[ 2.77634929 -3.89215868  0.72121411],[-10.49744109],[3.14159265 3.14159265 0.33333333],[-13.10555035],[0.22540834],
67,[-1.60126402 -0.14730268 -0.20744035],[3.56042588],[3.33199221 3.33199221 0.35353535],[-13.72472202],[0.20808148],
68,[ 6.12632919 -9.25306442 -0.9916351 ],[3.63382943],[3.52239176 3.52239176 0.37373737],[-14.12225193],[0.1888304],
69,[-1.77770007  3.64499445  0.98463575],[1.91400594],[3.71279132 3.71279132 0.39393939],[-14.27638973],[0.16920649],
70,[-7.36594658 -4.09184301  0.6278013 ],[7.9213224],[3.90319087 3.90319087 0.41414141],[-14.17623023],[0.15123859],
71,[ 0.75117296  2.46579256 -0.33478905],[-0.61952845],[4.09359043 4.09359043 0.43434343],[-13.82279088],[0.13724893],
72,[ 7.17578026  7.46145442 -0.16588524],[-7.0240019],[4.28398998 4.28398998 0.45454545],[-13.22946142],[0.12932785],
73,[ 1.62387051 -0.94265697  0.30021228],[-3.49129884],[4.47438954 4.47438954 0.47474747],[-12.42179004],[0.12844824],
74,[ 8.55530515  3.29712226 -0.33311146],[-28.04134721],[4.66478909 4.66478909 0.49494949],[-11.43661148],[0.13390297],
75,[-3.52472061 -2.49314956 -0.85802902],[15.13371577],[4.85518865 4.85518865 0.51515152],[-10.32056337],[0.14379718],
76,[-6.61417292 -2.84459422 -0.07065862],[1.57372842],[5.0455882  5.0455882  0.53535354],[-9.12807399],[0.15605961],
77,[6.71995704 9.17174037 0.21174403],[-3.97375661],[5.23598776 5.23598776 0.55555556],[-7.91893611],[0.16904722],
78,[ 8.21837651  2.09078166 -0.76928757],[-21.41025966],[5.42638731 5.42638731 0.57575758],[-6.75560342],[0.18164465],
79,[-3.57948311 -9.37368336 -0.58179809],[16.66230213],[5.61678687 5.61678687 0.5959596 ],[-5.700359],[0.19317472],
80,[ 7.69454591 -7.07401964  0.08103   ],[-10.92838441],[5.80718642 5.80718642 0.61616162],[-4.81250706],[0.20332914],
81,[ 1.26493279 -1.91749552  0.82915212],[-2.34558727],[5.99758598 5.99758598 0.63636364],[-4.14573142],[0.21218542],
82,[ 8.0869871  -7.33534036  0.16619549],[-17.80567804],[6.18798553 6.18798553 0.65656566],[-3.74574798],[0.22030768],
83,[-1.71457724 -5.09964316 -0.62934355],[6.06448302],[6.37838508 6.37838508 0.67676768],[-3.64835513],[0.22889426],
84,[-8.09254879 -7.18564374 -0.12863098],[21.70978545],[6.56878464 6.56878464 0.6969697 ],[-3.87795904],[0.23989202],
85,[ 2.39650452 -1.50655095  0.3125626 ],[-8.18303842],[6.75918419 6.75918419 0.71717172],[-4.44662145],[0.2559429],
86,[-4.13432077  5.00231308  0.86541629],[10.04994337],[6.94958375 6.94958375 0.73737374],[-5.35364897],[0.28003318],
87,[-7.46339433  3.72665826 -0.55285071],[8.8056271],[7.1399833  7.1399833  0.75757576],[-6.58571626],[0.31489327],
88,[-3.93313979 -3.17763268 -0.43556888],[14.56028168],[7.33038286 7.33038286 0.77777778],[-8.1174925],[0.36246231],
89,[ 7.64367201 -5.93121388  0.252347  ],[-10.62256627],[7.52078241 7.52078241 0.7979798 ],[-9.91272173],[0.42372708],
90,[ 8.63073498 -0.54728185 -0.34240082],[-28.20315042],[7.71118197 7.71118197 0.81818182],[-11.92569335],[0.49891026],
91,[-3.69269931 -0.58291147  0.65470541],[12.71251729],[7.90158152 7.90158152 0.83838384],[-14.10302894],[0.58775636],
92,[-5.28448261 -9.20574635  0.68116731],[6.30033319],[8.09198108 8.09198108 0.85858586],[-16.38570492],[0.68973662],
93,[2.75409676 0.02377882 0.20274506],[-10.68460047],[8.28238063 8.28238063 0.87878788],[-18.71122728],[0.80414606],
94,[-0.25197246 -2.32321785  0.58740526],[-0.15832661],[8.47278019 8.47278019 0.8989899 ],[-21.01587381],[0.93013475],
95,[ 1.94913421 -5.47799128 -0.36183642],[-3.29397766],[8.66317974 8.66317974 0.91919192],[-23.23692013],[1.06671659],
96,[ 7.29487111 -5.66883434  0.63764789],[-6.05322252],[8.8535793  8.8535793  0.93939394],[-25.31476923],[1.21277993],
97,[-0.07086689 -1.71971304 -0.11114654],[0.58965687],[9.04397885 9.04397885 0.95959596],[-27.19490901],[1.36710849],
98,[ 9.1922912   9.30845586 -0.85521093],[-36.93102819],[9.23437841 9.23437841 0.97979798],[-28.82962943],[1.52841112],
99,[ 0.78555354 -2.82050162  0.95353089],[-0.97567363],[9.42477796 9.42477796 1.        ],[-30.17944008],[1.6953545],
100,[ 8.38889492 -1.4270344  -0.28580434],[-24.08888938],,,,
101,[-6.77666593  8.42002141 -0.21992297],[-0.36605104],,,,
102,[-5.8524277   6.6042242  -0.37043766],[-0.21012878],,,,
103,[-7.9497001  -2.4056698   0.55485971],[16.98129428],,,,
104,[-1.38640662 -1.65848048  0.27198905],[2.30955979],,,,
105,[ 8.17048486  4.71318765 -0.4086614 ],[-21.74846831],,,,
106,[-7.36606481 -0.32856155 -0.74676897],[8.74755475],,,,
107,[-4.2383753   1.65617375  0.17861102],[11.44011324],,,,
108,[ 7.30897203 -0.88441347  0.83407823],[-7.7780815],,,,
109,[-0.39957852  4.20774209  0.47957293],[-1.68780743],,,,
110,[-3.42795    -0.42424937  0.12725059],[13.12356036],,,,
111,[ 5.51286946  0.16804774 -0.97115608],[-1.80918927],,,,
112,[-3.87921076 -2.00748109 -0.48853765],[14.45206344],,,,
113,[ 8.5557003  -4.55808576  0.90012259],[-27.62221183],,,,
114,[ 2.04967561 -4.01188522  0.77375121],[-5.85714733],,,,
115,[-8.69098082 -0.16817143  0.94330428],[28.5069204],,,,
116,[-6.4105045   9.26433665  0.14313128],[-2.53871869],,,,
117,[ 6.25879286 -2.38531948 -0.68079257],[1.55892741],,,,
118,[-0.81665065  6.44707352  0.52837749],[-1.91454163],,,,
119,[-1.31611796  3.37748248  0.05634149],[0.94723906],,,,
120,[ 0.24531007 -7.75962292 -0.43704512],[2.63744481],,,,
121,[ 8.18367457 -2.44400788 -0.58329356],[-19.84116428],,,,
122,[-4.75089446 -3.24404407  0.47996611],[9.19929208],,,,
123,[ 8.50917688 -5.98535554  0.74730187],[-26.27679488],,,,
124,[ 0.96115963 -0.36864267  0.17203697],[-0.95852034],,,,
125,[ 3.14500732 -7.45321715 -0.55596793],[-9.60468191],,,,
126,[-2.84044905 -4.14379826  0.63828471],[11.14344651],,,,
127,[ 9.23284728 -2.9144539   0.16784641],[-35.31639975],,,,
128,[ 9.01426399 -8.27499466  0.08934583],[-31.80653562],,,,
129,[-0.866664   -3.77587862  0.65688026],[0.78478063],,,,
130,[2.07995288 2.87267665 0.5975632 ],[-7.90254827],,,,
131,[ 9.39237527 -3.10407966  0.53465078],[-36.65382381],,,,
132,[-0.70591102 -4.9381514   0.60030338],[0.88361568],,,,
133,[-6.17474112  6.56691884 -0.31209313],[-1.47695308],,,,
134,[-6.49891897 -7.26841243  0.05197122],[2.07430889],,,,
135,[-6.06863459  3.13008138 -0.49593472],[0.09143056],,,,
136,[-5.73700877 -1.7544425   0.561498  ],[1.44777018],,,,
137,[ 6.16369794 -1.69616549 -0.54418557],[1.0563068],,,,
138,[2.18325052 8.93832646 0.48579696],[-9.76839776],,,,
139,[6.72164723 6.13340662 0.17969334],[-3.13400826],,,,
140,[7.11116332 2.52197176 0.78430149],[-6.26624329],,,,
141,[ 8.96984902 -3.68709106  0.65906891],[-33.18716108],,,,
142,[-6.63290235 -3.74473593 -0.45126101],[2.29604636],,,,
143,[5.79792747 4.83680317 0.26428934],[-2.95916149],,,,
144,[ 6.84293457 -0.66693282  0.44292619],[-2.58331656],,,,
145,[-2.92432057  1.01876708  0.41101087],[10.65108615],,,,
146,[-7.76493744 -0.45237381 -0.37240559],[14.49201134],,,,
147,[ 5.3840426  -5.94945491 -0.27447408],[-1.99088307],,,,
148,[3.5488817  9.22620652 0.79702015],[-16.81286849],,,,
149,[-0.85297268  8.3477763   0.24671618],[-2.04197266],,,,
150,[-2.33433043  6.00843666  0.2531576 ],[5.82669012],,,,
151,[-3.95167     1.29479348 -0.87155503],[13.66919189],,,,
152,[-7.85706342  2.60607045  0.57313219],[14.08048245],,,,
153,[ 6.77031809 -7.72182048  0.78184935],[-0.75862466],,,,
154,[-1.30723704 -1.2113259  -0.82329108],[3.22845304],,,,
155,[-4.17473508 -2.26766569  0.71701283],[11.82474014],,,,
156,[ 3.03760858 -5.81119941  0.97074583],[-11.70668264],,,,
157,[-4.89250892 -0.01276443 -0.41935279],[8.61098006],,,,
158,[-9.24285296 -8.97836157 -0.25906589],[38.77964168],,,,
159,[ 6.78968176 -7.23007548 -0.78043509],[1.25211376],,,,
160,[7.2478227  6.80058637 0.57363439],[-8.60021276],,,,
161,[-1.02568323  4.58939264  0.90087254],[-1.32756974],,,,
162,[2.00287786 5.1024319  0.67347173],[-7.88105415],,,,
163,[ 5.53665233 -7.20218084 -0.50932192],[-0.22222423],,,,
164,[-1.0161057  -5.48056151 -0.74135524],[3.25389683],,,,
165,[ 8.68910363 -2.26699413 -0.03613636],[-29.01027283],,,,
166,[-2.04666011 -9.09043423  0.50657506],[7.55327184],,,,
167,[ 8.50294684 -0.26572489  0.05331753],[-26.65554708],,,,
168,[-8.68074888  7.25420898  0.94579307],[26.49433478],,,,
169,[ 7.67635261 -3.42842989 -0.95832297],[-10.15341608],,,,
170,[-2.29767246 -5.08360001  0.4273926 ],[8.35187039],,,,
171,[-0.37561684 -5.35086054  0.19864856],[1.26869902],,,,
172,[2.10260871 9.05916275 0.28704056],[-9.08200671],,,,
173,[5.04193696 8.01394819 0.73327818],[-9.79726358],,,,
174,[-1.82886715 -7.92813294  0.09645366],[6.48041944],,,,
175,[-4.46271243 -6.48724265 -0.92521098],[14.09245019],,,,
176,[ 8.31387294  5.28587737 -0.65825815],[-24.24264822],,,,
177,[-4.78773224 -7.64649187 -0.11505488],[10.70952425],,,,
178,[-6.98592001 -3.59413483  0.93458031],[2.93869847],,,,
179,[ 2.85507018 -1.89160979 -0.30340516],[-9.99723563],,,,
180,[ 1.18559007 -9.02418229  0.59257336],[0.1449306],,,,
181,[-6.91751162 -0.66452055  0.65141699],[1.79589256],,,,
182,[ 8.07638896 -0.90732133 -0.37067772],[-18.60426136],,,,
183,[-4.54811749  8.14248716  0.9738831 ],[6.78854882],,,,
184,[-3.67205862  3.33117873 -0.09673883],[12.55624271],,,,
185,[-2.29007038 -6.15492693 -0.10742848],[9.17405742],,,,
186,[ 6.87598822 -7.63375099 -0.74685072],[0.63760032],,,,
187,[ 0.34837215 -3.46940073 -0.39656564],[1.48579058],,,,
188,[-8.18914203  5.03709853 -0.44052437],[20.67325849],,,,
189,[-7.96682737  6.67322459 -0.70649472],[16.46148974],,,,
190,[5.02414402 8.2595738  0.39849617],[-9.69688899],,,,
191,[ 7.30254132 -3.79902774 -0.66957894],[-4.89120441],,,,
192,[-2.79791702  6.01276669  0.01220832],[9.09599862],,,,
193,[ 6.93574113 -0.10136151  0.07527765],[-2.95926047],,,,
194,[-5.71436671  0.54427533  0.85667626],[0.59629361],,,,
195,[5.58648298 3.45802329 0.17785653],[-3.80433644],,,,
196,[9.23043982 1.73090306 0.53631651],[-37.12452443],,,,
197,[ 4.57909507 -0.05468099 -0.81505034],[-9.01716604],,,,
198,[4.8745867  3.53942916 0.46351296],[-9.58730275],,,,
199,[-4.92216553 -5.8651599   0.61186851],[8.3819381],,,,
200,[-4.239796   -3.53978702 -0.28260447],[13.49302267],,,,
201,[ 7.27636247 -1.47087146 -0.99516137],[-4.95804334],,,,
202,[-8.00913328  8.60507479 -0.6993737 ],[16.66406283],,,,
203,[-0.61793016  9.35261799 -0.72303009],[-1.29604293],,,,
204,[ 6.27518709 -6.91178311  0.64472948],[0.96556762],,,,
205,[-6.68202381 -3.62992073 -0.66509295],[3.03850313],,,,
206,[ 3.10961265 -5.65154612 -0.74859987],[-9.71732043],,,,
207,[-7.83640156 -3.03367774  0.32943309],[15.61025653],,,,
208,[-5.04735103  1.89559817  0.85119286],[4.97125509],,,,
209,[-7.21916209 -2.67276893  0.90323129],[5.37027941],,,,
210,[-2.66762576  1.44518461 -0.65557875],[10.43768602],,,,
211,[6.58511897 3.92289315 0.54912769],[-2.25458163],,,,
212,[-7.54803328 -8.53374109 -0.65720684],[13.55380221],,,,
213,[-1.95752713  8.16783363  0.34977028],[2.57672282],,,,
214,[-0.82316189  4.83036586  0.18674641],[-0.87590801],,,,
215,[ 7.42321793 -4.32442193  0.61053176],[-8.10252839],,,,
216,[-0.92792868  1.43333621 -0.36930565],[0.71478119],,,,
217,[ 2.13025415 -5.55961447  0.02893968],[-5.08391729],,,,
218,[ 0.00721891  2.41687162 -0.91601809],[0.6317735],,,,
219,[-6.01991163 -4.09723601  0.05534411],[1.50549092],,,,
220,[-5.98287045  6.67500816  0.27501362],[-1.37720954],,,,
221,[ 3.8223866  -6.53071549 -0.59502393],[-11.03670696],,,,
222,[-0.52478172  5.81838224  0.8164343 ],[-2.62111417],,,,
223,[ 8.96368305  9.32298594 -0.79864247],[-34.64500898],,,,
224,[-2.16314082 -7.25417915  0.52278156],[7.77696255],,,,
225,[ 6.05911307 -4.30035142 -0.74507422],[1.79338838],,,,
226,[-4.49597031  2.93868063 -0.72950834],[10.98045949],,,,
227,[ 5.87528041  3.94846931 -0.04110696],[-1.87022077],,,,
228,[-1.34210845 -7.45383072  0.70903213],[2.97861385],,,,
229,[-8.49748466  1.36921149  0.86987313],[25.09993292],,,,
230,[3.23742971 4.52032474 0.66825724],[-14.75507944],,,,
231,[ 3.23206802 -7.83556559  0.0870409 ],[-10.42125583],,,,
232,[ 1.11863966  5.28195115 -0.32127942],[-2.13544203],,,,
233,[-5.98840552  4.52740428 -0.70418386],[0.38858985],,,,
234,[-6.22366159 -5.44571253  0.97922751],[0.09538814],,,,
235,[ 7.70626774 -6.70798493 -0.79909092],[-9.99245183],,,,
236,[-0.94064641 -1.61350936  0.25308476],[0.91729151],,,,
237,[-2.36204994  3.80294631 -0.75098774],[7.9278695],,,,
238,[-6.54318931  5.12866392  0.76465811],[-2.06125911],,,,
239,[4.00976638 4.85091746 0.27256719],[-14.5013888],,,,
240,[-2.25333367 -8.480411    0.63625778],[8.60988064],,,,
241,[ 7.60932413  7.5045111  -0.15128394],[-13.08891672],,,,
242,[-5.47479862 -7.91296197  0.34370507],[4.87384805],,,,
243,[-5.93895599  0.78796984  0.98178354],[-0.84545865],,,,
244,[-8.96197505  7.62278261  0.35054627],[30.75720328],,,,
245,[ 8.80593922 -9.01139098  0.30535405],[-29.39233797],,,,
246,[4.30886298 6.16105894 0.66964789],[-14.27475678],,,,
247,[ 5.08643562 -7.89115693  0.27207929],[-4.46746614],,,,
248,[1.76549383 7.58378961 0.69305898],[-7.07845624],,,,
249,[-7.25408221  4.5029757   0.14837815],[4.81401414],,,,
