,x_train,y_train,x_test,y_pred,y_std
0,[-0.06937763  5.91661784  0.46812186],[-0.78567234],[-3.14159265 -9.42477796 -1.        ],[-1.02576498],[0.85558086]
1,[-0.20143919 -8.10222648  0.85678595],[-4.62624687],[-3.07812614 -9.23437841 -0.97979798],[-1.8805332],[0.7348986]
2,[-0.67153251 -0.95840125 -0.6114252 ],[-12.13586308],[-3.01465962 -9.04397885 -0.95959596],[-2.78418068],[0.6262993]
3,[ 1.36262363 -8.46528871 -0.67366594],[18.75304677],[-2.9511931  -8.8535793  -0.93939394],[-3.73020737],[0.52904509]
4,[ 1.13653014 -5.39315715  0.37951698],[17.34444418],[-2.88772658 -8.66317974 -0.91919192],[-4.71138385],[0.4424405]
5,[ 0.91861308  2.5035408  -0.03450423],[15.52663204],[-2.82426006 -8.47278019 -0.8989899 ],[-5.71986109],[0.36587244]
6,[ 1.24586822  6.97546931 -0.05382702],[18.55358144],[-2.76079354 -8.28238063 -0.87878788],[-6.74729452],[0.29883458]
7,[-0.22076694 -7.40959049 -0.91396751],[-4.93798005],[-2.69732703 -8.09198108 -0.85858586],[-7.78497906],[0.24093815]
8,[-1.93429741  9.1165911   0.40535762],[-18.3734867],[-2.63386051 -7.90158152 -0.83838384],[-8.82399143],[0.19191148]
9,[-0.99711738 -1.50410086  0.19874415],[-16.32597244],[-2.57039399 -7.71118197 -0.81818182],[-9.85533562],[0.15158585]
10,[ 2.8536062  -3.92613248 -0.73288638],[5.85741316],[-2.50692747 -7.52078241 -0.7979798 ],[-10.87008728],[0.11984511]
11,[-2.12249548  0.99474639  0.7579756 ],[-16.54479489],[-2.44346095 -7.33038286 -0.77777778],[-11.85953272],[0.09647549]
12,[-2.56847469 -1.25848233  0.94832339],[-10.40853931],[-2.37999443 -7.1399833  -0.75757576],[-12.81529856],[0.08084375]
13,[-1.99292191  3.3141879  -0.6394095 ],[-17.80229118],[-2.31652792 -6.94958375 -0.73737374],[-13.7294682],[0.07154128]
14,[ 1.75915512 -7.6495709   0.19613202],[19.13818303],[-2.2530614  -6.75918419 -0.71717172],[-14.59468205],[0.06648078]
15,[-2.0188293  -6.95538158 -0.6410758 ],[-17.16391858],[-2.18959488 -6.56878464 -0.6969697 ],[-15.40421903],[0.06358615]
16,[ 1.22588064  8.11889559 -0.79060131],[18.46492496],[-2.12612836 -6.37838508 -0.67676768],[-16.15205763],[0.06141415]
17,[-1.48169763  4.34091915  0.17032611],[-19.24972766],[-2.06266184 -6.18798553 -0.65656566],[-16.83291598],[0.05926436]
18,[-1.20256360e+00  7.87955429e+00 -1.48546818e-03],[-17.77072436],[-1.99919533 -5.99758598 -0.63636364],[-17.442271],[0.05697399]
19,[ 0.98030547  4.86133061 -0.01539569],[16.34410027],[-1.93572881 -5.80718642 -0.61616162],[-17.97635786],[0.0546649]
20,[-2.43476395 -5.32146924 -0.29304   ],[-12.1622785],[-1.87226229 -5.61678687 -0.5959596 ],[-18.43215174],[0.05254178]
21,[2.17189096 2.03204397 0.63089745],[15.84863192],[-1.80879577 -5.42638731 -0.57575758],[-18.80733461],[0.05075699]
22,[-1.1466674   9.37775515  0.60357785],[-17.24340019],[-1.74532925 -5.23598776 -0.55555556],[-19.10025033],[0.04934691]
23,[ 0.25513277 -5.01781798  0.16015122],[4.42138089],[-1.68186273 -5.0455882  -0.53535354],[-19.30985161],[0.0482382]
24,[ 1.39141193 -4.51544334 -0.53166595],[18.96801296],[-1.61839622 -4.85518865 -0.51515152],[-19.43564262],[0.0473039]
25,[ 1.86577691  1.80077676 -0.97716186],[18.47745533],[-1.5549297  -4.66478909 -0.49494949],[-19.47762065],[0.04643244]
26,[ 3.03110157 -6.34136947  0.69762255],[2.74405485],[-1.49146318 -4.47438954 -0.47474747],[-19.43622022],[0.04557706]
27,[2.17377428 6.63156397 0.89153711],[15.56078792],[-1.42799666 -4.28398998 -0.45454545],[-19.31226203],[0.04477032]
28,[-1.93088163 -6.92375261  0.43293309],[-17.86131872],[-1.36453014 -4.09359043 -0.43434343],[-19.10690883],[0.04410419]
29,[0.83519801 2.09086872 0.49009268],[14.49358034],[-1.30106362 -3.90319087 -0.41414141],[-18.82162916],[0.04368569]
30,[-0.90975063 -2.8341665  -0.24029845],[-15.44824701],[-1.23759711 -3.71279132 -0.39393939],[-18.45816929],[0.04358545]
31,[ 1.77096991 -1.47295886 -0.42827684],[19.00282031],[-1.17413059 -3.52239176 -0.37373737],[-18.01853292],[0.04380098]
32,[-1.40551649 -2.32763088 -0.31314982],[-19.14162347],[-1.11066407 -3.33199221 -0.35353535],[-17.5049673],[0.04425179]
33,[ 2.57748943 -4.93910175  0.66590119],[10.74485213],[-1.04719755 -3.14159265 -0.33333333],[-16.91995424],[0.04480713]
34,[ 1.50525969 -1.20004768  0.93840509],[19.319427],[-0.98373103 -2.9511931  -0.31313131],[-16.26620403],[0.04533097]
35,[-1.84333924  2.21743512 -0.82666187],[-18.69439403],[-0.92026451 -2.76079354 -0.29292929],[-15.54665026],[0.04572482]
36,[-2.867821   -0.04749605 -0.69438818],[-5.23904511],[-0.856798   -2.57039399 -0.27272727],[-14.76444375],[0.04595513]
37,[3.02241181 5.94878716 0.14221001],[1.733795],[-0.79333148 -2.37999443 -0.25252525],[-13.92294414],[0.04606034]
38,[-0.14735153  1.06866012 -0.82016911],[-2.75004421],[-0.72986496 -2.18959488 -0.23232323],[-13.02570829],[0.04613745]
39,[ 0.32044034 -4.98787272  0.26993926],[5.64177444],[-0.66639844 -1.99919533 -0.21212121],[-12.07647514],[0.04631091]
40,[-2.86134432  3.51727413 -0.5273319 ],[-5.6861941],[-0.60293192 -1.80879577 -0.19191919],[-11.07914759],[0.04669098]
41,[-2.18724615 -1.52895611  0.63657849],[-15.7217928],[-0.53946541 -1.61839622 -0.17171717],[-10.03777213],[0.04733401]
42,[-2.78890863 -7.5699749   0.0593358 ],[-5.99519317],[-0.47599889 -1.42799666 -0.15151515],[-8.95651791],[0.04822]
43,[-1.37272164  8.05123808  0.33057439],[-18.82622487],[-0.41253237 -1.23759711 -0.13131313],[-7.83965677],[0.04925599]
44,[0.2892136  5.03334997 0.66607935],[5.97842604],[-0.34906585 -1.04719755 -0.11111111],[-6.69154594],[0.05030242]
45,[ 1.77042906 -6.46120559 -0.77950868],[19.07943794],[-0.28559933 -0.856798   -0.09090909],[-5.51661507],[0.05120977]
46,[-0.90038814  1.45017821  0.13635594],[-15.08466964],[-0.22213281 -0.66639844 -0.07070707],[-4.31935842],[0.05185247]
47,[0.56300721 3.45353983 0.93100819],[10.63515877],[-0.1586663  -0.47599889 -0.05050505],[-3.10433275],[0.05215208]
48,[-0.25350348  7.63266933  0.6195724 ],[-4.14703546],[-0.09519978 -0.28559933 -0.03030303],[-1.87616045],[0.05208743]
49,[-1.17081017 -4.31323217 -0.91849236],[-17.99361492],[-0.03173326 -0.09519978 -0.01010101],[-0.63953663],[0.05169238]
50,[-1.85697405 -4.39435272 -0.99154127],[-18.43297913],[0.03173326 0.09519978 0.01010101],[0.60076159],[0.05104327]
51,[0.15794472 7.29030615 0.44701607],[3.73036729],[0.09519978 0.28559933 0.03030303],[1.83986646],[0.05023883]
52,[ 2.19178925  5.90091514 -0.87855664],[15.39501212],[0.1586663  0.47599889 0.05050505],[3.07281439],[0.04937668]
53,[ 2.85358059 -9.26070392 -0.94544788],[6.35748247],[0.22213281 0.66639844 0.07070707],[4.29454732],[0.04853206]
54,[ 0.14294347 -5.17534759  0.7487575 ],[2.27470261],[0.28559933 0.856798   0.09090909],[5.49992332],[0.04774492]
55,[-0.67705527  2.70241976  0.15025199],[-11.90980173],[0.34906585 1.04719755 0.11111111],[6.68373864],[0.04701994]
56,[-2.31886617  1.19028386  0.31912599],[-14.26112269],[0.41253237 1.23759711 0.13131313],[7.84076227],[0.04633949]
57,[ 0.08484989 -4.98112009 -0.87109217],[1.15953281],[0.47599889 1.42799666 0.15151515],[8.96578317],[0.04568464]
58,[-0.72204192  2.89400268 -0.72888351],[-12.59074397],[0.53946541 1.61839622 0.17171717],[10.05366869],[0.04505637]
59,[-2.54754621 -3.99332866 -0.81209507],[-10.51869883],[0.60293192 1.80879577 0.19191919],[11.09943169],[0.0444885]
60,[ 1.32903725  7.01989838 -0.43979742],[18.94695494],[0.66639844 1.99919533 0.21212121],[12.09830231],[0.04404679]
61,[-0.25496048  0.76984246  0.29893072],[-4.80374643],[0.72986496 2.18959488 0.23232323],[13.04579976],[0.04381165]
62,[ 1.52441268 -6.77860786 -0.4803992 ],[19.28935961],[0.79333148 2.37999443 0.25252525],[13.93779871],[0.04384804]
63,[1.50758564 0.83898619 0.73389425],[19.32695569],[0.856798   2.57039399 0.27272727],[14.77058472],[0.04417306]
64,[ 3.105745   -0.69798369  0.46271847],[0.74949086],[0.92026451 2.76079354 0.29292929],[15.54089384],[0.04473536]
65,[-2.78012994  6.78190431  0.25844929],[-7.44984561],[0.98373103 2.9511931  0.31313131],[16.24593209],[0.04541718]
66,[2.02205226 0.91405012 0.8817808 ],[17.38966472],[1.04719755 3.14159265 0.33333333],[16.8833724],[0.04605988]
67,[ 1.18687415 -6.27661197 -0.46973355],[17.71448417],[1.11066407 3.33199221 0.35353535],[17.45132799],[0.0465037]
68,[ 1.09270739 -4.31444852 -0.87214462],[16.98537765],[1.17413059 3.52239176 0.37373737],[17.94830343],[0.04663081]
69,[-2.78855271 -8.45602133  0.73526586],[-5.93056645],[1.23759711 3.71279132 0.39393939],[18.37312678],[0.04640368]
70,[-0.83847405 -6.05862718 -0.01820425],[-14.78417399],[1.30106362 3.90319087 0.41414141],[18.72486809],[0.04589319]
71,[-1.40221445 -0.74891574 -0.69716826],[-19.09323954],[1.36453014 4.09359043 0.43434343],[19.00275128],[0.04528974]
72,[ 2.57049375  2.99874558 -0.24734422],[10.24081343],[1.42799666 4.28398998 0.45454545],[19.20606762],[0.04488519]
73,[0.53694937 7.62245761 0.14915726],[10.55382928],[1.49146318 4.47438954 0.47474747],[19.33409973],[0.04500993]
74,[-2.50054626 -7.42226934 -0.3267728 ],[-10.98714825],[1.5549297  4.66478909 0.49494949],[19.38606465],[0.04592445]
75,[1.25768358 5.52127926 0.15119423],[18.55399586],[1.61839622 4.85518865 0.51515152],[19.36108393],[0.04770536]
76,[-2.07910089 -8.01892065 -0.44991345],[-16.50876888],[1.68186273 5.0455882  0.53535354],[19.25818694],[0.0501943]
77,[ 1.67881972  2.56886748 -0.87817838],[19.21839469],[1.74532925 5.23598776 0.55555556],[19.07635148],[0.05304299]
78,[-0.20251912 -6.03644239 -0.0929471 ],[-4.47129946],[1.80879577 5.42638731 0.57575758],[18.81458288],[0.05581976]
79,[-3.05830792  4.78806473 -0.06960479],[-2.07140665],[1.87226229 5.61678687 0.5959596 ],[18.47203022],[0.05812416]
80,[1.6954844  3.16452636 0.23290301],[19.16801698],[1.93572881 5.80718642 0.61616162],[18.04813463],[0.05968822]
81,[-0.04014934  4.11659708  0.21815506],[-0.39154529],[1.99919533 5.99758598 0.63636364],[17.54280236],[0.06047224]
82,[ 2.22177942 -4.15340557  0.33359571],[15.63401876],[2.06266184 6.18798553 0.65656566],[16.95659258],[0.06076898]
83,[-0.81573097 -4.05029498 -0.98563476],[-14.36317058],[2.12612836 6.37838508 0.67676768],[16.29090776],[0.06130606]
84,[ 0.59642802 -6.18349485  0.31136462],[10.39415527],[2.18959488 6.56878464 0.6969697 ],[15.54817397],[0.06326749]
85,[ 0.90627771 -4.87474858 -0.07508136],[14.96403216],[2.2530614  6.75918419 0.71717172],[14.73199759],[0.06807374]
86,[-2.9268251  -4.76970122 -0.48168152],[-3.66558821],[2.31652792 6.94958375 0.73737374],[13.84728606],[0.07688404]
87,[ 0.21494326  3.91837977 -0.51486298],[4.49442952],[2.37999443 7.1399833  0.75757576],[12.90032157],[0.09019749]
88,[-2.37582446 -0.4522442  -0.6869891 ],[-13.37516226],[2.44346095 7.33038286 0.77777778],[11.89877917],[0.10794392]
89,[-1.24977482  3.21639426 -0.70384495],[-18.26575962],[2.50692747 7.52078241 0.7979798 ],[10.85168358],[0.12988139]
90,[-0.03436763  0.47684488 -0.93208096],[-0.62667299],[2.57039399 7.71118197 0.81818182],[9.76930258],[0.15593818]
91,[-1.99164374 -3.46898276 -0.07701794],[-17.51902862],[2.63386051 7.90158152 0.83838384],[8.66297839],[0.18640379]
92,[ 0.23976868  4.32282449 -0.27816934],[5.00106394],[2.69732703 8.09198108 0.85858586],[7.54490207],[0.2220166]
93,[ 0.18206591 -3.62315572  0.17745128],[3.160964],[2.76079354 8.28238063 0.87878788],[6.42783942],[0.26397919]
94,[-2.21106911 -7.15595537 -0.80435127],[-15.10989594],[2.82426006 8.47278019 0.8989899 ],[5.3248195],[0.31390228]
95,[ 2.67102423  7.3336639  -0.26324811],[8.13624652],[2.88772658 8.66317974 0.91919192],[4.24879932],[0.37367917]
96,[ 2.38029879 -4.37949073  0.19547339],[13.6499577],[2.9511931  8.8535793  0.93939394],[3.21231943],[0.44531294]
97,[-1.6405406   8.52207813 -0.63308661],[-19.34076367],[3.01465962 9.04397885 0.95959596],[2.22716573],[0.53073468]
98,[2.27269515 7.93412693 0.4206298 ],[14.27372262],[3.07812614 9.23437841 0.97979798],[1.30405258],[0.63164917]
99,[-1.5851003   5.43276976 -0.24164989],[-19.3618544],[3.14159265 9.42477796 1.        ],[0.45234083],[0.74942595]
100,[2.28230965 4.3001588  0.45149196],[14.38953251],,,
101,[ 0.24023078 -4.78717633 -0.98783686],[4.15552546],,,
102,[ 0.06329726 -1.06190641 -0.4179246 ],[1.12294606],,,
103,[-1.11702399 -5.02403789 -0.22883232],[-17.6214849],,,
104,[-1.78674503  0.48067896  0.51032974],[-18.92345423],,,
105,[ 1.08676029 -3.22964047  0.11886845],[16.99529263],,,
106,[0.65956495 2.18629427 0.26554001],[12.04893559],,,
107,[-3.11308363  3.86593868 -0.83744651],[-0.9005588],,,
108,[0.36594242 7.00158301 0.22635213],[7.55976547],,,
109,[-0.99522695  2.57730297 -0.02116627],[-16.10475731],,,
110,[-0.55405327 -8.16767164  0.00951996],[-10.84534641],,,
111,[-1.35198586 -5.3475923  -0.86899656],[-19.01462082],,,
112,[-0.90760142  1.62480046 -0.32497094],[-15.15128984],,,
113,[-2.09703384 -2.64555141  0.80062815],[-16.60917317],,,
114,[-2.76830635 -0.43690871  0.37788412],[-7.02340711],,,
115,[-1.49654545 -7.60542023 -0.19093911],[-19.33749818],,,
116,[-2.49228837  0.01736189  0.49584431],[-11.70283648],,,
117,[-0.13393465  1.4999244  -0.19781985],[-2.4519218],,,
118,[-1.81553082 -2.66126981  0.69676617],[-18.70346654],,,
119,[ 0.67440978 -8.75892703 -0.33764733],[11.41927593],,,
120,[-2.68654444  4.70540233 -0.34874438],[-8.91615283],,,
121,[ 0.28750952 -5.32396585 -0.26347561],[5.00326024],,,
122,[0.66954889 8.69064983 0.22208022],[12.6520683],,,
123,[ 2.85664542  0.79302515 -0.99087703],[5.37616252],,,
124,[ 1.20801098 -5.23463632 -0.04071203],[17.90610153],,,
125,[1.26240674 5.10746936 0.12782186],[18.57424697],,,
126,[ 2.40191337 -1.88894405  0.91411822],[13.17740053],,,
127,[-2.40999346  7.69701512  0.81805473],[-13.47450072],,,
128,[-1.19207441  5.78382691 -0.61540143],[-17.78230708],,,
129,[-1.14627715  1.52193711  0.74131492],[-17.57797018],,,
130,[-0.6396662  -4.05118124 -0.85222933],[-11.87029811],,,
131,[-2.58955925  2.5023296   0.10111903],[-10.35937133],,,
132,[2.51134489 2.10570673 0.4652243 ],[11.24097699],,,
133,[-1.87579253 -9.22123686 -0.28448874],[-18.18516326],,,
134,[-1.93161477  4.43016928  0.4742106 ],[-18.27391747],,,
135,[-2.83215437  9.29447633 -0.86234165],[-6.73046526],,,
136,[1.92474319 8.99836898 0.68393008],[17.83225055],,,
137,[ 2.45622361 -1.71968872  0.55378534],[12.37724921],,,
138,[ 1.40995644 -3.55899947 -0.82670989],[19.04844779],,,
139,[-2.94805469  5.84383269 -0.06938522],[-4.2870969],,,
140,[0.41721163 3.11941146 0.93611234],[8.11993436],,,
141,[-2.68401167 -9.15861279  0.44392062],[-7.73158615],,,
142,[-0.58745036  0.47936006 -0.26106424],[-10.70543999],,,
143,[ 1.33664638 -5.68235675  0.38806544],[18.6946007],,,
144,[-2.99688505 -7.18594067  0.2949411 ],[-2.11068557],,,
145,[-0.39411263  3.90499353  0.95183492],[-7.05549068],,,
146,[ 0.75876426 -2.42020363 -0.24110822],[13.16348024],,,
147,[-0.21953993 -5.92133128 -0.674978  ],[-4.78591733],,,
148,[ 0.58688137 -0.61401996 -0.48050799],[10.67175125],,,
149,[-0.27314894 -7.08630885 -0.59502666],[-5.91045034],,,
150,[ 2.70171375  5.42557145 -0.23652822],[7.75779508],,,
151,[-0.22680616  1.27120592  0.64768096],[-4.24926797],,,
152,[-0.88607787  2.96258509 -0.11165824],[-14.80802535],,,
153,[ 1.33589627 -0.57585374  0.26991133],[18.82116308],,,
154,[ 2.53819091  1.22975751 -0.82764401],[10.87561918],,,
155,[-3.13802124  8.00918401 -0.20715644],[-0.84645051],,,
156,[-0.6265508   5.50830046 -0.42275003],[-10.9104305],,,
157,[0.53250539 5.51558573 0.07456008],[10.29504622],,,
158,[ 1.60871998 -6.43987228 -0.42717216],[19.34617307],,,
159,[-2.73819723 -6.5205462   0.53170647],[-7.0267794],,,
160,[-0.56665332  2.39555747  0.98404225],[-10.18501703],,,
161,[-2.63171725  1.88690056 -0.70473295],[-9.59658092],,,
162,[ 1.54908618  2.27871338 -0.99715265],[19.34177506],,,
163,[-2.91245591  7.87020496  0.8552601 ],[-5.13274617],,,
164,[-1.91774948  2.62377758 -0.72929781],[-18.28489784],,,
165,[ 1.96835668 -0.62909679 -0.87723074],[17.87434197],,,
166,[ 2.88321508 -4.90760059 -0.67754899],[5.40239769],,,
167,[-0.26631905 -4.71004491 -0.72788923],[-5.52126607],,,
168,[-0.22668672 -0.41763048  0.96090683],[-4.37320572],,,
169,[ 2.69810076 -6.96580365 -0.88954667],[8.90130401],,,
170,[ 1.31518497  9.18650394 -0.4643942 ],[18.9357518],,,
171,[-2.19128951  1.28564015 -0.53432521],[-15.81096749],,,
172,[0.71449375 1.56853725 0.51321117],[12.8150562],,,
173,[ 1.74912661 -9.20727119 -0.60666009],[19.18847469],,,
174,[ 2.83010758 -4.51197331  0.00701421],[6.3390586],,,
175,[ 2.94661981 -5.95930336 -0.53256102],[4.3088876],,,
176,[-1.36717113 -4.94278762  0.06753401],[-19.02814345],,,
177,[-3.09967662  6.83542659  0.26603663],[-1.48580877],,,
178,[-1.72286909  3.89903588  0.67461384],[-19.17699286],,,
179,[-3.12067074 -7.48718131  0.54510582],[0.30191611],,,
180,[-2.76443037 -9.02526501  0.89906259],[-6.32328025],,,
181,[ 2.65052297 -8.07384988  0.35822428],[9.80959823],,,
182,[-1.61283845 -7.99475809  0.50485431],[-19.29258595],,,
183,[ 0.11628918 -2.75875938  0.63357742],[1.993468],,,
184,[ 2.2388807  -3.50069152 -0.71739737],[15.41449907],,,
185,[ 1.77242692 -7.96486828 -0.82963279],[19.10213725],,,
186,[-1.03946622  7.62093959 -0.77072326],[-16.31914212],,,
187,[ 1.19581509 -3.2992094   0.10420489],[17.91709232],,,
188,[-0.02704372 -1.83794571 -0.02356131],[-0.69373897],,,
189,[-0.97493747  5.59820297  0.79181848],[-15.70069618],,,
190,[ 1.14501252 -3.58558952 -0.30790863],[17.48745018],,,
191,[-0.05011448 -2.02226175 -0.857854  ],[-1.16458139],,,
192,[-1.46074863 -0.78645643  0.96557436],[-19.24322381],,,
193,[ 0.95520455  7.85777527 -0.9204657 ],[16.23415895],,,
194,[1.87573042 4.81039051 0.02588697],[18.32289632],,,
195,[1.31536755 5.08540032 0.84491057],[18.84969978],,,
196,[ 0.67546207  8.00568522 -0.44998358],[12.68160412],,,
197,[-1.51410068  8.68008166  0.53069492],[-19.26551478],,,
198,[ 1.79827356 -4.11433648  0.03541252],[18.94741196],,,
199,[-0.61039832 -3.58096139 -0.79571516],[-11.38892987],,,
200,[ 2.11337262 -2.20859286  0.88964458],[16.68823207],,,
201,[-2.58987501 -4.27742074 -0.90253236],[-9.78936806],,,
202,[1.20499335 3.73378502 0.01221671],[18.18821838],,,
203,[ 2.98268665 -3.13902374  0.59729464],[3.34913109],,,
204,[-2.44186594  2.68312566 -0.17902199],[-12.6646009],,,
205,[ 1.18716559 -5.92645982 -0.79909059],[17.74517016],,,
206,[ 0.29630678 -7.1279321   0.09996504],[4.99028955],,,
207,[-0.92939687 -6.32191954  0.29823086],[-15.85314475],,,
208,[ 1.00441653 -3.62307303 -0.19035493],[16.15123504],,,
209,[ 1.62705177  7.20603815 -0.02509006],[19.28456549],,,
210,[-2.03267164 -6.98873211  0.02731947],[-17.00578053],,,
211,[1.54536266 4.80552722 0.36534466],[19.36214231],,,
212,[-1.78007325  8.23078694  0.54216064],[-19.09688889],,,
213,[ 1.02356343  8.05554859 -0.31944677],[16.93410428],,,
214,[-2.66764178 -2.44029875 -0.02176029],[-8.63613379],,,
215,[0.25811707 4.86180803 0.8798659 ],[5.39584481],,,
216,[-2.77428294 -5.70712932  0.19394111],[-6.43680048],,,
217,[-2.02650947  8.98673381  0.18893055],[-17.75738458],,,
218,[-0.11229065  1.02156572  0.02144053],[-2.07394211],,,
219,[ 0.96009036  9.14477542 -0.60873139],[16.36837638],,,
220,[ 0.38090124 -4.35279977 -0.69001319],[6.81692313],,,
221,[-2.65984657 -2.2590874   0.42851212],[-8.77285618],,,
222,[-0.63414695  9.25564317 -0.21099906],[-10.742023],,,
223,[ 2.93438653  3.14252305 -0.32072222],[3.69937476],,,
224,[-2.138262    7.89143026 -0.9422379 ],[-16.69842453],,,
225,[ 1.89683003 -5.30041131 -0.57003228],[18.50811281],,,
226,[-0.85129009 -5.82221171 -0.93976041],[-14.94996194],,,
227,[-1.77232465  6.6403597   0.38619399],[-19.07693539],,,
228,[ 2.98409692  2.01448747 -0.2949796 ],[2.85145048],,,
229,[ 0.04942715  3.9204593  -0.95347821],[1.34205723],,,
230,[ 3.07054414  5.19546553 -0.67921834],[0.86276861],,,
231,[-1.20076639 -3.66270749 -0.16477619],[-18.16479602],,,
232,[ 2.35389891 -4.07426545 -0.98339639],[14.01571848],,,
233,[ 0.30365378 -2.67713996  0.32062771],[5.54384108],,,
234,[ 1.2770699  -2.69345718  0.31763865],[18.46108553],,,
235,[-0.4496994  -4.74426081 -0.86769157],[-8.83383214],,,
236,[ 2.43565177  4.05002539 -0.72867327],[12.26382055],,,
237,[-0.31292832  6.56424402 -0.63952176],[-5.34927492],,,
238,[-1.21058591  8.53037598  0.37292857],[-17.79528871],,,
239,[-1.96054466 -6.09428145 -0.40603331],[-17.66941452],,,
240,[-1.87719914  6.44639682 -0.24000998],[-18.63040316],,,
241,[2.39630813 0.62463503 0.4188497 ],[13.08792973],,,
242,[1.76511363 6.81676319 0.72158381],[18.84645165],,,
243,[-0.81427453 -4.11412778 -0.09790707],[-14.35091559],,,
244,[-0.37165298 -7.42673717 -0.57518335],[-7.70307556],,,
245,[-1.49175049  0.73426732  0.87350504],[-19.29192087],,,
246,[ 1.86586165  7.84232698 -0.41706134],[18.29028874],,,
247,[-0.72359152  7.05927298  0.31021235],[-12.29500483],,,
248,[-2.80892479  2.70085231  0.17447399],[-6.56464405],,,
249,[ 1.21027554  5.50609641 -0.80959849],[18.30311614],,,
