,x_train,y_train,x_test,y_pred,y_std
0,[27.74504128 -8.03808092 24.325     ],[27.67498758],[27.67498758 -7.44304148 24.46666667],[27.57515944],[0.02701217]
1,[27.61424732 -7.44041425 24.60833333],[27.55515116],[27.55515116 -7.47158093 24.75      ],[27.50069381],[0.01302358]
2,[27.49724484 -7.50274759 24.89166667],[27.44051052],[27.44051052 -7.53391426 25.03333333],[27.40571039],[0.01361134]
3,[27.38493062 -7.56508092 25.175     ],[27.3304879],[27.3304879  -7.5962476  25.31666667],[27.28557303],[0.01176515]
4,[27.27716537 -7.62741426 25.45833333],[27.22494637],[27.22494637 -7.65858092 25.6       ],[27.14287269],[0.01664057]
5,[27.17381447 -7.6457476  25.54166667],[27.12319584],[27.12319584 -7.63291426 25.48333333],[27.06473099],[0.01055622]
6,[27.07308184 -7.62008093 25.425     ],[27.02346398],[27.02346398 -7.60724759 25.36666667],[26.97775601],[0.00852572]
7,[26.97433394 -7.59441426 25.30833333],[26.92568351],[26.92568351 -7.58158092 25.25      ],[26.88522098],[0.00835748]
8,[26.87750466 -7.56874759 25.19166667],[26.82978948],[26.82978948 -7.55591425 25.13333333],[26.78980862],[0.00838861]
9,[26.78253021 -7.54308092 25.075     ],[26.73571922],[26.73571922 -7.5302476  25.01666667],[26.69364601],[0.00820091]
10,[26.689349   -7.51741426 24.95833333],[26.64341221],[26.64341221 -7.50458093 24.9       ],[26.59834599],[0.00786857]
11,[26.59790159 -7.49174759 24.84166667],[26.55281006],[26.55281006 -7.47891426 24.78333333],[26.50505298],[0.00753559]
12,[26.50813061 -7.46608092 24.725     ],[26.4638564],[26.4638564  -7.45324759 24.66666667],[26.41449121],[0.00729718]
13,[26.41998068 -7.44041425 24.60833333],[26.37649683],[26.37649683 -7.42758092 24.55      ],[26.32701386],[0.00719411]
14,[26.33339835 -7.4147476  24.49166667],[26.29067884],[26.29067884 -7.40191426 24.43333333],[26.24265185],[0.00723573]
15,[26.24833202 -7.38908093 24.375     ],[26.20635174],[26.20635174 -7.37624759 24.31666667],[26.1611612],[0.00740655]
16,[26.16473192 -7.36341426 24.25833333],[26.12346661],[26.12346661 -7.35058092 24.2       ],[26.08206835],[0.00765173]
17,[26.08254997 -7.33774759 24.14166667],[26.04197625],[26.04197625 -7.32491425 24.08333333],[26.00471275],[0.00786743]
18,[26.00173979 -7.31208092 24.025     ],[25.96183506],[25.96183506 -7.2992476  23.96666667],[25.9282864],[0.00792416]
19,[25.92225661 -7.28641426 23.90833333],[25.88299908],[25.88299908 -7.27358093 23.85      ],[25.85187005],[0.00774384]
20,[25.84405722 -7.26074759 23.79166667],[25.80542585],[25.80542585 -7.24791426 23.73333333],[25.77446609],[0.00748409]
21,[25.7670999  -7.23508092 23.675     ],[25.72907438],[25.72907438 -7.22224759 23.61666667],[25.69502789],[0.00789138]
22,[25.69134439 -7.20941425 23.55833333],[25.65390512],,,
23,[25.65390512 -7.19658092 23.5       ],[25.61675184],,,
24,[25.61675184 -7.1837476  23.44166667],[25.5798799],,,
