,x_train,y_train,x_test,y_pred,y_std
0,[27.74504128 -8.03808092 24.325     ],[27.67498758],[27.61424732 -7.44041425 24.60833333],[27.55044623],[0.01274896]
1,[27.67498758 -7.44304148 24.46666667],[27.61424732],[27.44051052 -7.53391426 25.03333333],[27.39592599],[0.01092754]
2,[27.55515116 -7.47158093 24.75      ],[27.49724484],[27.27716537 -7.62741426 25.45833333],[27.22026674],[0.00966521]
3,[27.49724484 -7.50274759 24.89166667],[27.44051052],[27.12319584 -7.63291426 25.48333333],[27.06877855],[0.00834501]
4,[27.38493062 -7.56508092 25.175     ],[27.3304879],[26.97433394 -7.59441426 25.30833333],[26.92834401],[0.00703557]
5,[27.3304879  -7.5962476  25.31666667],[27.27716537],[26.82978948 -7.55591425 25.13333333],[26.78658567],[0.00704685]
6,[27.22494637 -7.65858092 25.6       ],[27.17381447],[26.689349   -7.51741426 24.95833333],[26.6464037],[0.00666836]
7,[27.17381447 -7.6457476  25.54166667],[27.12319584],[26.55281006 -7.47891426 24.78333333],[26.50935957],[0.00617838]
8,[27.07308184 -7.62008093 25.425     ],[27.02346398],[26.41998068 -7.44041425 24.60833333],[26.37612908],[0.00588463]
9,[27.02346398 -7.60724759 25.36666667],[26.97433394],[26.29067884 -7.40191426 24.43333333],[26.2468542],[0.00580347]
10,[26.92568351 -7.58158092 25.25      ],[26.87750466],[26.16473192 -7.36341426 24.25833333],[26.12139829],[0.00580983]
11,[26.87750466 -7.56874759 25.19166667],[26.82978948],[26.04197625 -7.32491425 24.08333333],[25.99951633],[0.00580409]
12,[26.78253021 -7.54308092 25.075     ],[26.73571922],[25.92225661 -7.28641426 23.90833333],[25.88095506],[0.00574918]
13,[26.73571922 -7.5302476  25.01666667],[26.689349],[25.80542585 -7.24791426 23.73333333],[25.76549886],[0.00565169]
14,[26.64341221 -7.50458093 24.9       ],[26.59790159],[25.69134439 -7.20941425 23.55833333],[25.65297642],[0.00555585]
15,[26.59790159 -7.49174759 24.84166667],[26.55281006],[25.5798799  -7.17091426 23.38333333],[25.54324177],[0.00554041]
16,[26.50813061 -7.46608092 24.725     ],[26.4638564],[25.4709069  -7.13241426 23.20833333],[25.43614066],[0.0056788]
17,[26.4638564  -7.45324759 24.66666667],[26.41998068],[25.36430636 -7.09391425 23.03333333],[25.33147109],[0.00595433]
18,[26.37649683 -7.42758092 24.55      ],[26.33339835],[25.25996544 -7.05541426 22.85833333],[25.22894458],[0.00621535]
19,[26.33339835 -7.4147476  24.49166667],[26.29067884],[25.1577771  -7.01691426 22.68333333],[25.12815257],[0.00625509]
20,[26.24833202 -7.38908093 24.375     ],[26.20635174],[25.05763983 -6.97841425 22.50833333],[25.02854086],[0.00608597]
21,[26.20635174 -7.37624759 24.31666667],[26.16473192],[24.95945737 -6.93991426 22.33333333],[24.92939338],[0.00661424]
22,[26.12346661 -7.35058092 24.2       ],[26.08254997],[24.88299164 -6.90141426 22.15833333],[24.847406],[0.00953656]
23,[26.08254997 -7.33774759 24.14166667],[26.04197625],[24.82499555 -6.98024759 22.51666667],[24.81542081],[0.00823944]
24,[26.00173979 -7.31208092 24.025     ],[25.96183506],[24.79173064 -7.1177476  23.14166667],[24.79682913],[0.00907863]
25,[25.96183506 -7.2992476  23.96666667],[25.92225661],[24.78294495 -7.25258639 23.76666667],[24.78803442],[0.00824254]
26,[25.88299908 -7.27358093 23.85      ],[25.84405722],[24.79787845 -7.37496804 24.39166667],[24.80234285],[0.0079328]
27,[25.84405722 -7.26074759 23.79166667],[25.80542585],[24.83650461 -7.51291068 25.        ],[24.84836787],[0.00825539]
28,[25.7670999  -7.23508092 23.675     ],[25.72907438],[24.89205445 -7.65846073 25.6       ],[24.91470503],[0.008394]
29,[25.72907438 -7.22224759 23.61666667],[25.69134439],[24.96330616 -7.79058092 26.2       ],[24.99277608],[0.00916716]
30,[25.65390512 -7.19658092 23.5       ],[25.61675184],[25.04553991 -7.92258092 26.8       ],[25.06405616],[0.01904278]
31,[25.61675184 -7.1837476  23.44166667],[25.5798799],[25.0664432  -9.91466941 27.4       ],[25.08610471],[0.01834888]
32,[25.54328474 -7.15808093 23.325     ],[25.50696188],[ 25.09789443 -11.17626703  28.        ],[25.10499883],[0.00890665]
33,[25.50696188 -7.14524759 23.26666667],[25.4709069],[ 25.1130415 -11.993594   28.6      ],[25.11320489],[0.00827072]
34,[25.43511547 -7.11958092 23.15      ],[25.39958335],[ 25.12134532 -12.66043644  29.2       ],[25.1233916],[0.00823413]
35,[25.39958335 -7.10674759 23.09166667],[25.36430636],[ 25.12630303 -13.12802108  29.55      ],[25.13132496],[0.00702779]
36,[25.32928039 -7.08108092 22.975     ],[25.2945014],[ 25.12830848 -13.42966741  29.775     ],[25.13130312],[0.00619951]
37,[25.2945014  -7.0682476  22.91666667],[25.25996544],[ 25.1300245 -13.7194999  30.       ],[25.12718645],[0.00708653]
38,[25.22566861 -7.04258093 22.8       ],[25.19160708],[ 25.12893009 -13.89052337  30.225     ],[25.12419752],[0.00663197]
39,[25.19160708 -7.02974759 22.74166667],[25.1577771],[ 25.12697507 -14.02071625  30.46666667],[25.12319508],[0.00584669]
40,[25.12417497 -7.00408092 22.625     ],[25.09079707],[ 25.12500765 -14.14220022  30.71666667],[25.12226741],[0.00587995]
41,[25.09079707 -6.99124759 22.56666667],[25.05763983],[ 25.1231387  -14.21778899  30.96666667],[25.12412975],[0.00603009]
42,[25.02469975 -6.96558092 22.45      ],[24.99197339],[ 25.12180755 -14.28543194  31.21666667],[25.12547907],[0.00618178]
43,[24.99197339 -6.9527476  22.39166667],[24.95945737],[ 25.12048624 -14.34487669  31.45      ],[25.12467982],[0.00609695]
44,[24.93218299 -6.92708093 22.275     ],[24.90682508],[ 25.11890308 -14.38674977  31.675     ],[25.12214431],[0.00608139]
45,[24.90682508 -6.91424759 22.21666667],[24.88299164],[ 25.11701611 -14.41252526  31.9       ],[25.11726882],[0.0066964]
46,[24.86129006 -6.88858092 22.1       ],[24.84171479],[ 25.11440365 -14.40009635  32.125     ],[25.10950249],[0.0087621]
47,[24.84171479 -6.93441426 22.30833333],[24.82499555],,,
48,[24.81110749 -7.02608093 22.725     ],[24.8000267],,,
49,[24.8000267  -7.07191426 22.93333333],[24.79173064],,,
50,[24.78619808 -7.16358092 23.35      ],[24.78340897],,,
51,[24.78340897 -7.20941425 23.55833333],[24.78294495],,,
52,[24.78476257 -7.29104609 23.975     ],[24.78885928],,,
53,[24.78885928 -7.33133621 24.18333333],[24.79787845],,,
54,[24.80877774 -7.42044299 24.6       ],[24.82167946],,,
55,[24.82167946 -7.46585164 24.8       ],[24.83650461],,,
56,[24.85320416 -7.56153726 25.2       ],[24.87173408],,,
57,[24.87173408 -7.61165548 25.4       ],[24.89205445],,,
58,[24.91418901 -7.70258093 25.8       ],[24.93815472],,,
59,[24.93815472 -7.74658092 26.        ],[24.96330616],,,
60,[24.98960811 -7.83458093 26.4       ],[25.0170289],,,
61,[25.0170289  -7.87858092 26.6       ],[25.04553991],,,
62,[ 25.0751151  -11.28169763  27.        ],[25.06807397],,,
63,[ 25.06807397 -10.98615786  27.2       ],[25.0664432],,,
64,[ 25.08020665 -10.40289354  27.6       ],[25.09049723],,,
65,[ 25.09049723 -10.85009054  27.8       ],[25.09789443],,,
66,[ 25.10390774 -11.46656382  28.2       ],[25.10900966],,,
67,[ 25.10900966 -11.74299252  28.4       ],[25.1130415],,,
68,[ 25.11631402 -12.22663226  28.8       ],[25.11903548],,,
69,[ 25.11903548 -12.44777405  29.        ],[25.12134532],,,
70,[ 25.12334143 -12.86693122  29.4       ],[25.12509352],,,
71,[ 25.12509352 -13.00732763  29.475     ],[25.12630303],,,
72,[ 25.12716719 -13.2358165   29.625     ],[25.12781057],,,
73,[ 25.12781057 -13.33545512  29.7       ],[25.12830848],,,
74,[ 25.1287082 -13.5177327  29.85     ],[25.12972473],,,
75,[ 25.12972473 -13.63241744  29.925     ],[25.1300245],,,
76,[ 25.12987695 -13.78691108  30.075     ],[25.1294743],,,
77,[ 25.1294743  -13.84240247  30.15      ],[25.12893009],,,
78,[ 25.12830617 -13.93379874  30.3       ],[25.12763945],,,
79,[ 25.12763945 -13.97790535  30.38333333],[25.12697507],,,
80,[ 25.12631453 -14.06233978  30.55      ],[25.12565856],,,
81,[ 25.12565856 -14.10281747  30.63333333],[25.12500765],,,
82,[ 25.12436185 -14.18052938  30.8       ],[25.12372093],,,
83,[ 25.12372093 -14.20104235  30.88333333],[25.1231387],,,
84,[ 25.12265684 -14.23861126  31.05      ],[25.1222243],,,
85,[ 25.1222243  -14.26167577  31.13333333],[25.12180755],,,
86,[ 25.12138837 -14.30900942  31.3       ],[25.12095723],,,
87,[ 25.12095723 -14.32790855  31.375     ],[25.12048624],,,
88,[ 25.11998334 -14.36018447  31.525     ],[25.11945432],,,
89,[ 25.11945432 -14.37408605  31.6       ],[25.11890308],,,
90,[ 25.11833254 -14.3982992   31.75      ],[25.11774522],,,
91,[ 25.11774522 -14.40883933  31.825     ],[25.11701611],,,
92,[ 25.11619566 -14.41131185  31.975     ],[25.11531781],,,
93,[ 25.11531781 -14.40682579  32.05      ],[25.11440365],,,
94,[ 25.11346747 -14.39182672  32.2       ],[25.11252044],,,
95,[ 25.11252044 -14.36318621  32.23333333],[25.11145662],,,
