,x_train,y_train,x_test,y_pred,y_std
0,[27.74504128 -8.03808092 24.325     ],[27.67498758],[27.44051052 -7.53391426 25.03333333],[27.39996369],[0.01001297]
1,[27.67498758 -7.44304148 24.46666667],[27.61424732],[27.12319584 -7.63291426 25.48333333],[27.0680959],[0.00743359]
2,[27.61424732 -7.44041425 24.60833333],[27.55515116],[26.82978948 -7.55591425 25.13333333],[26.78562192],[0.00630124]
3,[27.55515116 -7.47158093 24.75      ],[27.49724484],[26.55281006 -7.47891426 24.78333333],[26.50848168],[0.00546676]
4,[27.49724484 -7.50274759 24.89166667],[27.44051052],[26.29067884 -7.40191426 24.43333333],[26.24709878],[0.0051654]
5,[27.38493062 -7.56508092 25.175     ],[27.3304879],[26.04197625 -7.32491425 24.08333333],[26.00096574],[0.00515065]
6,[27.3304879  -7.5962476  25.31666667],[27.27716537],[25.80542585 -7.24791426 23.73333333],[25.76701106],[0.00490697]
7,[27.27716537 -7.62741426 25.45833333],[27.22494637],[25.5798799  -7.17091426 23.38333333],[25.54324207],[0.00487731]
8,[27.22494637 -7.65858092 25.6       ],[27.17381447],[25.36430636 -7.09391425 23.03333333],[25.32929016],[0.00524393]
9,[27.17381447 -7.6457476  25.54166667],[27.12319584],[25.1577771  -7.01691426 22.68333333],[25.12540262],[0.0052569]
10,[27.07308184 -7.62008093 25.425     ],[27.02346398],[24.95945737 -6.93991426 22.33333333],[24.93100671],[0.005762]
11,[27.02346398 -7.60724759 25.36666667],[26.97433394],[24.82499555 -6.98024759 22.51666667],[24.81244259],[0.00671666]
12,[26.97433394 -7.59441426 25.30833333],[26.92568351],[24.78294495 -7.25258639 23.76666667],[24.78876323],[0.0067843]
13,[26.92568351 -7.58158092 25.25      ],[26.87750466],[24.83650461 -7.51291068 25.        ],[24.85008953],[0.00586777]
14,[26.87750466 -7.56874759 25.19166667],[26.82978948],[24.96330616 -7.79058092 26.2       ],[24.98923135],[0.0071437]
15,[26.78253021 -7.54308092 25.075     ],[26.73571922],[25.0664432  -9.91466941 27.4       ],[25.09558498],[0.01607376]
16,[26.73571922 -7.5302476  25.01666667],[26.689349],[ 25.1130415 -11.993594   28.6      ],[25.11347528],[0.00711039]
17,[26.689349   -7.51741426 24.95833333],[26.64341221],[ 25.12630303 -13.12802108  29.55      ],[25.12700116],[0.00577844]
18,[26.64341221 -7.50458093 24.9       ],[26.59790159],[ 25.1300245 -13.7194999  30.       ],[25.13192215],[0.00557921]
19,[26.59790159 -7.49174759 24.84166667],[26.55281006],[ 25.12697507 -14.02071625  30.46666667],[25.12696235],[0.00493713]
20,[26.50813061 -7.46608092 24.725     ],[26.4638564],[ 25.1231387  -14.21778899  30.96666667],[25.12190939],[0.00470725]
21,[26.4638564  -7.45324759 24.66666667],[26.41998068],[ 25.12048624 -14.34487669  31.45      ],[25.11904845],[0.00444033]
22,[26.41998068 -7.44041425 24.60833333],[26.37649683],[ 25.11701611 -14.41252526  31.9       ],[25.11510982],[0.00451452]
23,[26.37649683 -7.42758092 24.55      ],[26.33339835],[ 25.11145662 -14.32879486  32.26666667],[25.11062245],[0.00407522]
24,[26.33339835 -7.4147476  24.49166667],[26.29067884],[ 25.10510572 -14.11559312  32.46666667],[25.10694075],[0.00432912]
25,[26.24833202 -7.38908093 24.375     ],[26.20635174],[ 25.1022585  -14.05506652  32.65      ],[25.10371925],[0.00387945]
26,[26.20635174 -7.37624759 24.31666667],[26.16473192],[ 25.10064018 -14.03616887  32.8       ],[25.1008149],[0.00353685]
27,[26.16473192 -7.36341426 24.25833333],[26.12346661],[ 25.09859837 -14.00109636  32.96666667],[25.09679352],[0.00392331]
28,[26.12346661 -7.35058092 24.2       ],[26.08254997],[ 25.09577252 -13.94108297  33.16666667],[25.09063578],[0.00563442]
29,[26.08254997 -7.33774759 24.14166667],[26.04197625],[ 25.08645546 -13.51083871  33.23333333],[25.08513771],[0.00533795]
30,[26.00173979 -7.31208092 24.025     ],[25.96183506],[ 25.07335091 -12.79370831  33.03333333],[25.07499532],[0.00550179]
31,[25.96183506 -7.2992476  23.96666667],[25.92225661],[ 25.05998092 -12.08860014  32.85      ],[25.05820112],[0.00530235]
32,[25.92225661 -7.28641426 23.90833333],[25.88299908],[ 25.0457404  -11.37436682  32.7       ],[25.04180937],[0.00494822]
33,[25.88299908 -7.27358093 23.85      ],[25.84405722],[ 25.03090611 -10.69956173  32.53333333],[25.02748974],[0.00532284]
34,[25.84405722 -7.26074759 23.79166667],[25.80542585],[ 25.01918086 -10.09306254  32.33333333],[25.01711173],[0.00560693]
35,[25.7670999  -7.23508092 23.675     ],[25.72907438],[25.00170733 -9.03724759 31.86666667],[24.99466427],[0.00899727]
36,[25.72907438 -7.22224759 23.61666667],[25.69134439],[24.95791991 -8.8172476  30.86666667],[24.94887291],[0.00634968]
37,[25.69134439 -7.20941425 23.55833333],[25.65390512],[24.88168878 -8.59358093 29.85      ],[24.86725435],[0.00593484]
38,[25.65390512 -7.19658092 23.5       ],[25.61675184],[24.78490719 -8.36258093 28.8       ],[24.76658193],[0.00564485]
39,[25.61675184 -7.1837476  23.44166667],[25.5798799],[24.67613702 -8.13524759 27.76666667],[24.65612975],[0.0055625]
40,[25.54328474 -7.15808093 23.325     ],[25.50696188],[24.55946125 -7.91524759 26.76666667],[24.54000508],[0.00500496]
41,[25.50696188 -7.14524759 23.26666667],[25.4709069],[24.43583534 -7.74291426 25.98333333],[24.41713325],[0.00505387]
42,[25.4709069  -7.13241426 23.20833333],[25.43511547],[24.31298058 -7.66591426 25.63333333],[24.29074565],[0.00440942]
43,[25.43511547 -7.11958092 23.15      ],[25.39958335],[24.19353076 -7.58524759 25.26666667],[24.17178029],[0.00480213]
44,[25.39958335 -7.10674759 23.09166667],[25.36430636],[24.07652434 -7.4972476  24.86666667],[24.05834456],[0.00496455]
45,[25.32928039 -7.08108092 22.975     ],[25.2945014],[23.96145304 -7.41291426 24.48333333],[23.94528548],[0.00495896]
46,[25.2945014  -7.0682476  22.91666667],[25.25996544],[23.84862106 -7.33591426 24.13333333],[23.82849161],[0.00733101]
47,[25.25996544 -7.05541426 22.85833333],[25.22566861],,,
48,[25.22566861 -7.04258093 22.8       ],[25.19160708],,,
49,[25.19160708 -7.02974759 22.74166667],[25.1577771],,,
50,[25.12417497 -7.00408092 22.625     ],[25.09079707],,,
51,[25.09079707 -6.99124759 22.56666667],[25.05763983],,,
52,[25.05763983 -6.97841425 22.50833333],[25.02469975],,,
53,[25.02469975 -6.96558092 22.45      ],[24.99197339],,,
54,[24.99197339 -6.9527476  22.39166667],[24.95945737],,,
55,[24.93218299 -6.92708093 22.275     ],[24.90682508],,,
56,[24.90682508 -6.91424759 22.21666667],[24.88299164],,,
57,[24.88299164 -6.90141426 22.15833333],[24.86129006],,,
58,[24.86129006 -6.88858092 22.1       ],[24.84171479],,,
59,[24.84171479 -6.93441426 22.30833333],[24.82499555],,,
60,[24.81110749 -7.02608093 22.725     ],[24.8000267],,,
61,[24.8000267  -7.07191426 22.93333333],[24.79173064],,,
62,[24.79173064 -7.1177476  23.14166667],[24.78619808],,,
63,[24.78619808 -7.16358092 23.35      ],[24.78340897],,,
64,[24.78340897 -7.20941425 23.55833333],[24.78294495],,,
65,[24.78476257 -7.29104609 23.975     ],[24.78885928],,,
66,[24.78885928 -7.33133621 24.18333333],[24.79787845],,,
67,[24.79787845 -7.37496804 24.39166667],[24.80877774],,,
68,[24.80877774 -7.42044299 24.6       ],[24.82167946],,,
69,[24.82167946 -7.46585164 24.8       ],[24.83650461],,,
70,[24.85320416 -7.56153726 25.2       ],[24.87173408],,,
71,[24.87173408 -7.61165548 25.4       ],[24.89205445],,,
72,[24.89205445 -7.65846073 25.6       ],[24.91418901],,,
73,[24.91418901 -7.70258093 25.8       ],[24.93815472],,,
74,[24.93815472 -7.74658092 26.        ],[24.96330616],,,
75,[24.98960811 -7.83458093 26.4       ],[25.0170289],,,
76,[25.0170289  -7.87858092 26.6       ],[25.04553991],,,
77,[25.04553991 -7.92258092 26.8       ],[25.0751151],,,
78,[ 25.0751151  -11.28169763  27.        ],[25.06807397],,,
79,[ 25.06807397 -10.98615786  27.2       ],[25.0664432],,,
80,[ 25.08020665 -10.40289354  27.6       ],[25.09049723],,,
81,[ 25.09049723 -10.85009054  27.8       ],[25.09789443],,,
82,[ 25.09789443 -11.17626703  28.        ],[25.10390774],,,
83,[ 25.10390774 -11.46656382  28.2       ],[25.10900966],,,
84,[ 25.10900966 -11.74299252  28.4       ],[25.1130415],,,
85,[ 25.11631402 -12.22663226  28.8       ],[25.11903548],,,
86,[ 25.11903548 -12.44777405  29.        ],[25.12134532],,,
87,[ 25.12134532 -12.66043644  29.2       ],[25.12334143],,,
88,[ 25.12334143 -12.86693122  29.4       ],[25.12509352],,,
89,[ 25.12509352 -13.00732763  29.475     ],[25.12630303],,,
90,[ 25.12716719 -13.2358165   29.625     ],[25.12781057],,,
91,[ 25.12781057 -13.33545512  29.7       ],[25.12830848],,,
92,[ 25.12830848 -13.42966741  29.775     ],[25.1287082],,,
93,[ 25.1287082 -13.5177327  29.85     ],[25.12972473],,,
94,[ 25.12972473 -13.63241744  29.925     ],[25.1300245],,,
95,[ 25.12987695 -13.78691108  30.075     ],[25.1294743],,,
96,[ 25.1294743  -13.84240247  30.15      ],[25.12893009],,,
97,[ 25.12893009 -13.89052337  30.225     ],[25.12830617],,,
98,[ 25.12830617 -13.93379874  30.3       ],[25.12763945],,,
99,[ 25.12763945 -13.97790535  30.38333333],[25.12697507],,,
100,[ 25.12631453 -14.06233978  30.55      ],[25.12565856],,,
101,[ 25.12565856 -14.10281747  30.63333333],[25.12500765],,,
102,[ 25.12500765 -14.14220022  30.71666667],[25.12436185],,,
103,[ 25.12436185 -14.18052938  30.8       ],[25.12372093],,,
104,[ 25.12372093 -14.20104235  30.88333333],[25.1231387],,,
105,[ 25.12265684 -14.23861126  31.05      ],[25.1222243],,,
106,[ 25.1222243  -14.26167577  31.13333333],[25.12180755],,,
107,[ 25.12180755 -14.28543194  31.21666667],[25.12138837],,,
108,[ 25.12138837 -14.30900942  31.3       ],[25.12095723],,,
109,[ 25.12095723 -14.32790855  31.375     ],[25.12048624],,,
110,[ 25.11998334 -14.36018447  31.525     ],[25.11945432],,,
111,[ 25.11945432 -14.37408605  31.6       ],[25.11890308],,,
112,[ 25.11890308 -14.38674977  31.675     ],[25.11833254],,,
113,[ 25.11833254 -14.3982992   31.75      ],[25.11774522],,,
114,[ 25.11774522 -14.40883933  31.825     ],[25.11701611],,,
115,[ 25.11619566 -14.41131185  31.975     ],[25.11531781],,,
116,[ 25.11531781 -14.40682579  32.05      ],[25.11440365],,,
117,[ 25.11440365 -14.40009635  32.125     ],[25.11346747],,,
118,[ 25.11346747 -14.39182672  32.2       ],[25.11252044],,,
119,[ 25.11252044 -14.36318621  32.23333333],[25.11145662],,,
120,[ 25.11033585 -14.29118808  32.3       ],[25.10920086],,,
121,[ 25.10920086 -14.25248266  32.33333333],[25.10808221],,,
122,[ 25.10808221 -14.21419594  32.36666667],[25.10700427],,,
123,[ 25.10700427 -14.17753022  32.4       ],[25.10598746],,,
124,[ 25.10598746 -14.1434911   32.43333333],[25.10510572],,,
125,[ 25.10437342 -14.09462879  32.5       ],[25.10377594],,,
126,[ 25.10377594 -14.07997933  32.53333333],[25.10328889],,,
127,[ 25.10328889 -14.07052877  32.56666667],[25.10289049],,,
128,[ 25.10289049 -14.06525326  32.6       ],[25.10256079],,,
129,[ 25.10256079 -14.05951555  32.625     ],[25.1022585],,,
130,[ 25.10197757 -14.0515529   32.675     ],[25.10171082],,,
131,[ 25.10171082 -14.04864479  32.7       ],[25.10145077],,,
132,[ 25.10145077 -14.04599114  32.725     ],[25.1011906],,,
133,[ 25.1011906  -14.04326819  32.75      ],[25.10092453],,,
134,[ 25.10092453 -14.0401993   32.775     ],[25.10064018],,,
135,[ 25.10033887 -14.03121559  32.825     ],[25.10002093],,,
136,[ 25.10002093 -14.02536538  32.85      ],[25.09968608],,,
137,[ 25.09968608 -14.01861128  32.875     ],[25.0993338],,,
138,[ 25.0993338 -14.0109348  32.9      ],[25.09896361],,,
139,[ 25.09896361 -14.00594639  32.93333333],[25.09859837],,,
140,[ 25.0982282  -13.99597512  33.        ],[25.09784695],,,
141,[ 25.09784695 -13.9902714   33.03333333],[25.0974513],,,
142,[ 25.0974513  -13.98381566  33.06666667],[25.09703958],,,
143,[ 25.09703958 -13.97652176  33.1       ],[25.09661106],,,
144,[ 25.09661106 -13.96835226  33.13333333],[25.09577252],,,
145,[ 25.09464917 -13.89966757  33.2       ],[25.09332218],,,
146,[ 25.09332218 -13.84815308  33.23333333],[25.09183734],,,
147,[ 25.09183734 -13.78883478  33.26666667],[25.09022035],,,
148,[ 25.09022035 -13.7229901   33.3       ],[25.08848564],,,
149,[ 25.08848564 -13.62380143  33.26666667],[25.08645546],,,
150,[ 25.08421025 -13.38760921  33.2       ],[25.08180063],,,
151,[ 25.08180063 -13.25676911  33.16666667],[25.07925488],,,
152,[ 25.07925488 -13.11983172  33.13333333],[25.07761774],,,
153,[ 25.07761774 -13.02509401  33.1       ],[25.07548859],,,
154,[ 25.07548859 -12.90999691  33.06666667],[25.07335091],,,
155,[ 25.07120162 -12.67720825  33.        ],[25.0690302],,,
156,[ 25.0690302  -12.56006159  32.96666667],[25.06683024],,,
157,[ 25.06683024 -12.443069    32.93333333],[25.06458295],,,
158,[ 25.06458295 -12.32420892  32.9       ],[25.06229154],,,
159,[ 25.06229154 -12.20664322  32.875     ],[25.05998092],,,
160,[ 25.05764173 -11.96978201  32.825     ],[25.05526724],,,
161,[ 25.05526724 -11.84991331  32.8       ],[25.05285326],,,
162,[ 25.05285326 -11.72882396  32.775     ],[25.05039723],,,
163,[ 25.05039723 -11.60641462  32.75      ],[25.0478977],,,
164,[ 25.0478977  -11.48263162  32.725     ],[25.0457404],,,
165,[ 25.04265236 -11.26842898  32.675     ],[25.03958978],,,
166,[ 25.03958978 -11.14360952  32.65      ],[25.03680644],,,
167,[ 25.03680644 -11.00499473  32.625     ],[25.03454889],,,
168,[ 25.03454889 -10.890128    32.6       ],[25.03263473],,,
169,[ 25.03263473 -10.79035939  32.56666667],[25.03090611],,,
170,[ 25.02930719 -10.61490623  32.5       ],[25.02780628],,,
171,[ 25.02780628 -10.53491345  32.46666667],[25.026384],,,
172,[ 25.026384   -10.45864096  32.43333333],[25.02380271],,,
173,[ 25.02380271 -10.3279072   32.4       ],[25.02176252],,,
174,[ 25.02176252 -10.22263025  32.36666667],[25.01918086],,,
175,[25.01629894 -9.94936559 32.3       ],[25.01326291],,,
176,[25.01326291 -9.79885765 32.26666667],[25.01015478],,,
177,[25.01015478 -9.6448792  32.23333333],[25.00703044],,,
178,[25.00703044 -9.49072248 32.2       ],[25.00391482],,,
179,[25.00391482 -9.09055177 32.03333333],[25.00170733],,,
180,[24.99815263 -9.00058092 31.7       ],[24.99314369],,,
181,[24.99314369 -8.96391426 31.53333333],[24.9864854],,,
182,[24.9864854  -8.92724759 31.36666667],[24.97848851],,,
183,[24.97848851 -8.89058093 31.2       ],[24.96851724],,,
184,[24.96851724 -8.85391426 31.03333333],[24.95791991],,,
185,[24.94670606 -8.78058092 30.7       ],[24.93488507],,,
186,[24.93488507 -8.74391425 30.53333333],[24.92246616],,,
187,[24.92246616 -8.70724759 30.36666667],[24.90945842],,,
188,[24.90945842 -8.67058092 30.2       ],[24.89587077],,,
189,[24.89587077 -8.63208092 30.025     ],[24.88168878],,,
190,[24.8669214  -8.55508092 29.675     ],[24.85157753],,,
191,[24.85157753 -8.51658092 29.5       ],[24.83566606],,,
192,[24.83566606 -8.47808093 29.325     ],[24.81919614],,,
193,[24.81919614 -8.43958092 29.15      ],[24.80217801],,,
194,[24.80217801 -8.40108092 28.975     ],[24.78490719],,,
195,[24.76738617 -8.32408092 28.625     ],[24.74961745],,,
196,[24.74961745 -8.28558092 28.45      ],[24.73160345],,,
197,[24.73160345 -8.24708093 28.275     ],[24.7133466],,,
198,[24.7133466  -8.20858092 28.1       ],[24.69484926],,,
199,[24.69484926 -8.17191426 27.93333333],[24.67613702],,,
200,[24.65721188 -8.09858093 27.6       ],[24.63807583],,,
201,[24.63807583 -8.06191426 27.43333333],[24.61873082],,,
202,[24.61873082 -8.0252476  27.26666667],[24.59917879],,,
203,[24.59917879 -7.98858092 27.1       ],[24.57942164],,,
204,[24.57942164 -7.95191425 26.93333333],[24.55946125],,,
205,[24.53929948 -7.87858092 26.6       ],[24.51893816],,,
206,[24.51893816 -7.84191426 26.43333333],[24.49837911],,,
207,[24.49837911 -7.80524759 26.26666667],[24.47762409],,,
208,[24.47762409 -7.76858093 26.1       ],[24.45667489],,,
209,[24.45667489 -7.75574759 26.04166667],[24.43583534],,,
210,[24.41510323 -7.73008092 25.925     ],[24.39447644],,,
211,[24.39447644 -7.71724759 25.86666667],[24.37395283],,,
212,[24.37395283 -7.70441425 25.80833333],[24.35353033],,,
213,[24.35353033 -7.69158092 25.75      ],[24.33320692],,,
214,[24.33320692 -7.6787476  25.69166667],[24.31298058],,,
215,[24.29284937 -7.65308093 25.575     ],[24.27281135],,,
216,[24.27281135 -7.64024759 25.51666667],[24.25286464],,,
217,[24.25286464 -7.62741426 25.45833333],[24.23300738],,,
218,[24.23300738 -7.61458092 25.4       ],[24.21323776],,,
219,[24.21323776 -7.59991426 25.33333333],[24.19353076],,,
220,[24.17388492 -7.57058093 25.2       ],[24.15429882],,,
221,[24.15429882 -7.55591425 25.13333333],[24.13477106],,,
222,[24.13477106 -7.54124759 25.06666667],[24.11530029],,,
223,[24.11530029 -7.52658092 25.        ],[24.09588515],,,
224,[24.09588515 -7.51191426 24.93333333],[24.07652434],,,
225,[24.05721656 -7.48258092 24.8       ],[24.03796055],,,
226,[24.03796055 -7.46791426 24.73333333],[24.01875508],,,
227,[24.01875508 -7.45324759 24.66666667],[23.99959892],,,
228,[23.99959892 -7.43858093 24.6       ],[23.98049088],,,
229,[23.98049088 -7.42574759 24.54166667],[23.96145304],,,
230,[23.94248396 -7.40008092 24.425     ],[23.9235822],,,
231,[23.9235822  -7.38724759 24.36666667],[23.90474638],,,
232,[23.90474638 -7.37441425 24.30833333],[23.88597515],,,
233,[23.88597515 -7.36158092 24.25      ],[23.86726714],,,
234,[23.86726714 -7.3487476  24.19166667],[23.84862106],,,
235,[23.83003562 -7.31578285 24.075     ],[23.81160245],,,
236,[23.81160245 -7.28927153 24.01666667],[23.79340029],,,
237,[23.79340029 -7.25701684 23.95833333],[23.77549868],,,
238,[23.77549868 -7.2091455  23.9       ],[23.75809196],,,
239,[23.75809196 -7.16242639 23.84166667],[23.74115839],,,
