,x_train,y_train,x_test,y_pred,y_std
0,[23.61951223  0.22       15.00932115 25.          0.          0.58832555],[-0.01079057],[17.    0.2  10.   20.6   0.    0.17],[0.0850947],[13.68578828]
1,[25.09932862  0.43640718 11.89466286 35.          2.70257746  1.39082849],[-0.00078953],[17.06060606  0.22020202 10.06060606 20.75656566  0.06969697  0.21919192],[0.08207278],[13.41166352]
2,[24.26190528  0.22       13.         27.8         0.          0.44275685],[-0.01320037],[17.12121212  0.24040404 10.12121212 20.91313131  0.13939394  0.26838384],[0.07905437],[13.14638732]
3,[23.40081581  0.22       14.79893049 24.06666667  2.7742589   0.40467613],[0.03227226],[17.18181818  0.26060606 10.18181818 21.06969697  0.20909091  0.31757576],[0.07604468],[12.88974007]
4,[25.08900405  0.41402115 11.9552086  36.03333333  2.17793771  0.48227304],[-0.00195147],[17.24242424  0.28080808 10.24242424 21.22626263  0.27878788  0.36676768],[0.07304889],[12.64147538]
5,[24.56392546  0.22       13.         23.9         0.6067098   0.5553688 ],[-0.01481014],[17.3030303   0.3010101  10.3030303  21.38282828  0.34848485  0.4159596 ],[0.07007207],[12.40132362]
6,[25.12630303  0.49496827 12.90125699 29.55        4.03596906  0.40191559],[0.00086416],[17.36363636  0.32121212 10.36363636 21.53939394  0.41818182  0.46515152],[0.06711925],[12.16899592]
7,[24.88885758  0.22       13.         31.775       0.          0.86176709],[-0.0104837],[17.42424242  0.34141414 10.42424242 21.6959596   0.48787879  0.51434343],[0.06419531],[11.94418836]
8,[24.37197413  0.22       14.92298249 27.13333333  3.95086901  0.40312535],[0.04613602],[17.48484848  0.36161616 10.48484848 21.85252525  0.55757576  0.56353535],[0.06130506],[11.72658634]
9,[25.0503831   0.32994471 12.39253954 33.04166667  1.68488577  1.41405845],[-0.00200218],[17.54545455  0.38181818 10.54545455 22.00909091  0.62727273  0.61272727],[0.05845314],[11.51586926]
10,[23.42003213  0.22       13.         23.2         0.          0.57285563],[-0.0178794],[17.60606061  0.4020202  10.60606061 22.16565657  0.6969697   0.66191919],[0.05564408],[11.31171509]
11,[25.0457404   0.31983617 12.41580804 32.7         1.56220407  0.39790418],[-0.00308804],[17.66666667  0.42222222 10.66666667 22.32222222  0.76666667  0.71111111],[0.05288224],[11.11380506]
12,[24.82195445  0.22       13.         31.35        0.          0.75592409],[-0.01049246],[17.72727273  0.44242424 10.72727273 22.47878788  0.83636364  0.76030303],[0.05017181],[10.92182829]
13,[24.53392051  0.22       13.         29.6         0.          0.63878561],[-0.01151987],[17.78787879  0.46262626 10.78787879 22.63535354  0.90606061  0.80949495],[0.0475168],[10.73548624]
14,[24.16825256  0.22       13.         25.6         0.          0.76066127],[-0.02257338],[17.84848485  0.48282828 10.84848485 22.79191919  0.97575758  0.85868687],[0.04492103],[10.55449699]
15,[25.10472916  0.22       13.         21.6         0.          0.57285563],[-0.03691664],[17.90909091  0.5030303  10.90909091 22.94848485  1.04545455  0.90787879],[0.04238811],[10.37859927]
16,[25.01787414  0.25924766 12.49374911 35.          0.50382593  1.07466107],[-0.00311473],[17.96969697  0.52323232 10.96969697 23.10505051  1.11515152  0.95707071],[0.03992146],[10.20755619]
17,[24.73238415  0.22       13.         30.          0.          0.86141507],[-0.01342911],[18.03030303  0.54343434 11.03030303 23.26161616  1.18484848  1.00626263],[0.03752426],[10.04115861]
18,[23.63718022  0.22       13.90380827 25.31666667  1.89895717  0.55324332],[0.01879699],[18.09090909  0.56363636 11.09090909 23.41818182  1.25454545  1.05545455],[0.03519944],[9.87922809]
19,[25.05039723  0.33000832 12.38796319 32.75        1.70486922  0.39792113],[-0.00249953],[18.15151515  0.58383838 11.15151515 23.57474747  1.32424242  1.10464646],[0.03294973],[9.7216195]
20,[25.08116288  0.39468089 13.30605276 28.65        3.85608197  1.46006432],[0.01401909],[18.21212121  0.6040404  11.21212121 23.73131313  1.39393939  1.15383838],[0.0307776],[9.56822302]
21,[25.11914509  0.47953627 12.40569272 29.575       3.97686346  1.44340312],[-0.0006856],[18.27272727  0.62424242 11.27272727 23.88787879  1.46363636  1.2030303 ],[0.02868524],[9.41896581]
22,[23.96589721  0.22       15.4568804  27.425       3.42018629  1.48296495],[0.04645046],[18.33333333  0.64444444 11.33333333 24.04444444  1.53333333  1.25222222],[0.02667462],[9.27381304]
23,[26.60123358  0.22       13.         27.1         0.          0.44275685],[-0.04030086],[18.39393939  0.66464646 11.39393939 24.2010101   1.6030303   1.30141414],[0.02474743],[9.13276847]
24,[25.0990346   0.43581953 11.91626095 35.35        2.599698    0.39817688],[-0.00127994],[18.45454545  0.68484848 11.45454545 24.35757576  1.67272727  1.35060606],[0.02290508],[8.99587444]
25,,,[18.51515152  0.70505051 11.51515152 24.51414141  1.74242424  1.39979798],[0.02114874],[8.86321128]
26,,,[18.57575758  0.72525253 11.57575758 24.67070707  1.81212121  1.4489899 ],[0.01947929],[8.73489614]
27,,,[18.63636364  0.74545455 11.63636364 24.82727273  1.88181818  1.49818182],[0.01789733],[8.61108125]
28,,,[18.6969697   0.76565657 11.6969697  24.98383838  1.95151515  1.54737374],[0.01640322],[8.49195148]
29,,,[18.75757576  0.78585859 11.75757576 25.14040404  2.02121212  1.59656566],[0.014997],[8.37772137]
30,,,[18.81818182  0.80606061 11.81818182 25.2969697   2.09090909  1.64575758],[0.01367849],[8.26863147]
31,,,[18.87878788  0.82626263 11.87878788 25.45353535  2.16060606  1.69494949],[0.0124472],[8.1649441]
32,,,[18.93939394  0.84646465 11.93939394 25.61010101  2.23030303  1.74414141],[0.01130241],[8.0669385]
33,,,[19.          0.86666667 12.         25.76666667  2.3         1.79333333],[0.01024312],[7.97490549]
34,,,[19.06060606  0.88686869 12.06060606 25.92323232  2.36969697  1.84252525],[0.00926809],[7.88914154]
35,,,[19.12121212  0.90707071 12.12121212 26.07979798  2.43939394  1.89171717],[0.00837581],[7.8099426]
36,,,[19.18181818  0.92727273 12.18181818 26.23636364  2.50909091  1.94090909],[0.00756455],[7.73759749]
37,,,[19.24242424  0.94747475 12.24242424 26.39292929  2.57878788  1.99010101],[0.00683235],[7.67238132]
38,,,[19.3030303   0.96767677 12.3030303  26.54949495  2.64848485  2.03929293],[0.00617701],[7.61454878]
39,,,[19.36363636  0.98787879 12.36363636 26.70606061  2.71818182  2.08848485],[0.00559611],[7.56432779]
40,,,[19.42424242  1.00808081 12.42424242 26.86262626  2.78787879  2.13767677],[0.00508705],[7.52191351]
41,,,[19.48484848  1.02828283 12.48484848 27.01919192  2.85757576  2.18686869],[0.00464702],[7.48746295]
42,,,[19.54545455  1.04848485 12.54545455 27.17575758  2.92727273  2.23606061],[0.00427301],[7.46109052]
43,,,[19.60606061  1.06868687 12.60606061 27.33232323  2.9969697   2.28525253],[0.00396187],[7.44286445]
44,,,[19.66666667  1.08888889 12.66666667 27.48888889  3.06666667  2.33444444],[0.00371026],[7.43280446]
45,,,[19.72727273  1.10909091 12.72727273 27.64545455  3.13636364  2.38363636],[0.00351472],[7.43088071]
46,,,[19.78787879  1.12929293 12.78787879 27.8020202   3.20606061  2.43282828],[0.00337164],[7.43701395]
47,,,[19.84848485  1.14949495 12.84848485 27.95858586  3.27575758  2.4820202 ],[0.00327729],[7.45107706]
48,,,[19.90909091  1.16969697 12.90909091 28.11515152  3.34545455  2.53121212],[0.00322782],[7.47289785]
49,,,[19.96969697  1.18989899 12.96969697 28.27171717  3.41515152  2.58040404],[0.00321933],[7.50226295]
50,,,[20.03030303  1.21010101 13.03030303 28.42828283  3.48484848  2.62959596],[0.00324778],[7.53892262]
51,,,[20.09090909  1.23030303 13.09090909 28.58484848  3.55454545  2.67878788],[0.00330913],[7.58259655]
52,,,[20.15151515  1.25050505 13.15151515 28.74141414  3.62424242  2.7279798 ],[0.00339923],[7.63298002]
53,,,[20.21212121  1.27070707 13.21212121 28.8979798   3.69393939  2.77717172],[0.00351394],[7.68975058]
54,,,[20.27272727  1.29090909 13.27272727 29.05454545  3.76363636  2.82636364],[0.00364907],[7.75257487]
55,,,[20.33333333  1.31111111 13.33333333 29.21111111  3.83333333  2.87555556],[0.00380044],[7.82111543]
56,,,[20.39393939  1.33131313 13.39393939 29.36767677  3.9030303   2.92474747],[0.00396387],[7.89503732]
57,,,[20.45454545  1.35151515 13.45454545 29.52424242  3.97272727  2.97393939],[0.0041352],[7.97401447]
58,,,[20.51515152  1.37171717 13.51515152 29.68080808  4.04242424  3.02313131],[0.00431032],[8.05773553]
59,,,[20.57575758  1.39191919 13.57575758 29.83737374  4.11212121  3.07232323],[0.00448514],[8.14590928]
60,,,[20.63636364  1.41212121 13.63636364 29.99393939  4.18181818  3.12151515],[0.00465567],[8.23826945]
61,,,[20.6969697   1.43232323 13.6969697  30.15050505  4.25151515  3.17070707],[0.00481796],[8.33457894]
62,,,[20.75757576  1.45252525 13.75757576 30.30707071  4.32121212  3.21989899],[0.00496817],[8.43463342]
63,,,[20.81818182  1.47272727 13.81818182 30.46363636  4.39090909  3.26909091],[0.00510256],[8.53826428]
64,,,[20.87878788  1.49292929 13.87878788 30.62020202  4.46060606  3.31828283],[0.00521749],[8.64534104]
65,,,[20.93939394  1.51313131 13.93939394 30.77676768  4.53030303  3.36747475],[0.00530946],[8.75577303]
66,,,[21.          1.53333333 14.         30.93333333  4.6         3.41666667],[0.00537507],[8.86951058]
67,,,[21.06060606  1.55353535 14.06060606 31.08989899  4.66969697  3.46585859],[0.00541111],[8.98654561]
68,,,[21.12121212  1.57373737 14.12121212 31.24646465  4.73939394  3.51505051],[0.00541449],[9.10691159]
69,,,[21.18181818  1.59393939 14.18181818 31.4030303   4.80909091  3.56424242],[0.00538229],[9.23068303]
70,,,[21.24242424  1.61414141 14.24242424 31.55959596  4.87878788  3.61343434],[0.00531176],[9.35797447]
71,,,[21.3030303   1.63434343 14.3030303  31.71616162  4.94848485  3.66262626],[0.00520033],[9.48893885]
72,,,[21.36363636  1.65454545 14.36363636 31.87272727  5.01818182  3.71181818],[0.00504561],[9.62376548]
73,,,[21.42424242  1.67474747 14.42424242 32.02929293  5.08787879  3.7610101 ],[0.00484541],[9.76267757]
74,,,[21.48484848  1.69494949 14.48484848 32.18585859  5.15757576  3.81020202],[0.00459771],[9.9059292]
75,,,[21.54545455  1.71515152 14.54545455 32.34242424  5.22727273  3.85939394],[0.00430072],[10.053802]
76,,,[21.60606061  1.73535354 14.60606061 32.4989899   5.2969697   3.90858586],[0.00395283],[10.20660139]
77,,,[21.66666667  1.75555556 14.66666667 32.65555556  5.36666667  3.95777778],[0.00355266],[10.36465255]
78,,,[21.72727273  1.77575758 14.72727273 32.81212121  5.43636364  4.0069697 ],[0.003099],[10.528296]
79,,,[21.78787879  1.7959596  14.78787879 32.96868687  5.50606061  4.05616162],[0.0025909],[10.69788308]
80,,,[21.84848485  1.81616162 14.84848485 33.12525253  5.57575758  4.10535354],[0.00202757],[10.8737712]
81,,,[21.90909091  1.83636364 14.90909091 33.28181818  5.64545455  4.15454545],[0.00140848],[11.056319]
82,,,[21.96969697  1.85656566 14.96969697 33.43838384  5.71515152  4.20373737],[0.00073327],[11.24588153]
83,,,[22.03030303  1.87676768 15.03030303 33.59494949  5.78484848  4.25292929],[1.80942008e-06],[11.44280544]
84,,,[22.09090909  1.8969697  15.09090909 33.75151515  5.85454545  4.30212121],[-0.00078583],[11.64742436]
85,,,[22.15151515  1.91717172 15.15151515 33.90808081  5.92424242  4.35131313],[-0.00162937],[11.86005444]
86,,,[22.21212121  1.93737374 15.21212121 34.06464646  5.99393939  4.40050505],[-0.00252833],[12.08099021]
87,,,[22.27272727  1.95757576 15.27272727 34.22121212  6.06363636  4.44969697],[-0.00348204],[12.31050079]
88,,,[22.33333333  1.97777778 15.33333333 34.37777778  6.13333333  4.49888889],[-0.00448964],[12.54882644]
89,,,[22.39393939  1.9979798  15.39393939 34.53434343  6.2030303   4.54808081],[-0.00555007],[12.79617564]
90,,,[22.45454545  2.01818182 15.45454545 34.69090909  6.27272727  4.59727273],[-0.00666209],[13.05272261]
91,,,[22.51515152  2.03838384 15.51515152 34.84747475  6.34242424  4.64646465],[-0.00782431],[13.31860529]
92,,,[22.57575758  2.05858586 15.57575758 35.0040404   6.41212121  4.69565657],[-0.00903512],[13.59392391]
93,,,[22.63636364  2.07878788 15.63636364 35.16060606  6.48181818  4.74484848],[-0.01029281],[13.87874]
94,,,[22.6969697   2.0989899  15.6969697  35.31717172  6.55151515  4.7940404 ],[-0.01159547],[14.17307587]
95,,,[22.75757576  2.11919192 15.75757576 35.47373737  6.62121212  4.84323232],[-0.01294106],[14.47691464]
96,,,[22.81818182  2.13939394 15.81818182 35.63030303  6.69090909  4.89242424],[-0.01432741],[14.79020059]
97,,,[22.87878788  2.15959596 15.87878788 35.78686869  6.76060606  4.94161616],[-0.0157522],[15.11283998]
98,,,[22.93939394  2.17979798 15.93939394 35.94343434  6.83030303  4.99080808],[-0.01721303],[15.44470214]
99,,,[23.    2.2  16.   36.1   6.9   5.04],[-0.01870734],[15.78562092]
