,x_train,y_train,x_test,y_pred,y_std
0,[-2.71296944  0.          0.          0.        ],[7.36021789],[-3.74434409  0.          0.          0.        ],[14.02928552],[0.04005216]
1,[2.99045704 0.         0.         0.        ],[8.94280175],[4.43355392 0.         0.         0.        ],[19.65261953],[0.03225208]
2,[-5.23962029  0.          0.          0.        ],[27.45361051],[2.64472102 0.         0.         0.        ],[7.0059016],[0.03431982]
3,[2.88417567 0.         0.         0.        ],[8.31846599],[2.34870933 0.         0.         0.        ],[5.52658362],[nan]
4,[2.05373352 0.         0.         0.        ],[4.21781922],[0.9476939 0.        0.        0.       ],[0.89974388],[nan]
5,[-0.44731268  0.          0.          0.        ],[0.20007721],[-2.2064539  0.         0.         0.       ],[4.87390224],[nan]
6,[3.49187775 0.         0.         0.        ],[12.19324084],[4.09199997 0.         0.         0.        ],[16.74808933],[nan]
7,[-2.33448099  0.          0.          0.        ],[5.4498431],[-0.63746427  0.          0.          0.        ],[0.40468493],[nan]
8,[-2.42185592  0.          0.          0.        ],[5.86541544],[5.1332255 0.        0.        0.       ],[26.32053474],[nan]
9,[0.55729514 0.         0.         0.        ],[0.31056856],[4.79183373 0.         0.         0.        ],[22.94671639],[nan]
10,[-4.4088806  0.         0.         0.       ],[19.43825339],[-4.33109073  0.          0.          0.        ],[18.76233901],[nan]
11,[-3.5382192  0.         0.         0.       ],[12.51896633],[-2.23823391  0.          0.          0.        ],[5.01532387],[nan]
12,[4.87446071 0.         0.         0.        ],[23.76040216],[-3.2846235  0.         0.         0.       ],[10.79863164],[0.01357037]
13,[-4.3657989  0.         0.         0.       ],[19.06020497],[-4.24413638  0.          0.          0.        ],[18.01783173],[0.02792057]
14,[-0.02148651  0.          0.          0.        ],[0.00042344],[-3.20056471  0.          0.          0.        ],[10.25337122],[0.01025003]
15,[-1.02959771  0.          0.          0.        ],[1.06005723],[-2.34973458  0.          0.          0.        ],[5.52753547],[nan]
16,[-1.44072361  0.          0.          0.        ],[2.07569589],[1.8617336 0.        0.        0.       ],[3.47338684],[nan]
17,[1.51250335 0.         0.         0.        ],[2.28769729],[-4.94883171  0.          0.          0.        ],[24.48191755],[nan]
18,[1.73589527 0.         0.         0.        ],[3.01335087],[0.45293585 0.         0.         0.        ],[0.20449959],[nan]
19,[-4.09202894  0.          0.          0.        ],[16.7446944],[5.07249837 0.         0.         0.        ],[25.7036397],[nan]
20,[-0.76957142  0.          0.          0.        ],[0.59223665],[4.92508894 0.         0.         0.        ],[24.23634227],[nan]
21,[-4.5672214  0.         0.         0.       ],[20.85949915],[4.26624293 0.         0.         0.        ],[18.20103623],[0.03728437]
22,[-4.79449731  0.          0.          0.        ],[22.98720131],[3.9686914 0.        0.        0.       ],[15.75614442],[0.01181907]
23,[-3.75344074  0.          0.          0.        ],[14.088301],[2.94024075 0.         0.         0.        ],[8.65699076],[nan]
24,[-1.08238815  0.          0.          0.        ],[1.17158508],[-4.17554787  0.          0.          0.        ],[17.44115361],[0.03249577]
25,[0.         3.24618204 0.         0.        ],[-2.11401767e-05],[6.14421375 0.         0.         0.        ],[37.65077017],[nan]
26,[ 0.         -4.98714975  0.          0.        ],[-3.25204019e-05],[3.14133961 0.         0.         0.        ],[9.87989776],[nan]
27,[ 0.         -2.52197214  0.          0.        ],[-3.86862703e-05],[0.95061533 0.         0.         0.        ],[0.90529582],[0.03134038]
28,[0.         3.72243439 0.         0.        ],[2.73901926e-05],[-4.23751622  0.          0.          0.        ],[17.96179208],[nan]
29,[ 0.        -1.7136766  0.         0.       ],[-1.84507987e-06],[-5.58167518  0.          0.          0.        ],[31.12148477],[nan]
30,[ 0.         -0.29956386  0.          0.        ],[-1.80181593e-05],[-1.4927663  0.         0.         0.       ],[2.22975031],[nan]
31,[0.         2.95037039 0.         0.        ],[-7.19545993e-06],[3.27320867 0.         0.         0.        ],[10.72547803],[nan]
32,[0.         3.60952762 0.         0.        ],[-1.58041101e-05],[4.70592769 0.         0.         0.        ],[22.13382872],[nan]
33,[0.         0.11810716 0.         0.        ],[2.67351915e-05],[1.86653852 0.         0.         0.        ],[3.49132798],[0.03699818]
34,[0.         5.63383003 0.         0.        ],[-6.01808234e-05],[3.72297807 0.         0.         0.        ],[13.86925276],[nan]
35,[ 0.         -5.33938091  0.          0.        ],[-4.43802401e-05],[-3.48211276  0.          0.          0.        ],[12.13496519],[nan]
36,[0.        4.0695668 0.        0.       ],[2.26734052e-05],[1.7404774 0.        0.        0.       ],[3.0358047],[nan]
37,[ 0.         -4.59191306  0.          0.        ],[2.43523389e-05],[-3.10128102  0.          0.          0.        ],[9.62750382],[0.0382499]
38,[ 0.         -3.14135964  0.          0.        ],[1.78444136e-05],[-2.51578144  0.          0.          0.        ],[6.33634736],[0.02288936]
39,[ 0.        -2.4370408  0.         0.       ],[8.07248229e-06],[0.67405479 0.         0.         0.        ],[0.4545962],[0.02072651]
40,[ 0.         -0.38785161  0.          0.        ],[1.0399944e-05],[2.10097218 0.         0.         0.        ],[4.42287961],[nan]
41,[ 0.         -2.90581863  0.          0.        ],[9.1174013e-06],[2.3855502 0.        0.        0.       ],[5.70118871],[nan]
42,[ 0.         -4.53202018  0.          0.        ],[6.95871864e-05],[2.54994011 0.         0.         0.        ],[6.51323018],[nan]
43,[0.         4.41963084 0.         0.        ],[-2.92748012e-05],[-3.18627706  0.          0.          0.        ],[10.16210747],[0.02233588]
44,[0.         3.51697804 0.         0.        ],[-2.71796874e-05],[-4.30512504  0.          0.          0.        ],[18.53844923],[0.01062091]
45,[ 0.         -1.38332264  0.          0.        ],[-2.50996017e-05],[-0.60627934  0.          0.          0.        ],[0.36584186],[nan]
46,[ 0.         -2.86759999  0.          0.        ],[-1.31395415e-05],[2.71842198 0.         0.         0.        ],[7.40140711],[nan]
47,[ 0.         -1.45875829  0.          0.        ],[1.13923602e-07],[-0.25846651  0.          0.          0.        ],[0.06481471],[nan]
48,[0.        4.9424381 0.        0.       ],[-2.5086691e-06],[ 0.         -4.79494524  0.          0.        ],[0.00020119],[0.04753051]
49,[ 0.         -5.92306007  0.          0.        ],[-1.50992515e-05],[ 0.         -4.54754739  0.          0.        ],[9.10353572e-05],[0.02987529]
50,[ 0.          0.         -0.02993609  0.        ],[2.08521157e-05],[0.         5.62340219 0.         0.        ],[0.00151869],[0.03279196]
51,[0.         0.         0.25700112 0.        ],[4.85069881e-06],[0.         0.64649182 0.         0.        ],[-0.00187388],[nan]
52,[0.         0.         0.97563498 0.        ],[-4.77495203e-06],[ 0.         -0.87286242  0.          0.        ],[-0.0015566],[nan]
53,[0.         0.         0.63831584 0.        ],[-4.38767858e-06],[ 0.         -2.14726155  0.          0.        ],[-0.00104326],[0.02718875]
54,[0.         0.         0.19236572 0.        ],[-1.64765773e-05],[0.         1.98511819 0.         0.        ],[-0.00177284],[nan]
55,[ 0.          0.         -0.21762062  0.        ],[8.11541622e-05],[ 0.         -4.86515348  0.          0.        ],[0.00023046],[0.03648135]
56,[ 0.          0.         -0.01143517  0.        ],[-1.03234144e-05],[0.        4.1179187 0.        0.       ],[-0.00047016],[nan]
57,[0.         0.         0.57660627 0.        ],[-5.29925447e-06],[ 0.         -1.71818452  0.          0.        ],[-0.00122577],[nan]
58,[0.         0.         0.68797159 0.        ],[4.33270001e-05],[ 0.         -0.98187412  0.          0.        ],[-0.00151345],[nan]
59,[ 0.          0.         -0.53136435  0.        ],[3.89361341e-05],[ 0.        -4.4296589  0.         0.       ],[4.29195931e-05],[0.03025077]
60,[0.         0.         0.72593445 0.        ],[4.26349136e-05],[ 0.        -0.6483493  0.         0.       ],[-0.00162848],[nan]
61,[0.         0.         0.95085898 0.        ],[1.67877016e-05],[0.         4.10094304 0.         0.        ],[-0.00047573],[nan]
62,[ 0.          0.         -0.19757957  0.        ],[1.05085411e-05],[0.         1.42937495 0.         0.        ],[-0.00187773],[nan]
63,[ 0.          0.         -0.12720074  0.        ],[-3.2812546e-05],[0.         1.16231584 0.         0.        ],[-0.00190847],[0.05531201]
64,[ 0.          0.         -0.44076123  0.        ],[1.86822947e-05],[ 0.         -3.41706422  0.          0.        ],[-0.00041984],[nan]
65,[ 0.          0.         -0.63225962  0.        ],[-6.06041901e-06],[ 0.         -1.13675699  0.          0.        ],[-0.00146303],[nan]
66,[0.         0.         0.96659532 0.        ],[-3.90335271e-05],[0.         2.93833786 0.         0.        ],[-0.00138297],[nan]
67,[ 0.          0.         -0.59782712  0.        ],[-3.89064208e-05],[0.        3.1800325 0.        0.       ],[-0.00123827],[0.03467526]
68,[ 0.          0.         -0.97906526  0.        ],[-3.0895661e-05],[0.         1.70752932 0.         0.        ],[-0.00184396],[0.02300367]
69,[ 0.         0.        -0.3018128  0.       ],[1.0406256e-05],[ 0.         -0.79628124  0.          0.        ],[-0.00158024],[0.02322424]
70,[ 0.          0.         -0.22573167  0.        ],[-3.94276399e-05],[ 0.         -5.95403643  0.          0.        ],[0.00061193],[nan]
71,[ 0.          0.         -0.73441773  0.        ],[-2.71180434e-06],[0.         2.55278328 0.         0.        ],[-0.00157153],[nan]
72,[ 0.          0.         -0.33779571  0.        ],[2.64398223e-05],[ 0.        -4.1862788  0.         0.       ],[-6.39313676e-05],[0.02801444]
73,[0.         0.         0.26687739 0.        ],[2.99702385e-05],[0.         0.67292847 0.         0.        ],[-0.00188584],[0.01479115]
74,[0.         0.         0.63753929 0.        ],[1.15490377e-05],[ 0.         -5.35283859  0.          0.        ],[0.00042652],[nan]
75,[0.         0.         0.         0.73510973],[-8.10135674e-05],[ 0.         -3.58063694  0.          0.        ],[-0.00035288],[0.02706466]
76,[ 0.          0.          0.         -0.27113661],[1.65796415e-05],[ 0.         -2.50047882  0.          0.        ],[-0.00085681],[nan]
77,[ 0.          0.          0.         -0.52770876],[7.96012924e-06],[ 0.         -1.52640172  0.          0.        ],[-0.00132975],[0.05993891]
78,[0.         0.         0.         0.83044661],[5.69640368e-05],[ 0.         -3.88529085  0.          0.        ],[-0.00021538],[0.03412663]
79,[0.         0.         0.         0.48179008],[-7.09196973e-06],[ 0.         -0.57951309  0.          0.        ],[-0.00164974],[nan]
80,[0.        0.        0.        0.5260864],[6.69859507e-05],[ 0.         -2.99426591  0.          0.        ],[-0.00063004],[nan]
81,[ 0.          0.          0.         -0.67301087],[-2.63322969e-05],[ 0.        -2.3477853  0.         0.       ],[-0.00094534],[0.04949893]
82,[ 0.          0.          0.         -0.14274974],[6.50470018e-06],[0.         1.51203884 0.         0.        ],[-0.0018618],[nan]
83,[ 0.          0.          0.         -0.02175291],[1.24095979e-05],[ 0.      -0.95316  0.       0.     ],[-0.00152685],[0.02784699]
84,[ 0.          0.          0.         -0.00472106],[-1.23520479e-05],[ 0.         -1.08569371  0.          0.        ],[-0.00147998],[0.0278891]
85,[0.         0.         0.         0.42014333],[-4.12788176e-05],[ 0.         -5.11791797  0.          0.        ],[0.00033502],[0.01582965]
86,[ 0.          0.          0.         -0.99891801],[-5.22506345e-06],[ 0.         -3.94080782  0.          0.        ],[-0.00017198],[nan]
87,[0.         0.         0.         0.34275305],[-4.09248107e-06],[0.        4.6117125 0.        0.       ],[9.16687552e-05],[nan]
88,[0.         0.         0.         0.92135924],[-2.27635677e-05],[ 0.         -4.14584358  0.          0.        ],[-8.99099796e-05],[0.04584275]
89,[0.         0.         0.         0.84611534],[1.49286778e-05],[ 0.         -2.80491397  0.          0.        ],[-0.00073474],[nan]
90,[ 0.          0.          0.         -0.94746142],[-1.59793075e-05],[ 0.         -3.76293056  0.          0.        ],[-0.00026766],[0.02785128]
91,[0.         0.         0.         0.30185482],[4.96222014e-06],[0.         1.99183059 0.         0.        ],[-0.00176627],[nan]
92,[0.         0.         0.         0.11556802],[-6.12210071e-05],[0.         0.89720651 0.         0.        ],[-0.00189916],[0.00870514]
93,[ 0.          0.          0.         -0.58754445],[-1.71729136e-05],[ 0.         -5.01482251  0.          0.        ],[0.00029496],[nan]
94,[ 0.          0.          0.         -0.60242617],[-4.69007664e-05],[ 0.      -4.17051  0.       0.     ],[-7.89130983e-05],[nan]
95,[0.         0.         0.         0.24103243],[1.39626e-05],[ 0.         -0.58157114  0.          0.        ],[-0.0016335],[nan]
96,[ 0.          0.          0.         -0.11173676],[-1.64191158e-05],[0.         0.         0.75116358 0.        ],[-0.00045363],[nan]
97,[ 0.          0.          0.         -0.09137031],[4.42314152e-05],[ 0.          0.         -0.07427647  0.        ],[-0.00174923],[nan]
98,[ 0.          0.          0.         -0.66676634],[-7.53376115e-06],[ 0.          0.         -0.87929206  0.        ],[0.00074166],[nan]
99,[ 0.          0.          0.         -0.14858618],[4.36857802e-05],[0.         0.         0.18059517 0.        ],[-0.00176103],[0.01105467]
100,,,[ 0.          0.         -0.78047969  0.        ],[0.00025314],[nan]
101,,,[ 0.          0.         -0.58029764  0.        ],[-0.00062995],[0.02616877]
102,,,[0.         0.         0.78477992 0.        ],[-0.00032577],[nan]
103,,,[ 0.          0.         -0.87234496  0.        ],[0.00070638],[nan]
104,,,[0.         0.         0.55029822 0.        ],[-0.00112716],[nan]
105,,,[0.        0.        0.9734639 0.       ],[0.00056186],[0.0105736]
106,,,[ 0.          0.         -0.80214441  0.        ],[0.00034446],[0.05614333]
107,,,[0.         0.         0.23007776 0.        ],[-0.00171916],[0.01578865]
108,,,[0.        0.        0.8108306 0.       ],[-0.0002155],[0.01818677]
109,,,[0.         0.         0.58797642 0.        ],[-0.00101424],[nan]
110,,,[0.         0.         0.43033212 0.        ],[-0.00142013],[0.03096637]
111,,,[ 0.          0.         -0.72226488  0.        ],[-3.12854818e-05],[0.03254086]
112,,,[ 0.          0.         -0.12748391  0.        ],[-0.00170439],[nan]
113,,,[ 0.          0.         -0.53453351  0.        ],[-0.0007803],[0.03355625]
114,,,[ 0.          0.         -0.89668905  0.        ],[0.00084993],[nan]
115,,,[ 0.          0.         -0.09710354  0.        ],[-0.00172825],[nan]
116,,,[0.         0.         0.07937579 0.        ],[-0.00179163],[nan]
117,,,[ 0.          0.         -0.29118808  0.        ],[-0.00144702],[0.04169242]
118,,,[0.        0.        0.2538076 0.       ],[-0.00169496],[nan]
119,,,[0.         0.         0.08202039 0.        ],[-0.00181071],[nan]
120,,,[0.         0.         0.39659623 0.        ],[-0.00148097],[nan]
121,,,[ 0.          0.         -0.98071589  0.        ],[0.00131875],[nan]
122,,,[0.         0.         0.89940462 0.        ],[0.00019137],[0.03727931]
123,,,[0.         0.         0.18193113 0.        ],[-0.00177349],[nan]
124,,,[0.         0.         0.01357373 0.        ],[-0.00179743],[nan]
125,,,[ 0.          0.         -0.00644953  0.        ],[-0.00178192],[nan]
126,,,[ 0.          0.         -0.60857048  0.        ],[-0.00051004],[0.0358358]
127,,,[0.         0.         0.70933818 0.        ],[-0.00062196],[0.05088954]
128,,,[0.         0.         0.70442271 0.        ],[-0.00061789],[nan]
129,,,[ 0.         0.        -0.9504607  0.       ],[0.00115927],[nan]
130,,,[ 0.          0.         -0.19026972  0.        ],[-0.00163725],[0.02864703]
131,,,[0.         0.         0.81866249 0.        ],[-0.00017736],[nan]
132,,,[0.         0.         0.79348216 0.        ],[-0.00027982],[nan]
133,,,[0.         0.         0.69966139 0.        ],[-0.00064592],[nan]
134,,,[ 0.          0.         -0.59965508  0.        ],[-0.00053789],[0.02179474]
135,,,[0.         0.         0.22622729 0.        ],[-0.00173255],[0.01896865]
136,,,[0.         0.         0.02630908 0.        ],[-0.00180485],[nan]
137,,,[0.         0.         0.24396176 0.        ],[-0.00170659],[nan]
138,,,[ 0.          0.         -0.49616639  0.        ],[-0.00090882],[0.0109415]
139,,,[0.         0.         0.76708854 0.        ],[-0.00037111],[nan]
140,,,[0.         0.         0.31707595 0.        ],[-0.00161231],[nan]
141,,,[0.         0.         0.46282547 0.        ],[-0.00133438],[nan]
142,,,[ 0.          0.         -0.63199771  0.        ],[-0.00040186],[nan]
143,,,[ 0.          0.         -0.73179373  0.        ],[1.84908641e-05],[nan]
144,,,[0.         0.         0.         0.73645286],[-0.00021372],[nan]
145,,,[0.         0.         0.         0.56960158],[-0.00083505],[0.00829831]
146,,,[0.        0.        0.        0.1535805],[-0.00170595],[nan]
147,,,[ 0.          0.          0.         -0.44298349],[-0.00130329],[nan]
148,,,[0.         0.         0.         0.95453494],[0.0008524],[nan]
149,,,[ 0.          0.          0.         -0.02944309],[-0.00181106],[nan]
150,,,[ 0.          0.          0.         -0.02162569],[-0.00180846],[0.03096963]
151,,,[0.         0.         0.         0.25305093],[-0.00158713],[nan]
152,,,[0.         0.         0.         0.97318686],[0.00094689],[nan]
153,,,[0.         0.         0.         0.34613001],[-0.00142517],[nan]
154,,,[ 0.          0.          0.         -0.26060151],[-0.00164164],[nan]
155,,,[ 0.          0.          0.         -0.22163586],[-0.00169634],[0.0397794]
156,,,[0.         0.         0.         0.61953373],[-0.00065721],[0.00228046]
157,,,[ 0.          0.          0.         -0.61149406],[-0.00080519],[nan]
158,,,[ 0.          0.          0.         -0.54097327],[-0.00104054],[nan]
159,,,[ 0.          0.          0.         -0.66985864],[-0.00060275],[0.02479828]
160,,,[ 0.          0.          0.         -0.14441198],[-0.00176114],[0.02860846]
161,,,[ 0.          0.          0.         -0.28940642],[-0.00158165],[nan]
162,,,[ 0.          0.          0.         -0.88477778],[0.0003066],[nan]
163,,,[0.         0.         0.         0.00230517],[-0.00178899],[nan]
164,,,[0.        0.        0.        0.3609289],[-0.00138723],[0.04815034]
165,,,[0.         0.         0.         0.15579529],[-0.0017214],[0.02686005]
166,,,[ 0.          0.          0.         -0.08405219],[-0.00178697],[0.01982156]
167,,,[0.        0.        0.        0.0300132],[-0.00179247],[nan]
168,,,[0.         0.         0.         0.96011924],[0.00086264],[0.02847176]
169,,,[0.       0.       0.       0.617687],[-0.00067251],[nan]
170,,,[ 0.          0.          0.         -0.88774501],[0.00032579],[nan]
171,,,[ 0.          0.          0.         -0.07614608],[-0.00178549],[nan]
172,,,[0.         0.         0.         0.17846296],[-0.00168761],[0.02129373]
173,,,[ 0.          0.          0.         -0.57531652],[-0.00093477],[nan]
174,,,[ 0.        0.        0.       -0.477244],[-0.00120563],[0.01385458]
175,,,[0.         0.         0.         0.09295242],[-0.00174595],[nan]
176,,,[ 0.          0.          0.         -0.53673376],[-0.00104224],[nan]
177,,,[0.         0.         0.         0.77196425],[-5.84662796e-05],[0.05646509]
178,,,[0.         0.         0.         0.83813772],[0.00025726],[nan]
179,,,[ 0.          0.          0.         -0.52339634],[-0.00107297],[nan]
180,,,[ 0.         0.         0.        -0.6252909],[-0.00078311],[0.04364714]
181,,,[ 0.          0.          0.         -0.23798469],[-0.00165284],[0.03734649]
182,,,[ 0.          0.          0.         -0.33923528],[-0.00149868],[nan]
183,,,[ 0.          0.          0.         -0.85163163],[0.00013551],[0.04769446]
184,,,[ 0.          0.          0.         -0.41687251],[-0.00134509],[nan]
185,,,[0.         0.         0.         0.90248779],[0.00055814],[0.01420992]
186,,,[0.         0.         0.         0.51159779],[-0.00100715],[nan]
187,,,[ 0.          0.          0.         -0.95563444],[0.00065225],[nan]
188,,,[ 0.          0.          0.         -0.89570363],[0.00035084],[nan]
189,,,[0.         0.         0.         0.85154762],[0.00032038],[nan]
190,,,[0.         0.         0.         0.46192613],[-0.00115085],[nan]
191,,,[0.         0.         0.         0.26132625],[-0.00157756],[nan]
