,x_train,y_train,x_test,y_pred,y_std
0,[23.42089438  0.          0.        ],[0.33537496],[22.00565196  0.          0.        ],[3.98033022],[0.00125672]
1,[22.639129  0.        0.      ],[1.85198329],[27.74717758  0.          0.        ],[14.0407611],[0.00143203]
2,[25.92470067  0.          0.        ],[3.70448812],[24.97007291  0.          0.        ],[0.9418709],[0.00085024]
3,[27.0765412  0.         0.       ],[9.46510696],[27.92475799  0.          0.        ],[15.39925897],[0.00162308]
4,[22.55603919  0.          0.        ],[2.08502651],[25.04166867  0.          0.        ],[1.08559717],[0.0015144]
5,[25.24290409  0.          0.        ],[1.5447942],[25.20455692  0.          0.        ],[1.45079129],[0.00158166]
6,[24.49428391  0.          0.        ],[0.24429402],[26.79430512  0.          0.        ],[7.80897899],[0.00104528]
7,[27.25048261  0.          0.        ],[10.56562847],[22.38356431  0.          0.        ],[2.61094071],[0.00027183]
8,[22.8463937  0.         0.       ],[1.33079307],[24.37124151  0.          0.        ],[0.14062876],[0.00115005]
9,[22.9012106  0.         0.       ],[1.20735296],[23.388314  0.        0.      ],[0.37498767],[0.00161381]
10,[25.60044224  0.          0.        ],[2.56141105],[24.04364654  0.          0.        ],[0.00488087],[0.00126508]
11,[25.79473323  0.          0.        ],[3.22104733],[24.71117483  0.          0.        ],[0.50763595],[0.00153368]
12,[27.39841356  0.          0.        ],[11.54919661],[26.30605655  0.          0.        ],[5.31655199],[0.00023683]
13,[22.02968054  0.          0.        ],[3.88217922],[24.80512724  0.          0.        ],[0.64974005],[0.00160455]
14,[25.49638967  0.          0.        ],[2.23918749],[27.61600901  0.          0.        ],[13.07667937],[0.00077582]
15,[26.15994483  0.          0.        ],[4.66538576],[27.77796011  0.          0.        ],[14.2718677],[0.00147173]
16,[23.61423423  0.          0.        ],[0.14885684],[25.09497508  0.          0.        ],[1.19926595],[0.00092653]
17,[23.23541245  0.          0.        ],[0.58459754],[26.86062468  0.          0.        ],[8.18434926],[0.00125852]
18,[24.52152052  0.          0.        ],[0.2719918],[23.2580962  0.         0.       ],[0.55054396],[0.00152895]
19,[23.21410754  0.          0.        ],[0.61761937],[25.74665017  0.          0.        ],[3.04897909],[0.00130601]
20,[23.8181889  0.         0.       ],[0.03307846],[24.4429922  0.         0.       ],[0.19890819],[0.00151611]
21,[27.16648635  0.          0.        ],[10.02663039],[25.78967288  0.          0.        ],[3.20106596],[0.00103619]
22,[27.91816983  0.          0.        ],[15.35205667],[22.99132383  0.          0.        ],[1.01611119],[0.00092396]
23,[22.09678506  0.          0.        ],[3.62222301],[26.05320921  0.          0.        ],[4.21379194],[0.00121082]
24,[25.95392956  0.          0.        ],[3.81784818],[24.40765997  0.          0.        ],[0.16892694],[0.00129955]
25,[  0.         -28.92831036   0.        ],[575.99999016],[25.88195033  0.          0.        ],[3.53980482],[0.00078056]
26,[ 0.         -9.29434825  0.        ],[576.00001137],[24.54431254  0.          0.        ],[0.29868525],[0.0014173]
27,[  0.         -38.53208955   0.        ],[575.99999976],[26.80358725  0.          0.        ],[7.86098705],[0.00112588]
28,[ 0.         -8.25494128  0.        ],[575.99998693],[23.84005415  0.          0.        ],[0.02822572],[0.00155662]
29,[  0.         -33.67490219   0.        ],[576.00000244],[22.39789937  0.          0.        ],[2.56472682],[0.00136154]
30,[  0.         -19.41302008   0.        ],[576.0000073],[23.89942114  0.          0.        ],[0.01289159],[0.00102507]
31,[  0.         -11.82710986   0.        ],[575.99998109],[24.63213501  0.          0.        ],[0.40173457],[0.00034272]
32,[  0.         -15.65447778   0.        ],[576.00001309],[27.12823083  0.          0.        ],[9.78813693],[0.0011893]
33,[  0.         -28.86324237   0.        ],[576.00000079],[26.97543726  0.          0.        ],[8.85495285],[0.00108629]
34,[  0.         -17.11477624   0.        ],[576.00000811],[26.09543099  0.          0.        ],[4.38900655],[nan]
35,[  0.        -23.4593109   0.       ],[575.99999132],[24.5030484  0.         0.       ],[0.25557851],[0.00127146]
36,[  0.         -18.29434812   0.        ],[576.00000776],[26.47632735  0.          0.        ],[6.13148412],[0.00117176]
37,[  0.         -16.70565096   0.        ],[576.00001178],[27.35825662  0.          0.        ],[11.28043359],[0.00114916]
38,[ 0.         -9.20649367  0.        ],[575.99999347],[24.30170499  0.          0.        ],[0.09393834],[0.00102126]
39,[  0.         -15.34643046   0.        ],[576.00001199],[24.16606901  0.          0.        ],[0.03059097],[0.0013544]
40,[  0.         -40.57956425   0.        ],[576.00002497],[27.38357202  0.          0.        ],[11.45106232],[0.00049385]
41,[  0.         -41.29171371   0.        ],[575.99999715],[27.38174765  0.          0.        ],[11.43872361],[0.00071685]
42,[  0.         -46.52156939   0.        ],[576.00000054],[25.08436766  0.          0.        ],[1.17619402],[0.00114333]
43,[ 0.         -4.51376275  0.        ],[575.99999993],[22.90999933  0.          0.        ],[1.1864054],[0.00137345]
44,[  0.        -21.8044086   0.       ],[576.00001047],[25.0248855  0.         0.       ],[1.05098587],[0.00092923]
45,[  0.         -37.32441082   0.        ],[575.99997693],[26.12549517  0.          0.        ],[4.51595159],[0.00108097]
46,[  0.         -44.86546889   0.        ],[575.99998236],[26.46609678  0.          0.        ],[6.0808773],[0.00160388]
47,[  0.        -10.8704539   0.       ],[576.00002184],[22.96094531  0.          0.        ],[1.07817053],[0.00070478]
48,[ 0.         -2.30799772  0.        ],[575.99999985],[ 0.         -5.57622233  0.        ],[576.00001406],[nan]
49,[  0.         -33.73160022   0.        ],[576.00001499],[  0.         -15.50758732   0.        ],[576.00002458],[nan]
50,[ 0.          0.         27.58011181],[576.0000117],[  0.         -36.81549713   0.        ],[575.99998161],[0.00130897]
51,[ 0.          0.         24.85045724],[575.99999232],[  0.         -46.51541249   0.        ],[576.0000155],[nan]
52,[ 0.          0.         29.99057746],[576.00001417],[  0.         -18.96298789   0.        ],[576.00005165],[nan]
53,[ 0.          0.         29.07570583],[575.99998583],[  0.         -25.95887718   0.        ],[576.00003232],[nan]
54,[ 0.          0.         29.63008736],[576.00002242],[  0.         -23.44646129   0.        ],[575.99999995],[0.00035572]
55,[ 0.         0.        23.1899865],[576.00000058],[  0.         -23.65814113   0.        ],[576.00004098],[nan]
56,[ 0.          0.         22.78798761],[575.99997669],[ 0.         -9.12580622  0.        ],[576.00001129],[nan]
57,[ 0.          0.         29.77003221],[576.00000579],[  0.         -23.67676748   0.        ],[576.00000947],[nan]
58,[ 0.          0.         30.96171244],[575.99999231],[  0.        -25.4688619   0.       ],[575.99998052],[0.00134594]
59,[ 0.          0.         27.75920679],[575.99999749],[  0.         -46.14706673   0.        ],[576.00001121],[nan]
60,[ 0.          0.         23.28236655],[575.99999471],[  0.         -30.07242287   0.        ],[576.0000289],[nan]
61,[ 0.          0.         31.93083037],[575.99999329],[  0.         -19.95964833   0.        ],[575.99997922],[0.00138832]
62,[ 0.          0.         25.91065685],[576.00001301],[  0.        -40.0330419   0.       ],[576.00005296],[nan]
63,[ 0.          0.         28.94283228],[576.00002032],[  0.        -35.7812838   0.       ],[576.00005021],[nan]
64,[ 0.          0.         29.63306857],[575.99999654],[ 0.         -9.02730488  0.        ],[576.00003714],[nan]
65,[ 0.          0.         31.85781298],[576.00002498],[  0.         -30.87071394   0.        ],[576.00001293],[nan]
66,[ 0.          0.         24.92962936],[576.00001035],[  0.         -13.08828677   0.        ],[575.99998547],[0.00117844]
67,[ 0.          0.         32.27098257],[576.00000303],[  0.         -17.09131425   0.        ],[576.00003047],[nan]
68,[ 0.          0.         31.70763539],[575.99999839],[ 0.         -0.87098899  0.        ],[576.0000029],[nan]
69,[ 0.          0.         28.99623416],[575.99998293],[  0.         -26.17744789   0.        ],[576.00002849],[nan]
70,[ 0.         0.        30.2164386],[575.99998079],[ 0.         -6.59946177  0.        ],[576.00004701],[nan]
71,[ 0.          0.         26.59096403],[576.00001044],[  0.         -16.22195126   0.        ],[576.00001807],[nan]
72,[ 0.          0.         25.59143808],[576.00000556],[  0.         -20.75046818   0.        ],[576.00005629],[nan]
73,[ 0.          0.         27.00188739],[576.0000013],[  0.         -26.34408492   0.        ],[576.00003654],[nan]
74,[ 0.          0.         22.44869493],[575.99998104],[  0.         -17.96216124   0.        ],[575.99995795],[0.001943]
75,,,[ 0.         -7.69560861  0.        ],[576.00000855],[nan]
76,,,[  0.         -33.35956026   0.        ],[576.00002066],[nan]
77,,,[  0.         -22.25544126   0.        ],[576.00001551],[nan]
78,,,[  0.         -18.64539488   0.        ],[576.00000025],[0.00032057]
79,,,[  0.         -42.43675008   0.        ],[576.00003189],[nan]
80,,,[  0.         -44.11390139   0.        ],[576.00000348],[nan]
81,,,[ 0.         -2.13009338  0.        ],[576.00000037],[0.000323]
82,,,[  0.         -25.81583225   0.        ],[576.0000007],[0.00024448]
83,,,[  0.         -43.19026985   0.        ],[576.00000432],[nan]
84,,,[  0.         -20.53763265   0.        ],[576.00004131],[nan]
85,,,[  0.         -36.26201155   0.        ],[576.00002731],[nan]
86,,,[ 0.        -2.8002219  0.       ],[576.00004597],[nan]
87,,,[  0.         -22.27904911   0.        ],[576.00002165],[nan]
88,,,[ 0.         -0.47864888  0.        ],[576.00002778],[nan]
89,,,[  0.         -32.68801397   0.        ],[576.00002808],[nan]
90,,,[  0.         -13.55560765   0.        ],[576.00005973],[nan]
91,,,[  0.         -30.07794859   0.        ],[575.99999701],[0.00061503]
92,,,[  0.         -38.82381421   0.        ],[576.00003504],[nan]
93,,,[ 0.       -2.137119  0.      ],[576.00004064],[nan]
94,,,[ 0.         -4.53448917  0.        ],[576.00004253],[nan]
95,,,[  0.         -40.74855187   0.        ],[576.00003348],[nan]
96,,,[ 0.          0.         25.88095282],[576.00000803],[nan]
97,,,[ 0.          0.         31.30348627],[576.00001861],[nan]
98,,,[ 0.          0.         25.50918182],[576.00000216],[nan]
99,,,[ 0.          0.         27.17122065],[576.0000273],[nan]
100,,,[ 0.          0.         29.83357557],[575.99999408],[0.00079194]
101,,,[ 0.          0.         29.85937275],[576.0000371],[nan]
102,,,[ 0.          0.         31.87252898],[576.00002763],[nan]
103,,,[ 0.         0.        28.3550199],[576.00002296],[nan]
104,,,[ 0.          0.         26.85933387],[575.999999],[0.0004488]
105,,,[ 0.         0.        26.5296579],[576.00003555],[nan]
106,,,[ 0.          0.         28.05136956],[576.0000057],[nan]
107,,,[ 0.          0.         24.72323618],[576.00004241],[nan]
108,,,[ 0.          0.         23.46390674],[576.00001331],[nan]
109,,,[ 0.          0.         28.84153086],[576.0000246],[nan]
110,,,[ 0.          0.         31.34044941],[576.00000745],[nan]
111,,,[ 0.         0.        23.2870012],[576.00003987],[nan]
112,,,[ 0.          0.         26.10026818],[575.99999354],[0.00082226]
113,,,[ 0.          0.         22.04376466],[576.00003512],[nan]
114,,,[ 0.          0.         28.55835886],[576.00000801],[nan]
115,,,[ 0.          0.         22.49741331],[576.0000091],[nan]
116,,,[ 0.          0.         32.32428639],[576.00000627],[nan]
117,,,[ 0.          0.         22.74626122],[576.00007055],[nan]
118,,,[ 0.          0.         24.89898234],[576.0000245],[nan]
119,,,[ 0.        0.       27.369757],[576.00001975],[nan]
120,,,[ 0.          0.         32.42266784],[576.00003366],[nan]
121,,,[ 0.          0.         28.02100225],[576.00001354],[nan]
122,,,[ 0.          0.         26.05091176],[575.99999693],[0.00061839]
123,,,[ 0.          0.         27.56918457],[576.00000812],[nan]
124,,,[ 0.          0.         29.56843499],[576.00008934],[nan]
125,,,[ 0.          0.         30.91466722],[576.00001956],[nan]
126,,,[ 0.         0.        26.7878351],[575.99999226],[0.00088685]
127,,,[ 0.          0.         24.72942498],[575.99998159],[0.00130941]
128,,,[ 0.          0.         27.92444953],[575.99998642],[0.00113706]
129,,,[ 0.          0.         29.45989629],[576.00003988],[nan]
130,,,[ 0.          0.         27.03381238],[576.00004017],[nan]
131,,,[ 0.          0.         29.39581632],[576.00004149],[nan]
132,,,[ 0.          0.         26.32231284],[576.00002328],[nan]
133,,,[ 0.          0.         22.29358618],[576.00001714],[nan]
134,,,[ 0.          0.         32.27508983],[576.00001026],[nan]
135,,,[ 0.          0.         25.21603967],[576.00000435],[nan]
136,,,[ 0.          0.         23.27066923],[576.00001077],[nan]
137,,,[ 0.          0.         31.84776869],[576.00002454],[nan]
138,,,[ 0.          0.         23.51182201],[576.00001817],[nan]
139,,,[ 0.         0.        25.5668538],[576.000025],[nan]
140,,,[ 0.          0.         27.24891795],[575.9999928],[0.00086]
141,,,[ 0.          0.         22.97662916],[576.0000046],[nan]
142,,,[ 0.         0.        27.7380556],[575.99998183],[0.00130053]
143,,,[ 0.          0.         28.78133853],[576.00002782],[nan]
