,x_train,y_train,x_test,y_pred,y_std
0,[-3.0444061  0.         0.         0.       ],[40412067.11302085],[1.30734089 0.         0.         0.        ],[-4.02075771e+08],[0.00033455]
1,[-2.70513074  0.          0.          0.        ],[1.76060368e+08],[1.22479985 0.         0.         0.        ],[-3.91784882e+08],[0.0005451]
2,[2.97959718 0.         0.         0.        ],[-67174645.57570726],[0.67622105 0.         0.         0.        ],[-2.60727667e+08],[0.0004173]
3,[-3.0773206  0.         0.         0.       ],[26751464.74335226],[-0.24579055  0.          0.          0.        ],[1.01394086e+08],[0.00037336]
4,[-0.2034807  0.         0.         0.       ],[84161271.42350742],[0.26595026 0.         0.         0.        ],[-1.09505669e+08],[nan]
5,[-1.76556112  0.          0.          0.        ],[4.0859642e+08],[3.0084159 0.        0.        0.       ],[-55281578.41907028],[0.00055007]
6,[2.61901258 0.         0.         0.        ],[-2.07868516e+08],[2.03681995 0.         0.         0.        ],[-3.71956247e+08],[0.00064475]
7,[-0.05361692  0.          0.          0.        ],[22322000.96926422],[-0.24029163  0.          0.          0.        ],[99170265.9998075],[0.00035202]
8,[2.72982666 0.         0.         0.        ],[-1.66684947e+08],[-1.46773272  0.          0.          0.        ],[4.14228385e+08],[0.00054939]
9,[-1.52341569  0.          0.          0.        ],[4.16009188e+08],[-2.53184424  0.          0.          0.        ],[2.38561425e+08],[0.00061356]
10,[1.94330426 0.         0.         0.        ],[-3.87904873e+08],[0.70605632 0.         0.         0.        ],[-2.70300447e+08],[0.00040115]
11,[1.23057261 0.         0.         0.        ],[-3.92598043e+08],[-0.14534001  0.          0.          0.        ],[60354708.69687481],[0.00026018]
12,[1.18774577 0.         0.         0.        ],[-3.86293681e+08],[-0.44814865  0.          0.          0.        ],[1.80542204e+08],[0.0006234]
13,[0.97355902 0.         0.         0.        ],[-3.44375704e+08],[-2.66359185  0.          0.          0.        ],[1.91668594e+08],[0.0006942]
14,[-1.87018119  0.          0.          0.        ],[3.97946958e+08],[2.34943171 0.         0.         0.        ],[-2.96438715e+08],[0.00055654]
15,[-0.75410671  0.          0.          0.        ],[2.85134881e+08],[0.90257231 0.         0.         0.        ],[-3.26957655e+08],[0.00044658]
16,[3.09769218 0.         0.         0.        ],[-18277297.72128458],[0.47811962 0.         0.         0.        ],[-1.91696135e+08],[0.00031148]
17,[2.74001557 0.         0.         0.        ],[-1.62786058e+08],[-0.04926238  0.          0.          0.        ],[20525595.88158705],[nan]
18,[0.03479116 0.         0.         0.        ],[-14486775.53900736],[2.73512667 0.         0.         0.        ],[-1.64708206e+08],[0.00057895]
19,[-1.13346775  0.          0.          0.        ],[3.77273797e+08],[-0.49547657  0.          0.          0.        ],[1.98102133e+08],[0.00027474]
20,[1.46354213 0.         0.         0.        ],[-4.14079916e+08],[-0.11489897  0.          0.          0.        ],[47778287.30864786],[0.00040275]
21,[2.8544182 0.        0.        0.       ],[-1.17959009e+08],[0.84937702 0.         0.         0.        ],[-3.1278201e+08],[0.00036288]
22,[0.3459782 0.        0.        0.       ],[-1.41234614e+08],[1.80974453 0.         0.         0.        ],[-4.04525978e+08],[0.00048879]
23,[-2.604166  0.        0.        0.      ],[2.13201315e+08],[-1.21200489  0.          0.          0.        ],[3.89973915e+08],[0.00044402]
24,[0.63053868 0.         0.         0.        ],[-2.45544131e+08],[3.04983008 0.         0.         0.        ],[-38114569.98108841],[0.00065649]
25,[ 0.         -0.73280233  0.          0.        ],[-41520655.93307577],[-1.5339781  0.         0.         0.       ],[4.16143717e+08],[0.00055996]
26,[0.         0.55100923 0.         0.        ],[32048940.46247994],[2.31097605 0.         0.         0.        ],[-3.07454016e+08],[0.00059405]
27,[0.         0.86743646 0.         0.        ],[48091131.54854239],[0.71994986 0.         0.         0.        ],[-2.74676524e+08],[0.00043161]
28,[0.         0.71725553 0.         0.        ],[41332818.32689568],[-2.11178092  0.          0.          0.        ],[3.56953061e+08],[0.0006171]
29,[ 0.         -2.23107475  0.          0.        ],[-1.27330399e+08],[1.79621528 0.         0.         0.        ],[-4.05823146e+08],[0.00053806]
30,[ 0.         -1.76352088  0.          0.        ],[-1.00443581e+08],[-2.40411407  0.          0.          0.        ],[2.80074441e+08],[0.0006432]
31,[ 0.         -2.88995076  0.          0.        ],[-1.63538809e+08],[1.62246755 0.         0.         0.        ],[-4.15822579e+08],[0.00033172]
32,[0.         1.18382369 0.         0.        ],[68053626.65441191],[0.51984182 0.         0.         0.        ],[-2.06955404e+08],[0.00053117]
33,[ 0.         -2.83334742  0.          0.        ],[-1.59572787e+08],[2.48680808 0.         0.         0.        ],[-2.53629375e+08],[0.00053913]
34,[0.         0.79427935 0.         0.        ],[44713894.48545257],[0.5223447 0.        0.        0.       ],[-2.07859593e+08],[nan]
35,[ 0.         -0.12343932  0.          0.        ],[-6645311.80101669],[-2.31413867  0.          0.          0.        ],[3.06613694e+08],[0.00065235]
36,[ 0.         -0.53186812  0.          0.        ],[-29121356.74233424],[-0.17090521  0.          0.          0.        ],[70873891.5193497],[nan]
37,[0.         1.11038155 0.         0.        ],[62796931.64206095],[2.15599144 0.         0.         0.        ],[-3.4708835e+08],[0.00050934]
38,[ 0.         -0.26068025  0.          0.        ],[-15783430.82500287],[1.71455242 0.         0.         0.        ],[-4.1207023e+08],[0.00062934]
39,[ 0.         -1.64090903  0.          0.        ],[-93812627.39720042],[-2.32455364  0.          0.          0.        ],[3.03664668e+08],[0.0005551]
40,[ 0.         -0.55347638  0.          0.        ],[-32347772.50036703],[-0.19725309  0.          0.          0.        ],[81666477.51976182],[7.26083418e-05]
41,[0.         0.84918309 0.         0.        ],[49098639.84784425],[-1.56620386  0.          0.          0.        ],[4.16416154e+08],[0.00029663]
42,[0.         1.35811587 0.         0.        ],[77362497.5392424],[0.34695733 0.         0.         0.        ],[-1.41674766e+08],[nan]
43,[0.         2.07350915 0.         0.        ],[1.17363356e+08],[-0.64078318  0.          0.          0.        ],[2.49072968e+08],[0.00038118]
44,[0.         1.91460232 0.         0.        ],[1.07370772e+08],[-1.98265349  0.          0.          0.        ],[3.8157895e+08],[0.00043592]
45,[ 0.         -0.16123545  0.          0.        ],[-8275732.87165706],[-0.73418961  0.          0.          0.        ],[2.79124568e+08],[0.00050575]
46,[ 0.         -3.12838675  0.          0.        ],[-1.76128804e+08],[-2.20326062  0.          0.          0.        ],[3.35887895e+08],[0.0006306]
47,[ 0.         -1.28783455  0.          0.        ],[-71858627.837712],[-0.26212163  0.          0.          0.        ],[1.07980185e+08],[nan]
48,[ 0.         -1.74634597  0.          0.        ],[-97877380.2112238],[0.         0.24840482 0.         0.        ],[14065688.54251278],[0.0003231]
49,[0.         0.57405394 0.         0.        ],[31494855.68214845],[ 0.         -0.94362052  0.          0.        ],[-53375303.78970263],[0.00048313]
50,[ 0.          0.         -0.93340404  0.        ],[5.28357527e+08],[ 0.         -2.63080486  0.          0.        ],[-1.48695006e+08],[0.00032948]
51,[0.         0.         0.61879665 0.        ],[-3.50270167e+08],[0.         2.00489656 0.         0.        ],[1.13518651e+08],[0.00023006]
52,[0.         0.         0.64184419 0.        ],[-3.63316937e+08],[0.         0.77709596 0.         0.        ],[43993940.19439638],[nan]
53,[0.         0.         0.60168482 0.        ],[-3.40586867e+08],[ 0.         -0.51471582  0.          0.        ],[-29116420.93953243],[0.00034285]
54,[0.         0.         0.72895249 0.        ],[-4.12626265e+08],[ 0.         -0.90873474  0.          0.        ],[-51402507.26067903],[nan]
55,[0.         0.         0.95379633 0.        ],[-5.39899717e+08],[ 0.         -1.87630701  0.          0.        ],[-1.06092604e+08],[0.00040441]
56,[0.         0.         0.54114784 0.        ],[-3.06317433e+08],[0.         0.25650155 0.         0.        ],[14523975.95805395],[nan]
57,[0.         0.         0.11231803 0.        ],[-63577039.24608039],[ 0.         -0.44647286  0.          0.        ],[-25255784.1551288],[0.00039858]
58,[0.         0.         0.46116642 0.        ],[-2.6104694e+08],[0.        1.8465927 0.        0.       ],[1.04553743e+08],[0.00040556]
59,[ 0.          0.         -0.93174832  0.        ],[5.2742215e+08],[ 0.        -0.6938518  0.         0.       ],[-39249467.67932048],[nan]
60,[ 0.          0.         -0.30968488  0.        ],[1.75296693e+08],[ 0.         -2.89114739  0.          0.        ],[-1.633847e+08],[nan]
61,[0.        0.        0.5109129 0.       ],[-2.89203829e+08],[ 0.         -0.77325787  0.          0.        ],[-43740678.80129037],[nan]
62,[0.         0.         0.10737812 0.        ],[-60779350.78709822],[0.         0.60628149 0.         0.        ],[34323595.26365963],[nan]
63,[0.         0.         0.32667292 0.        ],[-1.8491493e+08],[0.         1.69006149 0.         0.        ],[95689350.56335959],[0.00042174]
64,[0.        0.        0.6830847 0.       ],[-3.86660516e+08],[ 0.         -0.09005142  0.          0.        ],[-5089071.43400279],[7.18158183e-05]
65,[0.         0.         0.27227748 0.        ],[-1.54124704e+08],[ 0.         -0.37497252  0.          0.        ],[-21210649.32270826],[nan]
66,[ 0.          0.         -0.82551691  0.        ],[4.67287719e+08],[ 0.         -2.50745797  0.          0.        ],[-1.41733279e+08],[0.00033218]
67,[0.         0.         0.30818711 0.        ],[-1.74450662e+08],[ 0.         -1.51748999  0.          0.        ],[-85817900.2173855],[nan]
68,[ 0.          0.         -0.86069231  0.        ],[4.87199421e+08],[ 0.         -0.07423653  0.          0.        ],[-4194129.06363701],[nan]
69,[0.         0.         0.35882749 0.        ],[-2.0311241e+08],[ 0.         -2.49192023  0.          0.        ],[-1.40856231e+08],[0.0003204]
70,[ 0.          0.         -0.73780454  0.        ],[4.17641513e+08],[0.         0.85393381 0.         0.        ],[48344196.26268882],[nan]
71,[0.         0.         0.71484601 0.        ],[-4.04641714e+08],[0.         1.35606453 0.         0.        ],[76775773.21566042],[nan]
72,[ 0.          0.         -0.43362743  0.        ],[2.45460651e+08],[0.        2.4244115 0.        0.       ],[1.37276329e+08],[0.00070144]
73,[0.         0.         0.46076153 0.        ],[-2.60815593e+08],[ 0.         -2.97357269  0.          0.        ],[-1.68034294e+08],[0.00037324]
74,[0.         0.         0.94743323 0.        ],[-5.36304597e+08],[ 0.         -2.23312301  0.          0.        ],[-1.26245416e+08],[nan]
75,[ 0.          0.          0.         -0.85536489],[4.8418522e+08],[ 0.        -1.9670681  0.         0.       ],[-1.11219607e+08],[nan]
76,[ 0.          0.          0.         -0.95439185],[5.40236456e+08],[ 0.         -2.69510965  0.          0.        ],[-1.52323905e+08],[nan]
77,[0.         0.         0.         0.56662499],[-3.20738531e+08],[ 0.         -2.21768524  0.          0.        ],[-1.25373684e+08],[nan]
78,[0.         0.         0.         0.74886085],[-4.23894686e+08],[ 0.         -2.80565499  0.          0.        ],[-1.58561468e+08],[nan]
79,[0.         0.         0.         0.70780152],[-4.006547e+08],[0.         2.90267545 0.         0.        ],[1.6435997e+08],[0.00096273]
80,[ 0.          0.          0.         -0.37514275],[2.12352887e+08],[0.         1.92479805 0.         0.        ],[1.08982581e+08],[0.00019327]
81,[ 0.         0.         0.        -0.7613537],[4.30968733e+08],[0.         1.67189903 0.         0.        ],[94660820.60192092],[7.40602402e-05]
82,[0.         0.         0.         0.55593636],[-3.1469211e+08],[ 0.         -1.63165208  0.          0.        ],[-92269457.28260782],[0.00020822]
83,[0.         0.         0.         0.33789794],[-1.9126759e+08],[ 0.        -2.8459444  0.         0.       ],[-1.60834551e+08],[0.00047265]
84,[0.         0.         0.         0.96734349],[-5.47568463e+08],[0.         0.44674758 0.         0.        ],[25292584.2531202],[0.00044418]
85,[0.         0.         0.         0.92763357],[-5.25090648e+08],[ 0.         -3.09207588  0.          0.        ],[-1.74717981e+08],[0.00068259]
86,[0.         0.         0.         0.12208826],[-69107811.66978984],[0.         1.03069286 0.         0.        ],[58352102.98309565],[0.00054485]
87,[0.         0.         0.         0.05299631],[-29997565.97326386],[0.         0.57697975 0.         0.        ],[32664806.75274614],[nan]
88,[ 0.          0.          0.         -0.12359304],[69963607.09711386],[ 0.         -1.31876033  0.          0.        ],[-74585284.98398215],[0.00036655]
89,[ 0.          0.          0.         -0.35687831],[2.02015894e+08],[ 0.         -0.52209176  0.          0.        ],[-29533678.59764612],[nan]
90,[ 0.          0.          0.         -0.51968264],[2.94168752e+08],[ 0.         -1.06897448  0.          0.        ],[-60463550.11588214],[nan]
91,[ 0.          0.          0.         -0.99601164],[5.63800372e+08],[ 0.         -0.11062183  0.          0.        ],[-6253098.61538482],[nan]
92,[ 0.          0.          0.         -0.50622416],[2.86547946e+08],[ 0.        -0.5658239  0.         0.       ],[-32007572.88741589],[0.00029381]
93,[0.         0.         0.         0.51047582],[-2.88955455e+08],[0.         1.98826943 0.         0.        ],[1.12577043e+08],[0.00061817]
94,[0.         0.         0.         0.25987928],[-1.47102531e+08],[0.        1.6192707 0.        0.       ],[91680519.36656746],[nan]
95,[0.         0.         0.         0.25675456],[-1.4533853e+08],[ 0.         -1.44793863  0.          0.        ],[-81886984.51241995],[0.00042112]
96,[0.         0.         0.         0.82910592],[-4.69318077e+08],[ 0.          0.         -0.10718121  0.        ],[60673298.93010344],[0.00014752]
97,[0.         0.         0.         0.96302376],[-5.45123664e+08],[0.        0.        0.1326269 0.       ],[-75062194.24160343],[nan]
98,[0.         0.         0.         0.39215247],[-2.2197854e+08],[ 0.          0.         -0.92104526  0.        ],[5.21309508e+08],[0.00033655]
99,[0.         0.         0.         0.26935101],[-1.5246889e+08],[0.         0.         0.66595215 0.        ],[-3.76926866e+08],[nan]
100,,,[0.         0.         0.63898067 0.        ],[-3.61661386e+08],[nan]
101,,,[ 0.          0.         -0.76322684  0.        ],[4.31992011e+08],[nan]
102,,,[0.         0.         0.84247939 0.        ],[-4.76836765e+08],[0.00039893]
103,,,[ 0.         0.        -0.7662484  0.       ],[4.33702099e+08],[nan]
104,,,[0.         0.         0.38636934 0.        ],[-2.18683775e+08],[0.00036348]
105,,,[ 0.          0.         -0.54982202  0.        ],[3.11210041e+08],[nan]
106,,,[ 0.          0.         -0.44347228  0.        ],[2.51016841e+08],[0.00018297]
107,,,[ 0.        0.       -0.114604  0.      ],[64874722.29175408],[nan]
108,,,[0.         0.         0.37533554 0.        ],[-2.12438553e+08],[0.00028355]
109,,,[0.         0.         0.72201631 0.        ],[-4.08658148e+08],[0.00022505]
110,,,[0.         0.         0.50862776 0.        ],[-2.87882485e+08],[0.00022704]
111,,,[ 0.          0.         -0.13465412  0.        ],[76223393.38835633],[nan]
112,,,[ 0.          0.         -0.36839046  0.        ],[2.08520488e+08],[nan]
113,,,[ 0.         0.        -0.4715144  0.       ],[2.66888573e+08],[nan]
114,,,[ 0.          0.         -0.39610543  0.        ],[2.24207229e+08],[nan]
115,,,[0.         0.         0.77099229 0.        ],[-4.3637736e+08],[0.00028434]
116,,,[0.         0.         0.94716338 0.        ],[-5.36083283e+08],[0.00034288]
117,,,[ 0.          0.         -0.25645575  0.        ],[1.45164671e+08],[nan]
118,,,[0.         0.         0.51319916 0.        ],[-2.90469886e+08],[nan]
119,,,[ 0.          0.         -0.51198142  0.        ],[2.89792647e+08],[nan]
120,,,[ 0.          0.         -0.03057978  0.        ],[17315629.76084608],[0.00058846]
121,,,[0.        0.        0.1429855 0.       ],[-80925340.60969055],[nan]
122,,,[ 0.          0.         -0.58047421  0.        ],[3.28558754e+08],[0.000186]
123,,,[0.         0.         0.85818921 0.        ],[-4.85727939e+08],[0.00061437]
124,,,[0.         0.         0.89356808 0.        ],[-5.05750909e+08],[0.00044833]
125,,,[0.         0.         0.01322335 0.        ],[-7477706.38720434],[nan]
126,,,[ 0.         0.        -0.7275768  0.       ],[4.11815335e+08],[nan]
127,,,[0.         0.         0.90758758 0.        ],[-5.13685325e+08],[0.00043556]
128,,,[ 0.          0.         -0.88518749  0.        ],[5.01016105e+08],[0.0003749]
129,,,[0.         0.         0.33650093 0.        ],[-1.90457804e+08],[nan]
130,,,[ 0.          0.         -0.29210059  0.        ],[1.65339986e+08],[0.00011073]
131,,,[0.         0.         0.31345977 0.        ],[-1.77416253e+08],[nan]
132,,,[0.         0.         0.64032008 0.        ],[-3.62419466e+08],[nan]
133,,,[0.         0.         0.88834831 0.        ],[-5.0279675e+08],[nan]
134,,,[0.         0.         0.72414339 0.        ],[-4.09862032e+08],[8.80118742e-05]
135,,,[ 0.          0.         -0.10078331  0.        ],[57051984.99303912],[0.00026056]
136,,,[0.         0.         0.24804778 0.        ],[-1.40392224e+08],[nan]
137,,,[ 0.          0.         -0.61750472  0.        ],[3.49517385e+08],[0.00051999]
138,,,[0.         0.         0.86873593 0.        ],[-4.91696958e+08],[0.00033573]
139,,,[0.         0.         0.57121148 0.        ],[-3.23304645e+08],[0.00042214]
140,,,[0.         0.         0.01716838 0.        ],[-9710664.20955788],[0.00025915]
141,,,[ 0.          0.         -0.40077022  0.        ],[2.26847508e+08],[0.0002316]
142,,,[0.         0.         0.42759944 0.        ],[-2.42020268e+08],[nan]
143,,,[0.         0.         0.61361706 0.        ],[-3.47305859e+08],[0.00043141]
144,,,[ 0.          0.          0.         -0.16475272],[93259674.00920436],[0.00024805]
145,,,[0.        0.        0.        0.3328861],[-1.88412048e+08],[0.00040249]
146,,,[ 0.          0.          0.         -0.71712997],[4.05902436e+08],[0.00050412]
147,,,[ 0.          0.          0.         -0.91463458],[5.17680812e+08],[0.00048001]
148,,,[0.         0.         0.         0.92826473],[-5.25389087e+08],[0.00030296]
149,,,[0.         0.         0.         0.89503893],[-5.06584734e+08],[0.00043053]
150,,,[ 0.          0.          0.         -0.38812859],[2.19692307e+08],[nan]
151,,,[ 0.          0.          0.         -0.85932197],[4.86377047e+08],[nan]
152,,,[ 0.          0.          0.         -0.41830469],[2.36771983e+08],[nan]
153,,,[ 0.          0.          0.         -0.11356037],[64284044.78951752],[nan]
154,,,[ 0.          0.          0.         -0.25904337],[1.46629317e+08],[0.00021439]
155,,,[0.         0.         0.         0.92845051],[-5.25494239e+08],[0.00049752]
156,,,[0.         0.         0.         0.34600725],[-1.95838773e+08],[nan]
157,,,[0.         0.         0.         0.36454354],[-2.06330507e+08],[nan]
158,,,[ 0.          0.          0.         -0.07070529],[40027367.18575691],[nan]
159,,,[0.         0.         0.         0.95674469],[-5.41507364e+08],[nan]
160,,,[ 0.          0.          0.         -0.52341802],[2.96265536e+08],[nan]
161,,,[ 0.          0.          0.         -0.71467176],[4.04511167e+08],[0.00042425]
162,,,[ 0.          0.          0.         -0.24492792],[1.38639832e+08],[nan]
163,,,[ 0.          0.          0.         -0.17884881],[1.01238253e+08],[nan]
164,,,[ 0.          0.          0.         -0.04652699],[26342042.7461335],[nan]
165,,,[ 0.          0.          0.         -0.52140146],[2.95124191e+08],[0.00030918]
166,,,[0.         0.         0.         0.13550099],[-76689075.79629749],[nan]
167,,,[ 0.          0.          0.         -0.52714223],[2.98373406e+08],[0.00020878]
168,,,[ 0.          0.          0.         -0.49537756],[2.80394894e+08],[0.00012353]
169,,,[ 0.          0.          0.         -0.31850608],[1.80285684e+08],[nan]
170,,,[0.         0.         0.         0.43816823],[-2.48002676e+08],[nan]
171,,,[ 0.          0.          0.         -0.41274932],[2.33627648e+08],[0.00021867]
172,,,[0.         0.         0.         0.67473285],[-3.81897469e+08],[nan]
173,,,[0.         0.         0.         0.45950643],[-2.60080219e+08],[nan]
174,,,[ 0.         0.         0.        -0.2796529],[1.58294501e+08],[0.00016973]
175,,,[ 0.          0.          0.         -0.61306124],[3.47002254e+08],[nan]
176,,,[0.         0.         0.         0.36026843],[-2.03910759e+08],[nan]
177,,,[0.         0.         0.         0.91386375],[-5.17238777e+08],[nan]
178,,,[ 0.          0.          0.         -0.72032935],[4.07713176e+08],[0.00049631]
179,,,[0.         0.         0.         0.11340175],[-64180500.82488225],[0.00020446]
180,,,[ 0.          0.          0.         -0.52295224],[2.96001914e+08],[nan]
181,,,[0.         0.         0.         0.26813683],[-1.51763114e+08],[nan]
182,,,[ 0.          0.          0.         -0.97421188],[5.51397575e+08],[0.00032509]
183,,,[0.         0.         0.         0.07625794],[-43156441.87823634],[nan]
184,,,[0.         0.         0.         0.62875847],[-3.55876503e+08],[nan]
185,,,[ 0.          0.          0.         -0.31172061],[1.76445068e+08],[nan]
186,,,[0.         0.         0.         0.21698495],[-1.22810369e+08],[0.0003976]
187,,,[ 0.          0.          0.         -0.98833391],[5.59389611e+08],[0.00038632]
188,,,[0.         0.         0.         0.81745008],[-4.62672248e+08],[0.00025872]
189,,,[ 0.          0.          0.         -0.90107136],[5.10004856e+08],[nan]
190,,,[ 0.          0.          0.         -0.58039669],[3.2851471e+08],[nan]
191,,,[0.         0.         0.         0.78069421],[-4.41869465e+08],[0.0006803]
