,x_train,y_train,x_test,y_pred,y_std
0,[27.74504128 -8.03808092 24.325     ],[27.67498758],[27.67498758 -7.44304148 24.46666667],[27.58936315],[0.02573818]
1,[27.61424732 -7.44041425 24.60833333],[27.55515116],[27.55515116 -7.47158093 24.75      ],[27.4998202],[0.01300887]
2,[27.49724484 -7.50274759 24.89166667],[27.44051052],[27.44051052 -7.53391426 25.03333333],[27.39647471],[0.01266847]
3,[27.38493062 -7.56508092 25.175     ],[27.3304879],[27.3304879  -7.5962476  25.31666667],[27.27979037],[0.01110384]
4,[27.27716537 -7.62741426 25.45833333],[27.22494637],[27.22494637 -7.65858092 25.6       ],[27.1555167],[0.01557939]
5,[27.17381447 -7.6457476  25.54166667],[27.12319584],[27.12319584 -7.63291426 25.48333333],[27.06733724],[0.01009426]
6,[27.07308184 -7.62008093 25.425     ],[27.02346398],[27.02346398 -7.60724759 25.36666667],[26.97559816],[0.0081967]
7,[26.97433394 -7.59441426 25.30833333],[26.92568351],[26.92568351 -7.58158092 25.25      ],[26.88202609],[0.0080202]
8,[26.87750466 -7.56874759 25.19166667],[26.82978948],[26.82978948 -7.55591425 25.13333333],[26.78790638],[0.00806325]
9,[26.78253021 -7.54308092 25.075     ],[26.73571922],[26.73571922 -7.5302476  25.01666667],[26.69416224],[0.00788832]
10,[26.689349   -7.51741426 24.95833333],[26.64341221],[26.64341221 -7.50458093 24.9       ],[26.60142697],[0.00753677]
11,[26.59790159 -7.49174759 24.84166667],[26.55281006],[26.55281006 -7.47891426 24.78333333],[26.51010852],[0.00715337]
12,[26.50813061 -7.46608092 24.725     ],[26.4638564],[26.4638564  -7.45324759 24.66666667],[26.42044512],[0.0068542]
13,[26.41998068 -7.44041425 24.60833333],[26.37649683],[26.37649683 -7.42758092 24.55      ],[26.33255208],[0.00668673]
14,[26.33339835 -7.4147476  24.49166667],[26.29067884],[26.29067884 -7.40191426 24.43333333],[26.24646002],[0.00663524]
15,[26.24833202 -7.38908093 24.375     ],[26.20635174],[26.20635174 -7.37624759 24.31666667],[26.16214489],[0.00665056]
16,[26.16473192 -7.36341426 24.25833333],[26.12346661],[26.12346661 -7.35058092 24.2       ],[26.07955082],[0.0066809]
17,[26.08254997 -7.33774759 24.14166667],[26.04197625],[26.04197625 -7.32491425 24.08333333],[25.99860638],[0.00668904]
18,[26.00173979 -7.31208092 24.025     ],[25.96183506],[25.96183506 -7.2992476  23.96666667],[25.91923544],[0.00665676]
19,[25.92225661 -7.28641426 23.90833333],[25.88299908],[25.88299908 -7.27358093 23.85      ],[25.84136342],[0.0065839]
20,[25.84405722 -7.26074759 23.79166667],[25.80542585],[25.80542585 -7.24791426 23.73333333],[25.76491983],[0.00648592]
21,[25.7670999  -7.23508092 23.675     ],[25.72907438],[25.72907438 -7.22224759 23.61666667],[25.68983809],[0.00639098]
22,[25.69134439 -7.20941425 23.55833333],[25.65390512],[25.65390512 -7.19658092 23.5       ],[25.61605314],[0.00633501]
23,[25.61675184 -7.1837476  23.44166667],[25.5798799],[25.5798799  -7.17091426 23.38333333],[25.54349777],[0.00635223]
24,[25.54328474 -7.15808093 23.325     ],[25.50696188],[25.50696188 -7.14524759 23.26666667],[25.47209802],[0.00646107]
25,[25.4709069  -7.13241426 23.20833333],[25.43511547],[25.43511547 -7.11958092 23.15      ],[25.40176825],[0.00665149]
26,[25.39958335 -7.10674759 23.09166667],[25.36430636],[25.36430636 -7.09391425 23.03333333],[25.33240626],[0.00688065]
27,[25.32928039 -7.08108092 22.975     ],[25.2945014],[25.2945014  -7.0682476  22.91666667],[25.26388871],[0.0070815]
28,[25.25996544 -7.05541426 22.85833333],[25.22566861],[25.22566861 -7.04258093 22.8       ],[25.19606709],[0.00718231]
29,[25.19160708 -7.02974759 22.74166667],[25.1577771],[25.1577771  -7.01691426 22.68333333],[25.12876442],[0.00713999]
30,[25.12417497 -7.00408092 22.625     ],[25.09079707],[25.09079707 -6.99124759 22.56666667],[25.06177279],[0.00700209]
31,[25.05763983 -6.97841425 22.50833333],[25.02469975],[25.02469975 -6.96558092 22.45      ],[24.99485172],[0.00702241]
32,[24.99197339 -6.9527476  22.39166667],[24.95945737],[24.95945737 -6.93991426 22.33333333],[24.92772742],[0.00777039]
33,[24.93218299 -6.92708093 22.275     ],[24.90682508],[24.90682508 -6.91424759 22.21666667],[24.87012899],[0.00984154]
34,[24.88299164 -6.90141426 22.15833333],[24.86129006],[24.86129006 -6.88858092 22.1       ],[24.81855877],[0.01301683]
35,[24.84171479 -6.93441426 22.30833333],[24.82499555],[24.82499555 -6.98024759 22.51666667],[24.81639102],[0.00932358]
36,[24.81110749 -7.02608093 22.725     ],[24.8000267],[24.8000267  -7.07191426 22.93333333],[24.80583853],[0.01015233]
37,[24.79173064 -7.1177476  23.14166667],[24.78619808],[24.78619808 -7.16358092 23.35      ],[24.79496339],[0.01018537]
38,[24.78340897 -7.20941425 23.55833333],[24.78294495],[24.78294495 -7.25258639 23.76666667],[24.78836252],[0.00955714]
39,[24.78476257 -7.29104609 23.975     ],[24.78885928],[24.78885928 -7.33133621 24.18333333],[24.78451942],[0.00937169]
40,[24.79787845 -7.37496804 24.39166667],[24.80877774],[24.80877774 -7.42044299 24.6       ],[24.80714742],[0.00925926]
41,[24.82167946 -7.46585164 24.8       ],[24.83650461],[24.83650461 -7.51291068 25.        ],[24.84513505],[0.0092666]
42,[24.85320416 -7.56153726 25.2       ],[24.87173408],[24.87173408 -7.61165548 25.4       ],[24.89590336],[0.00977608]
43,[24.89205445 -7.65846073 25.6       ],[24.91418901],[24.91418901 -7.70258093 25.8       ],[24.949017],[0.00995147]
44,[24.93815472 -7.74658092 26.        ],[24.96330616],[24.96330616 -7.79058092 26.2       ],[25.00156896],[0.00992586]
45,[24.98960811 -7.83458093 26.4       ],[25.0170289],[25.0170289  -7.87858092 26.6       ],[25.04454623],[0.01256367]
46,[25.04553991 -7.92258092 26.8       ],[25.0751151],,,
47,[ 25.0751151  -11.28169763  27.        ],[25.06807397],,,
48,[ 25.06807397 -10.98615786  27.2       ],[25.0664432],,,
