,x_train,y_train,x_test,y_pred,y_std
0,[22.9153096   0.76087547 15.71698497],[4.31388657],[25.92929293  2.0989899  15.6969697 ],[2.89173153],[0.40120247]
1,[27.91804973  1.7037645  11.80524827],[8.61332005],[22.05050505  0.48282828 10.84848485],[3.11522572],[0.72929976]
2,[24.84047462  1.27457905 10.7671198 ],[0.19901232],[28.5959596   2.11919192 15.75757576],[9.48489915],[0.45584469]
3,[27.27968038  1.56366469 14.20076387],[5.16658789],[21.72727273  0.3010101  10.3030303 ],[3.38394934],[0.91445854]
4,[24.89959464  1.57779119 10.26730096],[-0.04397506],[26.17171717  1.06868687 12.60606061],[1.74872629],[0.10778794]
5,[28.09276382  0.99056242 10.10286817],[9.82672678],[23.42424242  0.32121212 10.36363636],[-0.2727202],[0.50510912]
6,[28.78285593  2.1736891  11.96090428],[14.11060772],[23.98989899  1.02828283 12.48484848],[0.53453515],[0.12981245]
7,[27.95569886  0.96412326 11.16683697],[9.0529594],[27.46464646  1.35151515 13.45454545],[5.87763849],[0.0968707]
8,[23.20584305  1.93228787 12.21380429],[3.02608837],[22.6969697   1.65454545 14.36363636],[5.35894044],[0.20500276]
9,[24.35902833  0.95109706 13.82982125],[0.3669446],[26.01010101  0.38181818 10.54545455],[1.12160334],[0.19773187]
10,,,[26.57575758  1.9979798  15.39393939],[3.60717837],[0.29262648]
11,,,[24.39393939  0.84646465 11.93939394],[-0.2012501],[0.15352345]
12,,,[27.86868687  0.34141414 10.42424242],[8.15843153],[0.16066086]
13,,,[22.93939394  1.57373737 14.12121212],[4.39243837],[0.16562479]
14,,,[24.07070707  1.23030303 13.09090909],[0.96741167],[0.09078202]
15,,,[24.87878788  2.17979798 15.93939394],[2.98989193],[0.51459505]
16,,,[27.78787879  2.05858586 15.57575758],[6.75997992],[0.31208981]
17,,,[24.23232323  0.28080808 10.24242424],[-0.9718906],[0.38789099]
18,,,[22.61616162  0.74545455 11.63636364],[2.4463761],[0.4608698]
19,,,[26.09090909  0.22020202 10.06060606],[1.33994906],[0.25116773]
20,,,[25.68686869  1.18989899 12.96969697],[0.96708542],[0.11194958]
21,,,[24.95959596  0.72525253 11.57575758],[-0.34925897],[0.1517232]
22,,,[28.11111111  1.7959596  14.78787879],[8.10927184],[0.22558909]
23,,,[28.27272727  1.10909091 12.72727273],[9.61775807],[0.18626152]
24,,,[21.48484848  0.88686869 12.06060606],[6.40198193],[0.65275733]
25,,,[23.58585859  1.67474747 14.42424242],[3.17103793],[0.21858299]
26,,,[22.85858586  0.76565657 11.6969697 ],[1.90087355],[0.40157925]
27,,,[25.12121212  0.70505051 11.51515152],[-0.25415826],[0.14934453]
28,,,[25.60606061  2.03838384 15.51515152],[2.5404229],[0.38847872]
29,,,[24.47474747  0.4020202  10.60606061],[-0.86242077],[0.30182688]
30,,,[28.75757576  0.42222222 10.66666667],[12.65842079],[0.21549879]
31,,,[22.45454545  0.26060606 10.18181818],[1.38805046],[0.75084411]
32,,,[22.77777778  2.07878788 15.63636364],[6.51357948],[0.45310458]
33,,,[25.2020202   1.8969697  15.09090909],[2.09135277],[0.33515017]
34,,,[24.31313131  1.95757576 15.27272727],[2.85957803],[0.38953736]
35,,,[22.13131313  1.43232323 13.6969697 ],[6.33115754],[0.26077317]
36,,,[28.35353535  1.04848485 12.54545455],[10.08344604],[0.19489825]
37,,,[29.          1.91717172 15.15151515],[11.52091518],[0.44567596]
38,,,[27.22222222  1.45252525 13.75757576],[4.97517808],[0.0840534]
39,,,[25.52525253  0.82626263 11.87878788],[0.33060279],[0.11967708]
40,,,[21.56565657  1.31111111 13.33333333],[7.78818],[0.42669774]
41,,,[26.65656566  0.2        10.        ],[3.10166027],[0.23370786]
42,,,[27.3030303   1.37171717 13.51515152],[5.26666778],[0.08802005]
43,,,[24.7979798   0.86666667 12.        ],[-0.21775431],[0.12628573]
44,,,[27.54545455  0.62424242 11.27272727],[6.55316503],[0.12826118]
45,,,[28.51515152  0.64444444 11.33333333],[11.28963013],[0.19058059]
46,,,[23.50505051  1.39191919 13.57575758],[2.40403831],[0.10670217]
47,,,[25.44444444  0.54343434 11.03030303],[0.01064957],[0.17536818]
48,,,[21.16161616  1.75555556 14.66666667],[10.68043007],[0.45877763]
49,,,[27.38383838  1.93737374 15.21212121],[5.53394916],[0.22531889]
50,,,[26.33333333  0.44242424 10.72727273],[2.01317014],[0.17034218]
51,,,[28.67676768  1.14949495 12.84848485],[11.56972327],[0.24818512]
52,,,[23.02020202  0.90707071 12.12121212],[1.94938387],[0.30478647]
53,,,[23.1010101   1.33131313 13.39393939],[3.13249142],[0.13101641]
54,,,[23.26262626  1.25050505 13.15151515],[2.47522725],[0.13113226]
55,,,[25.28282828  0.78585859 11.75757576],[-0.014563],[0.12837134]
56,,,[26.81818182  0.96767677 12.3030303 ],[3.56606175],[0.10968068]
57,,,[25.04040404  2.2        16.        ],[2.96034729],[0.52092785]
58,,,[21.88888889  1.63434343 14.3030303 ],[7.84325148],[0.2939729]
59,,,[28.19191919  1.81616162 14.84848485],[8.40235383],[0.24525732]
60,,,[21.4040404   1.29090909 13.27272727],[8.26999039],[0.47577404]
61,,,[26.49494949  2.01818182 15.45454545],[3.48805374],[0.31007786]
62,,,[24.63636364  1.49292929 13.87878788],[1.16724875],[0.16867078]
63,,,[26.73737374  1.08888889 12.66666667],[3.31500008],[0.10350733]
64,,,[28.83838384  1.16969697 12.90909091],[12.3584432],[0.27762427]
65,,,[22.37373737  0.68484848 11.45454545],[2.8996159],[0.54478029]
66,,,[26.25252525  1.69494949 14.48484848],[2.59498607],[0.18309698]
67,,,[26.8989899   1.41212121 13.63636364],[3.9139734],[0.08829459]
68,,,[21.          1.73535354 14.60606061],[11.16321384],[0.49659055]
69,,,[27.62626263  1.00808081 12.42424242],[6.70961516],[0.12622776]
70,,,[23.74747475  0.80606061 11.81818182],[0.30670131],[0.23558041]
71,,,[28.43434343  1.47272727 13.81818182],[9.90342171],[0.22533279]
72,,,[24.15151515  1.97777778 15.33333333],[3.14865764],[0.40183985]
73,,,[23.82828283  1.83636364 14.90909091],[3.22991579],[0.31434528]
74,,,[21.96969697  0.36161616 10.48484848],[2.9243983],[0.81659191]
75,,,[28.91919192  0.92727273 12.18181818],[13.14265845],[0.27115619]
76,,,[21.80808081  1.85656566 14.96969697],[8.82110941],[0.36594439]
77,,,[22.21212121  1.12929293 12.78787879],[4.95986951],[0.35624107]
78,,,[28.03030303  1.21010101 13.03030303],[8.36676852],[0.1565873]
79,,,[27.14141414  0.94747475 12.24242424],[4.73885189],[0.11274576]
80,,,[23.66666667  1.55353535 14.06060606],[2.60509314],[0.16282072]
81,,,[25.84848485  2.15959596 15.87878788],[2.95819562],[0.44513358]
82,,,[27.70707071  0.46262626 10.78787879],[7.35940849],[0.1409418]
83,,,[26.97979798  1.27070707 13.21212121],[4.1371986],[0.09111527]
84,,,[21.64646465  0.58383838 11.15151515],[4.67861281],[0.77710257]
85,,,[24.71717172  1.51313131 13.93939394],[1.1792923],[0.17719015]
86,,,[26.41414141  0.56363636 11.09090909],[2.25274795],[0.14449997]
87,,,[21.24242424  0.52323232 10.96969697],[5.69707389],[0.91952771]
88,,,[25.76767677  1.77575758 14.72727273],[2.07061252],[0.24814441]
89,,,[27.06060606  0.24040404 10.12121212],[4.60819646],[0.20299355]
90,,,[23.34343434  0.6040404  11.21212121],[0.45485711],[0.38594754]
91,,,[23.18181818  1.59393939 14.18181818],[3.82768573],[0.17014382]
92,,,[23.90909091  1.53333333 14.        ],[2.10292483],[0.16270189]
93,,,[24.55555556  0.5030303  10.90909091],[-0.7453728],[0.2528547]
94,,,[22.53535354  0.66464646 11.39393939],[2.39877095],[0.51903441]
95,,,[21.08080808  1.71515152 14.54545455],[10.83384964],[0.4749438]
96,,,[22.29292929  1.61414141 14.24242424],[6.45442849],[0.22868219]
97,,,[25.36363636  2.13939394 15.81818182],[2.73146242],[0.46449596]
98,,,[27.94949495  0.98787879 12.36363636],[8.18993996],[0.14942684]
99,,,[21.32323232  1.87676768 15.03030303],[10.47972603],[0.45159027]
