,x_train,y_train,x_test,y_pred,y_std
0,[23.42460705  0.22       14.63564257 24.13333333  0.          0.44275685],[-0.0109465],[23.18181818  1.73535354 14.60606061 22.94848485  1.04545455  0.90787879],[-8.30783565e-113],[0.31622777]
1,[25.11712505  0.22       13.         25.15        0.          0.44275685],[-0.02727202],[26.97979798  0.2        10.         30.30707071  4.32121212  3.21989899],[-2.72880508e-298],[0.31622777]
2,[23.15121285  0.22       13.         25.          0.          0.44275685],[-0.0127181],[23.74747475  1.91717172 15.15151515 20.91313131  0.13939394  0.26838384],[-1.41625973e-299],[0.31622777]
3,[24.09720899  0.22       13.         25.          0.          0.44275685],[-0.01961479],[27.14141414  0.80606061 11.81818182 22.63535354  0.90606061  0.80949495],[-3.68718694e-287],[0.31622777]
4,[24.99751992  0.22013161 12.9904289  32.10833333  0.44288164  0.75661109],[-0.00436276],[24.55555556  0.38181818 10.54545455 31.87272727  5.01818182  3.71181818],[0.],[0.31622777]
5,[27.07723636  0.22       13.         27.375       0.          0.44275685],[-0.04590381],[24.87878788  1.12929293 12.78787879 21.38282828  0.34848485  0.4159596 ],[-1.13582878e-307],[0.31622777]
6,[25.08530165  0.40587765 12.18630073 29.45        3.25722546  1.40794573],[-0.00090288],[26.41414141  1.41212121 13.63636364 21.06969697  0.20909091  0.31757576],[0.],[0.31622777]
7,[23.58412375  0.22       16.         26.90833333  2.88404449  0.74518956],[0.0402462],[21.          0.84646465 11.93939394 23.57474747  1.32424242  1.10464646],[-8.35897649e-228],[0.31622777]
8,[24.44105288  0.22       13.98140983 28.56666667  3.90801912  1.46289697],[0.04608763],[28.83838384  2.07878788 15.63636364 34.06464646  5.99393939  4.40050505],[0.],[0.31622777]
9,[24.33557564  0.22       13.         27.78333333  0.          0.58719419],[-0.01419332],[25.52525253  0.54343434 11.03030303 32.4989899   5.2969697   3.90858586],[0.],[0.31622777]
10,,,[24.23232323  0.5030303  10.90909091 21.53939394  0.41818182  0.46515152],[0.],[0.31622777]
11,,,[23.82828283  2.05858586 15.57575758 27.48888889  3.06666667  2.33444444],[1.16838287e-143],[0.31622777]
12,,,[24.39393939  0.28080808 10.24242424 25.2969697   2.09090909  1.64575758],[-7.24213838e-298],[0.31622777]
13,,,[27.54545455  2.15959596 15.87878788 28.74141414  3.62424242  2.7279798 ],[0.],[0.31622777]
14,,,[21.32323232  1.33131313 13.39393939 23.73131313  1.39393939  1.15383838],[-1.55188371e-193],[0.31622777]
15,,,[28.11111111  0.74545455 11.63636364 35.63030303  6.69090909  4.89242424],[0.],[0.31622777]
16,,,[24.07070707  0.32121212 10.36363636 31.08989899  4.66969697  3.46585859],[-3.85101536e-292],[0.31622777]
17,,,[22.45454545  1.53333333 14.         26.70606061  2.71818182  2.08848485],[7.48663144e-195],[0.31622777]
18,,,[26.73737374  0.58383838 11.15151515 23.26161616  1.18484848  1.00626263],[-3.18267714e-251],[0.31622777]
19,,,[24.31313131  0.3010101  10.3030303  31.71616162  4.94848485  3.66262626],[0.],[0.31622777]
20,,,[24.71717172  2.2        16.         24.67070707  1.81212121  1.4489899 ],[1.33014586e-259],[0.31622777]
21,,,[26.33333333  1.95757576 15.27272727 27.01919192  2.85757576  2.18686869],[5.70230189e-269],[0.31622777]
22,,,[28.75757576  1.45252525 13.75757576 26.86262626  2.78787879  2.13767677],[0.],[0.31622777]
23,,,[27.46464646  0.26060606 10.18181818 31.55959596  4.87878788  3.61343434],[0.],[0.31622777]
24,,,[26.57575758  2.03838384 15.51515152 22.32222222  0.76666667  0.71111111],[0.],[0.31622777]
25,,,[22.21212121  0.96767677 12.3030303  35.16060606  6.48181818  4.74484848],[0.],[0.31622777]
26,,,[26.8989899   0.42222222 10.66666667 34.69090909  6.27272727  4.59727273],[0.],[0.31622777]
27,,,[28.19191919  1.31111111 13.33333333 32.34242424  5.22727273  3.85939394],[0.],[0.31622777]
28,,,[24.15151515  0.72525253 11.57575758 29.99393939  4.18181818  3.12151515],[-8.33972496e-122],[0.31622777]
29,,,[24.95959596  0.76565657 11.6969697  23.88787879  1.46363636  1.2030303 ],[-7.26182326e-140],[0.31622777]
30,,,[27.62626263  1.43232323 13.6969697  25.76666667  2.3         1.79333333],[-9.16066134e-262],[0.31622777]
31,,,[25.28282828  0.86666667 12.         32.96868687  5.50606061  4.05616162],[0.],[0.31622777]
32,,,[21.96969697  1.77575758 14.72727273 35.31717172  6.55151515  4.7940404 ],[0.],[0.31622777]
33,,,[28.5959596   1.06868687 12.60606061 34.53434343  6.2030303   4.54808081],[0.],[0.31622777]
34,,,[22.6969697   1.29090909 13.27272727 28.11515152  3.34545455  2.53121212],[4.7689056e-140],[0.31622777]
35,,,[23.58585859  1.49292929 13.87878788 28.27171717  3.41515152  2.58040404],[1.10928804e-87],[0.31622777]
36,,,[27.86868687  0.82626263 11.87878788 28.8979798   3.69393939  2.77717172],[-2.11583445e-229],[0.31622777]
37,,,[22.29292929  2.11919192 15.75757576 26.07979798  2.43939394  1.89171717],[1.03959982e-165],[0.31622777]
38,,,[27.22222222  1.00808081 12.42424242 29.05454545  3.76363636  2.82636364],[-9.96725724e-165],[0.31622777]
39,,,[24.7979798   1.37171717 13.51515152 25.45353535  2.16060606  1.69494949],[-1.57850306e-176],[0.31622777]
40,,,[21.16161616  1.57373737 14.12121212 24.51414141  1.74242424  1.39979798],[-1.19720459e-246],[0.31622777]
41,,,[21.80808081  0.88686869 12.06060606 35.94343434  6.83030303  4.99080808],[0.],[0.31622777]
42,,,[22.61616162  0.44242424 10.72727273 23.41818182  1.25454545  1.05545455],[-8.86790549e-219],[0.31622777]
43,,,[25.92929293  1.81616162 14.84848485 25.92323232  2.36969697  1.84252525],[1.13414393e-258],[0.31622777]
44,,,[23.02020202  1.23030303 13.09090909 28.58484848  3.55454545  2.67878788],[3.77498662e-120],[0.31622777]
45,,,[23.90909091  1.87676768 15.03030303 27.64545455  3.13636364  2.38363636],[1.64500928e-141],[0.31622777]
46,,,[25.76767677  0.52323232 10.96969697 27.95858586  3.27575758  2.4820202 ],[-1.01104668e-119],[0.31622777]
47,,,[27.3030303   0.68484848 11.45454545 27.17575758  2.92727273  2.23606061],[-1.69413177e-253],[0.31622777]
48,,,[27.70707071  0.62424242 11.27272727 24.35757576  1.67272727  1.35060606],[-1.29276513e-308],[0.31622777]
49,,,[28.91919192  0.4020202  10.60606061 34.84747475  6.34242424  4.64646465],[0.],[0.31622777]
50,,,[28.03030303  1.61414141 14.24242424 35.0040404   6.41212121  4.69565657],[0.],[0.31622777]
51,,,[22.53535354  1.97777778 15.33333333 26.54949495  2.64848485  2.03929293],[3.69311084e-143],[0.31622777]
52,,,[25.68686869  1.63434343 14.3030303  32.65555556  5.36666667  3.95777778],[0.],[0.31622777]
53,,,[25.04040404  0.90707071 12.12121212 23.10505051  1.11515152  0.95707071],[-4.91499558e-153],[0.31622777]
54,,,[26.09090909  1.21010101 13.03030303 33.75151515  5.85454545  4.30212121],[0.],[0.31622777]
55,,,[21.56565657  0.48282828 10.84848485 24.04444444  1.53333333  1.25222222],[-2.21420417e-244],[0.31622777]
56,,,[25.36363636  0.24040404 10.12121212 32.02929293  5.08787879  3.7610101 ],[0.],[0.31622777]
57,,,[22.77777778  1.55353535 14.06060606 35.78686869  6.76060606  4.94161616],[0.],[0.31622777]
58,,,[23.1010101   1.71515152 14.54545455 31.4030303   4.80909091  3.56424242],[0.],[0.31622777]
59,,,[28.35353535  1.10909091 12.72727273 29.83737374  4.11212121  3.07232323],[0.],[0.31622777]
60,,,[21.88888889  1.39191919 13.57575758 26.39292929  2.57878788  1.99010101],[1.88155687e-263],[0.31622777]
61,,,[23.66666667  0.6040404  11.21212121 29.36767677  3.9030303   2.92474747],[-3.88943016e-128],[0.31622777]
62,,,[25.2020202   1.08888889 12.66666667 21.6959596   0.48787879  0.51434343],[-1.21895914e-285],[0.31622777]
63,,,[23.34343434  1.65454545 14.36363636 33.90808081  5.92424242  4.35131313],[0.],[0.31622777]
64,,,[21.64646465  1.25050505 13.15151515 24.98383838  1.95151515  1.54737374],[-1.37002937e-184],[0.31622777]
65,,,[22.85858586  0.66464646 11.39393939 20.75656566  0.06969697  0.21919192],[0.],[0.31622777]
66,,,[27.38383838  0.98787879 12.36363636 29.21111111  3.83333333  2.87555556],[-8.59085813e-182],[0.31622777]
67,,,[22.05050505  1.51313131 13.93939394 24.2010101   1.6030303   1.30141414],[-1.77616128e-162],[0.31622777]
68,,,[21.24242424  2.01818182 15.45454545 34.22121212  6.06363636  4.44969697],[0.],[0.31622777]
69,,,[24.47474747  1.8969697  15.09090909 20.6         0.          0.17      ],[0.],[0.31622777]
70,,,[23.50505051  1.35151515 13.45454545 25.14040404  2.02121212  1.59656566],[-1.01957412e-155],[0.31622777]
71,,,[26.49494949  0.46262626 10.78787879 33.28181818  5.64545455  4.15454545],[0.],[0.31622777]
72,,,[21.48484848  1.02828283 12.48484848 29.68080808  4.04242424  3.02313131],[0.],[0.31622777]
73,,,[25.44444444  2.0989899  15.6969697  30.15050505  4.25151515  3.17070707],[6.55101229e-285],[0.31622777]
74,,,[27.06060606  2.17979798 15.93939394 33.59494949  5.78484848  4.25292929],[0.],[0.31622777]
75,,,[26.65656566  1.85656566 14.96969697 30.77676768  4.53030303  3.36747475],[0.],[0.31622777]
76,,,[25.12121212  1.93737374 15.21212121 34.37777778  6.13333333  4.49888889],[0.],[0.31622777]
77,,,[21.4040404   1.16969697 12.90909091 22.16565657  0.6969697   0.66191919],[-2.30172972e-271],[0.31622777]
78,,,[23.26262626  2.13939394 15.81818182 27.33232323  2.9969697   2.28525253],[8.2995e-141],[0.31622777]
79,,,[27.94949495  1.7959596  14.78787879 21.85252525  0.55757576  0.56353535],[0.],[0.31622777]
80,,,[22.37373737  0.70505051 11.51515152 25.61010101  2.23030303  1.74414141],[-1.19910778e-221],[0.31622777]
81,,,[28.67676768  0.94747475 12.24242424 26.23636364  2.50909091  1.94090909],[-3.25284993e-295],[0.31622777]
82,,,[26.01010101  1.18989899 12.96969697 32.81212121  5.43636364  4.0069697 ],[0.],[0.31622777]
83,,,[26.25252525  1.04848485 12.54545455 24.82727273  1.88181818  1.49818182],[-4.59963448e-153],[0.31622777]
84,,,[28.43434343  0.56363636 11.09090909 29.52424242  3.97272727  2.97393939],[0.],[0.31622777]
85,,,[22.93939394  0.36161616 10.48484848 30.93333333  4.6         3.41666667],[0.],[0.31622777]
86,,,[27.78787879  0.22020202 10.06060606 22.47878788  0.83636364  0.76030303],[0.],[0.31622777]
87,,,[29.          1.27070707 13.21212121 22.00909091  0.62727273  0.61272727],[0.],[0.31622777]
88,,,[21.72727273  1.75555556 14.66666667 33.43838384  5.71515152  4.20373737],[0.],[0.31622777]
89,,,[26.81818182  0.92727273 12.18181818 31.24646465  4.73939394  3.51505051],[-4.07378807e-289],[0.31622777]
90,,,[22.13131313  0.78585859 11.75757576 35.47373737  6.62121212  4.84323232],[0.],[0.31622777]
91,,,[28.27272727  1.67474747 14.42424242 33.12525253  5.57575758  4.10535354],[0.],[0.31622777]
92,,,[28.51515152  0.64444444 11.33333333 21.22626263  0.27878788  0.36676768],[0.],[0.31622777]
93,,,[26.17171717  1.83636364 14.90909091 30.46363636  4.39090909  3.26909091],[1.3111146e-296],[0.31622777]
94,,,[23.98989899  1.59393939 14.18181818 27.8020202   3.20606061  2.43282828],[3.27013362e-92],[0.31622777]
95,,,[25.84848485  1.47272727 13.81818182 28.42828283  3.48484848  2.62959596],[1.23048239e-113],[0.31622777]
96,,,[23.42424242  1.14949495 12.84848485 32.18585859  5.15757576  3.81020202],[0.],[0.31622777]
97,,,[24.63636364  1.69494949 14.48484848 36.1         6.9         5.04      ],[0.],[0.31622777]
98,,,[21.08080808  0.34141414 10.42424242 22.79191919  0.97575758  0.85868687],[0.],[0.31622777]
99,,,[25.60606061  1.9979798  15.39393939 30.62020202  4.46060606  3.31828283],[1.68000877e-316],[0.31622777]
