,x_train,y_train,x_test,y_pred,y_std
0,[5.55020768 0.         0.         0.        ],[30.80485595],[-0.59893938  0.          0.          0.        ],[0.35977328],[0.0116185]
1,[1.51827264 0.         0.         0.        ],[2.30517056],[5.39222996 0.         0.         0.        ],[29.07622131],[nan]
2,[5.84139069 0.         0.         0.        ],[34.12182579],[2.74949057 0.         0.         0.        ],[7.56584533],[0.02166891]
3,[4.9115382 0.        0.        0.       ],[24.1231976],[0.29157882 0.         0.         0.        ],[0.0812615],[nan]
4,[-3.76129764  0.          0.          0.        ],[14.14738779],[4.14108543 0.         0.         0.        ],[17.16218485],[nan]
5,[-3.08718034  0.          0.          0.        ],[9.53068699],[4.45159597 0.         0.         0.        ],[19.82961616],[0.01169587]
6,[0.57498708 0.         0.         0.        ],[0.33063018],[-5.00054845  0.          0.          0.        ],[24.98430017],[0.01125139]
7,[3.48282261 0.         0.         0.        ],[12.13005399],[4.77272906 0.         0.         0.        ],[22.78955054],[nan]
8,[-4.93019921  0.          0.          0.        ],[24.30688737],[0.19272708 0.         0.         0.        ],[0.03369984],[nan]
9,[4.41690993 0.         0.         0.        ],[19.50908086],[0.09042297 0.         0.         0.        ],[0.00511391],[nan]
10,[ 0.         -2.53319722  0.          0.        ],[1.47840895e-05],[4.27900826 0.         0.         0.        ],[18.32336833],[nan]
11,[ 0.         -3.31192029  0.          0.        ],[-3.65289427e-06],[-4.41826677  0.          0.          0.        ],[19.52298682],[nan]
12,[ 0.        -5.6190024  0.         0.       ],[1.54677345e-05],[0.02756286 0.         0.         0.        ],[-0.00203789],[nan]
13,[0.         3.00081007 0.         0.        ],[-7.68567597e-05],[0.10412026 0.         0.         0.        ],[0.00772075],[nan]
14,[ 0.         -6.27391993  0.          0.        ],[6.73307331e-05],[2.78394968 0.         0.         0.        ],[7.75680517],[nan]
15,[ 0.         -6.03800333  0.          0.        ],[-3.62833598e-05],[-5.9093146  0.         0.         0.       ],[34.83417657],[nan]
16,[ 0.         -5.67175274  0.          0.        ],[-2.00842044e-05],[-6.25136566  0.          0.          0.        ],[38.95806756],[0.02068755]
17,[0.        4.3933343 0.        0.       ],[1.28452851e-07],[3.11353382 0.         0.         0.        ],[9.70310704],[nan]
18,[0.         3.54820507 0.         0.        ],[-8.65422882e-06],[2.7692045 0.        0.        0.       ],[7.67480247],[nan]
19,[ 0.         -1.90821365  0.          0.        ],[2.08861525e-05],[5.48274198 0.         0.         0.        ],[30.05818563],[nan]
20,[0.         0.         0.29266855 0.        ],[-4.59120188e-05],[2.90969246 0.         0.         0.        ],[8.47374874],[nan]
21,[0.         0.         0.06033326 0.        ],[2.51914101e-05],[-2.36436255  0.          0.          0.        ],[5.60698338],[0.01342658]
22,[ 0.         0.        -0.5941083  0.       ],[1.75575148e-05],[4.34399919 0.         0.         0.        ],[18.88363055],[0.01842328]
23,[ 0.          0.         -0.77996137  0.        ],[-5.01629144e-05],[-1.11195369  0.          0.          0.        ],[1.24189646],[nan]
24,[ 0.          0.         -0.59274152  0.        ],[-5.40367445e-06],[-5.00024671  0.          0.          0.        ],[24.98130052],[nan]
25,[0.         0.         0.66488856 0.        ],[5.47944399e-05],[-3.36985971  0.          0.          0.        ],[11.3746816],[0.00519065]
26,[0.         0.         0.04500968 0.        ],[1.72096519e-05],[2.20051292 0.         0.         0.        ],[4.84407349],[0.0152099]
27,[0.         0.         0.72554222 0.        ],[5.01312965e-05],[-4.99333497  0.          0.          0.        ],[24.91256757],[0.0291309]
28,[ 0.          0.         -0.70309858  0.        ],[-1.76182574e-06],[-2.02936459  0.          0.          0.        ],[4.13246154],[0.01128823]
29,[0.         0.         0.87839999 0.        ],[-2.97585016e-05],[-0.21588695  0.          0.          0.        ],[0.04505198],[nan]
30,[0.         0.         0.         0.76404669],[2.64211046e-05],[-5.08695426  0.          0.          0.        ],[25.85140174],[nan]
31,[ 0.          0.          0.         -0.76973285],[1.47740139e-05],[1.08398007 0.         0.         0.        ],[1.17105466],[nan]
32,[ 0.          0.          0.         -0.48973691],[4.5290762e-05],[-2.52146973  0.          0.          0.        ],[6.37558597],[nan]
33,[0.         0.         0.         0.00173312],[4.21469862e-05],[5.65441538 0.         0.         0.        ],[31.96500499],[nan]
34,[0.         0.         0.         0.91518934],[3.68272597e-05],[-1.58707135  0.          0.          0.        ],[2.52881855],[0.01629838]
35,[ 0.          0.          0.         -0.04018725],[-4.30608424e-05],[3.10271035 0.         0.         0.        ],[9.63574262],[nan]
36,[ 0.          0.          0.         -0.54585779],[-7.70549421e-05],[2.47515985 0.         0.         0.        ],[6.13035759],[nan]
37,[ 0.         0.         0.        -0.8365687],[-3.82233342e-05],[-6.08130182  0.          0.          0.        ],[36.87934411],[nan]
38,[0.        0.        0.        0.1661097],[4.77716273e-05],[-4.71521996  0.          0.          0.        ],[22.22493929],[0.01427579]
39,[0.        0.        0.        0.7200715],[-1.5860576e-05],[-2.08243873  0.          0.          0.        ],[4.35114851],[nan]
40,,,[4.99265201 0.         0.         0.        ],[24.93446101],[nan]
41,,,[-0.257521  0.        0.        0.      ],[0.06500764],[nan]
42,,,[-2.33058267  0.          0.          0.        ],[5.44815447],[0.01796126]
43,,,[4.67286673 0.         0.         0.        ],[21.84720074],[0.02213972]
44,,,[0.19660415 0.         0.         0.        ],[0.035191],[nan]
45,,,[4.56009477 0.         0.         0.        ],[20.8068025],[nan]
46,,,[0.73338293 0.         0.         0.        ],[0.53348448],[0.03238176]
47,,,[-6.20293454  0.          0.          0.        ],[38.36037937],[0.02076871]
48,,,[ 0.         -1.53597922  0.          0.        ],[-0.00193181],[nan]
49,,,[ 0.         -1.52464942  0.          0.        ],[-0.00193622],[0.01362037]
50,,,[ 0.         -3.46091496  0.          0.        ],[-0.00063902],[0.01617266]
51,,,[0.         0.67246098 0.         0.        ],[-0.00280425],[0.01927925]
52,,,[0.         4.64779589 0.         0.        ],[0.00142941],[0.01442277]
53,,,[ 0.         -0.72567535  0.          0.        ],[-0.00238915],[0.02887201]
54,,,[ 0.       -1.459013  0.        0.      ],[-0.0019814],[0.01417035]
55,,,[ 0.         -4.06099681  0.          0.        ],[-0.00028781],[0.01604729]
56,,,[0.         4.50005983 0.         0.        ],[0.00106946],[nan]
57,,,[ 0.         -0.97231817  0.          0.        ],[-0.00225472],[0.00127489]
58,,,[ 0.         -0.36713258  0.          0.        ],[-0.0025401],[nan]
59,,,[0.         4.83984471 0.         0.        ],[0.00192833],[nan]
60,,,[ 0.         -3.32784313  0.          0.        ],[-0.00072067],[nan]
61,,,[ 0.         -3.14300077  0.          0.        ],[-0.00083901],[nan]
62,,,[ 0.       -5.144007  0.        0.      ],[0.00015208],[nan]
63,,,[0.         1.19951508 0.         0.        ],[-0.00276832],[nan]
64,,,[ 0.         -0.05941762  0.          0.        ],[-0.00265861],[0.01606604]
65,,,[0.         2.67750038 0.         0.        ],[-0.00194104],[0.01741197]
66,,,[0.         2.73349039 0.         0.        ],[-0.00188345],[0.01133899]
67,,,[ 0.         -0.84466229  0.          0.        ],[-0.00232521],[nan]
68,,,[ 0.         -0.07758783  0.          0.        ],[-0.00264851],[nan]
69,,,[0.         1.15347207 0.         0.        ],[-0.00277909],[nan]
70,,,[ 0.         -2.88015085  0.          0.        ],[-0.00101836],[nan]
71,,,[ 0.         -1.75743023  0.          0.        ],[-0.00178777],[nan]
72,,,[ 0.         -5.69017572  0.          0.        ],[0.00023994],[0.02381369]
73,,,[0.         6.27825965 0.         0.        ],[0.00679795],[0.02171295]
74,,,[ 0.         -4.88183859  0.          0.        ],[7.4834266e-05],[0.03285674]
75,,,[ 0.         -3.22786091  0.          0.        ],[-0.00079398],[nan]
76,,,[0.         2.19864944 0.         0.        ],[-0.00234254],[nan]
77,,,[0.         3.73442473 0.         0.        ],[-0.00051545],[0.02859279]
78,,,[0.         2.70296282 0.         0.        ],[-0.00191236],[nan]
79,,,[0.         4.41182816 0.         0.        ],[0.00086915],[nan]
80,,,[ 0.         -2.93187928  0.          0.        ],[-0.00098131],[nan]
81,,,[ 0.         -1.10765553  0.          0.        ],[-0.00218097],[nan]
82,,,[ 0.         -3.29651456  0.          0.        ],[-0.00074167],[0.02421025]
83,,,[ 0.         -2.58889989  0.          0.        ],[-0.0012249],[0.01630774]
84,,,[ 0.         -3.39948699  0.          0.        ],[-0.00068607],[0.01613533]
85,,,[0.         4.61513625 0.         0.        ],[0.00135577],[nan]
86,,,[ 0.         -4.18710679  0.          0.        ],[-0.00022274],[0.01620459]
87,,,[ 0.         -5.84629401  0.          0.        ],[0.0002426],[0.01312168]
88,,,[0.         5.67296965 0.         0.        ],[0.00449278],[nan]
89,,,[0.         5.44669581 0.         0.        ],[0.00372968],[nan]
90,,,[ 0.         -5.05561988  0.          0.        ],[0.00012792],[0.02251082]
91,,,[ 0.         -2.99283809  0.          0.        ],[-0.00094982],[0.03293277]
92,,,[0.         2.80130241 0.         0.        ],[-0.00181195],[nan]
93,,,[0.         3.45924773 0.         0.        ],[-0.00095078],[0.02404449]
94,,,[ 0.         -5.46797303  0.          0.        ],[0.00021814],[0.02361009]
95,,,[ 0.         -6.26006241  0.          0.        ],[0.0001967],[nan]
96,,,[ 0.          0.         -0.54663586  0.        ],[-0.00122408],[nan]
97,,,[0.         0.         0.28037154 0.        ],[-0.00236308],[0.01181583]
98,,,[0.         0.         0.05709412 0.        ],[-0.00266722],[nan]
99,,,[ 0.          0.         -0.43908096  0.        ],[-0.0017261],[nan]
100,,,[ 0.          0.         -0.27786249  0.        ],[-0.0022818],[nan]
101,,,[0.         0.         0.68757392 0.        ],[-0.00062952],[0.00864434]
102,,,[0.         0.         0.86599281 0.        ],[0.00061067],[nan]
103,,,[ 0.          0.         -0.74003675  0.        ],[-6.13336967e-05],[nan]
104,,,[ 0.          0.         -0.03516214  0.        ],[-0.00266492],[0.01122207]
105,,,[ 0.          0.         -0.67877755  0.        ],[-0.00046637],[nan]
106,,,[ 0.          0.         -0.31345541  0.        ],[-0.00217467],[nan]
107,,,[0.         0.         0.02962162 0.        ],[-0.00267127],[nan]
108,,,[ 0.          0.         -0.23301365  0.        ],[-0.00238826],[nan]
109,,,[0.         0.         0.65242889 0.        ],[-0.00083101],[0.01193778]
110,,,[ 0.          0.         -0.32536299  0.        ],[-0.00213951],[nan]
111,,,[0.         0.         0.15310802 0.        ],[-0.00259376],[0.02428523]
112,,,[0.         0.         0.91440666 0.        ],[0.00099628],[nan]
113,,,[ 0.          0.         -0.39210466  0.        ],[-0.0019158],[nan]
114,,,[ 0.          0.         -0.01503714  0.        ],[-0.00267365],[0.01085621]
115,,,[0.         0.         0.28731288 0.        ],[-0.00233956],[0.01645505]
116,,,[0.         0.         0.19933103 0.        ],[-0.00252729],[nan]
117,,,[0.         0.         0.12297888 0.        ],[-0.00262558],[nan]
118,,,[0.         0.         0.49501737 0.        ],[-0.00163773],[nan]
119,,,[0.         0.         0.35140756 0.        ],[-0.00216828],[0.01760959]
120,,,[0.         0.         0.56109712 0.        ],[-0.00132793],[0.0186811]
121,,,[0.         0.         0.38994473 0.        ],[-0.00204232],[0.01116192]
122,,,[ 0.          0.         -0.73777861  0.        ],[-9.00881073e-05],[0.02854292]
123,,,[ 0.          0.         -0.06227596  0.        ],[-0.0026412],[nan]
124,,,[ 0.          0.         -0.76050648  0.        ],[8.00071145e-05],[0.01994598]
125,,,[0.         0.         0.77707281 0.        ],[-4.45346978e-05],[nan]
126,,,[0.         0.         0.51332105 0.        ],[-0.00155437],[0.0196357]
127,,,[ 0.          0.         -0.89274504  0.        ],[0.00109812],[nan]
128,,,[0.         0.         0.28201387 0.        ],[-0.00235775],[0.00754027]
129,,,[ 0.          0.         -0.42713945  0.        ],[-0.00177689],[0.02050041]
130,,,[0.         0.         0.32862792 0.        ],[-0.0022365],[0.00750627]
131,,,[ 0.          0.         -0.63165092  0.        ],[-0.00075501],[nan]
132,,,[ 0.          0.         -0.41200763  0.        ],[-0.00184091],[0.02104905]
133,,,[0.         0.         0.18632307 0.        ],[-0.00254645],[0.00644509]
134,,,[ 0.          0.         -0.26786302  0.        ],[-0.00230821],[0.02779533]
135,,,[ 0.          0.         -0.75427807  0.        ],[3.32390353e-05],[0.03467784]
136,,,[0.         0.         0.86947192 0.        ],[0.00063091],[0.01521738]
137,,,[0.         0.         0.36595302 0.        ],[-0.00212414],[nan]
138,,,[0.         0.         0.47628448 0.        ],[-0.0017163],[0.02219211]
139,,,[ 0.          0.         -0.49761484  0.        ],[-0.00147129],[0.01232714]
140,,,[0.         0.         0.49530854 0.        ],[-0.0016379],[0.01099304]
141,,,[0.        0.        0.9829175 0.       ],[0.00156599],[nan]
142,,,[0.         0.         0.94910866 0.        ],[0.00128497],[nan]
143,,,[ 0.          0.         -0.87632349  0.        ],[0.00096597],[0.02815349]
144,,,[ 0.          0.          0.         -0.48000907],[-0.00156069],[0.01275691]
145,,,[0.         0.         0.         0.74321103],[-0.00067214],[0.01158124]
146,,,[0.         0.         0.         0.67674486],[-0.00103462],[nan]
147,,,[0.         0.         0.         0.36684026],[-0.0022527],[0.01305302]
148,,,[ 0.          0.          0.         -0.97993695],[0.00160605],[0.02178121]
149,,,[ 0.          0.          0.         -0.34187472],[-0.00208228],[0.02425245]
150,,,[0.         0.         0.         0.91292499],[0.00042964],[0.01975198]
151,,,[0.         0.         0.         0.39822433],[-0.00216072],[0.02847957]
152,,,[ 0.          0.          0.         -0.46005084],[-0.001641],[nan]
153,,,[ 0.          0.          0.         -0.74497004],[-0.00014245],[0.02567736]
154,,,[0.         0.         0.         0.65891077],[-0.00112397],[0.01846881]
155,,,[0.         0.         0.         0.86776552],[0.00010703],[0.01917878]
156,,,[0.         0.         0.         0.66748098],[-0.00107892],[nan]
157,,,[ 0.          0.          0.         -0.65602606],[-0.00068361],[0.02824268]
158,,,[ 0.          0.          0.         -0.88454786],[0.00084377],[0.01018185]
159,,,[ 0.          0.          0.         -0.42192217],[-0.00180512],[0.03124338]
160,,,[ 0.          0.          0.         -0.95823905],[0.00142442],[0.01823665]
161,,,[0.         0.         0.         0.67946341],[-0.00101272],[nan]
162,,,[0.         0.         0.         0.15844772],[-0.00263123],[0.01841451]
163,,,[ 0.          0.          0.         -0.68797962],[-0.00049774],[nan]
164,,,[ 0.         0.         0.        -0.8202422],[0.00037434],[0.03111317]
165,,,[0.         0.         0.         0.58596901],[-0.00146623],[0.00273832]
166,,,[ 0.          0.          0.         -0.28351807],[-0.00224989],[nan]
167,,,[0.         0.         0.         0.62462962],[-0.0012946],[nan]
168,,,[ 0.          0.          0.         -0.30684161],[-0.00218208],[nan]
169,,,[ 0.          0.          0.         -0.18189687],[-0.00247358],[0.01831394]
170,,,[0.         0.         0.         0.74739598],[-0.00063933],[0.01222853]
171,,,[0.         0.         0.         0.38916735],[-0.00218694],[nan]
172,,,[0.         0.         0.         0.70609528],[-0.00087347],[0.0207052]
173,,,[0.         0.         0.         0.88433277],[0.00023056],[nan]
174,,,[0.         0.         0.         0.07777413],[-0.00268179],[0.02838448]
175,,,[0.        0.        0.        0.1076995],[-0.00266842],[0.00235203]
176,,,[ 0.          0.          0.         -0.91193842],[0.00105698],[nan]
177,,,[ 0.         0.         0.        -0.1074183],[-0.00259463],[0.02752583]
178,,,[0.         0.         0.         0.14047801],[-0.00264253],[nan]
179,,,[0.        0.        0.        0.0179317],[-0.00267474],[0.02062856]
180,,,[0.         0.         0.         0.70596378],[-0.00087939],[nan]
181,,,[ 0.         0.         0.        -0.4601272],[-0.00164503],[nan]
182,,,[ 0.          0.          0.         -0.86671795],[0.00071501],[nan]
183,,,[0.         0.         0.         0.09380668],[-0.00267331],[0.01620798]
184,,,[ 0.          0.          0.         -0.24170854],[-0.0023532],[nan]
185,,,[0.         0.         0.         0.40891407],[-0.00213338],[0.0120326]
186,,,[0.         0.         0.         0.65972883],[-0.00111086],[nan]
187,,,[ 0.          0.          0.         -0.71931072],[-0.00029825],[nan]
188,,,[ 0.          0.          0.         -0.33976861],[-0.00208307],[0.00970293]
189,,,[ 0.          0.          0.         -0.37814669],[-0.00196095],[nan]
190,,,[ 0.          0.          0.         -0.31425747],[-0.00216702],[nan]
191,,,[0.         0.         0.         0.33499777],[-0.00232618],[nan]
