,x_train,y_train,x_test,y_pred,y_std
0,[26.08534896  0.          0.        ],[4.34871385],[26.35262088  0.          0.        ],[5.53476398],[nan]
1,[26.9088053  0.         0.       ],[8.46112578],[25.85382598  0.          0.        ],[3.43508962],[nan]
2,[23.35917975  0.          0.        ],[0.41065039],[26.77183552  0.          0.        ],[7.68624633],[nan]
3,[25.10461035  0.          0.        ],[1.22019126],[23.49870206  0.          0.        ],[0.2505101],[nan]
4,[25.6472391  0.         0.       ],[2.71338357],[22.4540581  0.         0.       ],[2.3897888],[0.0003368]
5,[27.85312437  0.          0.        ],[14.84658074],[25.23041581  0.          0.        ],[1.51413986],[0.00071867]
6,[24.18030205  0.          0.        ],[0.03253162],[22.46669082  0.          0.        ],[2.35062447],[0.00079561]
7,[22.43465978  0.          0.        ],[2.45028075],[27.99128751  0.          0.        ],[15.92330764],[0.00090471]
8,[26.12161106  0.          0.        ],[4.50124408],[24.95183693  0.          0.        ],[0.90754873],[nan]
9,[25.66999491  0.          0.        ],[2.78889902],[27.0144295  0.         0.       ],[9.09192184],[nan]
10,[  0.         -43.87686092   0.        ],[576.00001319],[27.56034672  0.          0.        ],[12.68117435],[0.00029717]
11,[  0.         -38.16480039   0.        ],[576.000004],[24.0402188  0.         0.       ],[0.00419856],[nan]
12,[  0.       -36.735728   0.      ],[576.00000036],[25.19437441  0.          0.        ],[1.4269193],[nan]
13,[ 0.         -1.66103997  0.        ],[575.99999753],[26.59255658  0.          0.        ],[6.72300997],[0.00031879]
14,[  0.         -37.09109429   0.        ],[575.99998739],[24.99786312  0.          0.        ],[0.99707048],[nan]
15,[  0.         -19.77791357   0.        ],[576.0000337],[22.97206757  0.          0.        ],[1.0525683],[nan]
16,[  0.         -14.97417731   0.        ],[576.00000245],[23.62277124  0.          0.        ],[0.14246345],[0.00084653]
17,[ 0.         -3.96855962  0.        ],[575.99999809],[23.40350608  0.          0.        ],[0.35426947],[0.00072709]
18,[  0.         -24.72532203   0.        ],[576.00000482],[22.38923541  0.          0.        ],[2.59595171],[0.0004325]
19,[  0.         -47.16014547   0.        ],[576.00001909],[25.65353321  0.          0.        ],[2.73281773],[0.00017402]
20,[ 0.         0.        24.9014443],[576.00000513],[24.8869799  0.         0.       ],[0.78858059],[0.00063255]
21,[ 0.          0.         28.50412666],[575.99998592],[24.74780149  0.          0.        ],[0.56161388],[nan]
22,[ 0.          0.         31.47354159],[575.99998793],[23.24461222  0.          0.        ],[0.56789297],[0.00037394]
23,[ 0.          0.         29.03425442],[575.99999998],[25.00681823  0.          0.        ],[1.01498008],[0.00039753]
24,[ 0.          0.         28.37593683],[576.00001527],[23.61458703  0.          0.        ],[0.1486445],[0.00031384]
25,[ 0.          0.         26.73414372],[575.99999522],[26.11098676  0.          0.        ],[4.45508258],[nan]
26,[ 0.          0.         22.01396536],[575.99999817],[22.76331544  0.          0.        ],[1.52547652],[nan]
27,[ 0.          0.         31.77296213],[575.99999917],[22.27234987  0.          0.        ],[2.98977293],[0.00096743]
28,[ 0.          0.         28.41987169],[576.00001315],[27.78214649  0.          0.        ],[14.30550466],[0.00035704]
29,[ 0.          0.         29.00411289],[575.99999766],[23.78916388  0.          0.        ],[0.04576363],[nan]
30,,,[23.79668366  0.          0.        ],[0.04269647],[nan]
31,,,[22.78196531  0.          0.        ],[1.47962023],[0.00031648]
32,,,[25.0615858  0.         0.       ],[1.12799821],[0.00023843]
33,,,[23.85292549  0.          0.        ],[0.02332517],[nan]
34,,,[23.97130577  0.          0.        ],[0.00312249],[nan]
35,,,[25.3182304  0.         0.       ],[1.73754271],[nan]
36,,,[22.99169918  0.          0.        ],[1.01264488],[0.00049943]
37,,,[27.15456223  0.          0.        ],[9.95723599],[0.00026357]
38,,,[27.86506873  0.          0.        ],[14.93701356],[0.00049856]
39,,,[27.74698082  0.          0.        ],[14.04165994],[0.00061715]
40,,,[25.40148979  0.          0.        ],[1.96362809],[nan]
41,,,[22.55787918  0.          0.        ],[2.07770228],[nan]
42,,,[24.58737817  0.          0.        ],[0.34790288],[nan]
43,,,[22.42505374  0.          0.        ],[2.48095785],[0.00100748]
44,,,[25.93845904  0.          0.        ],[3.75608309],[nan]
45,,,[23.62721086  0.          0.        ],[0.13916679],[0.00020099]
46,,,[22.73079291  0.          0.        ],[1.60714171],[0.00076573]
47,,,[26.02037816  0.          0.        ],[4.08051084],[nan]
48,,,[ 0.         -5.94476848  0.        ],[576.00000978],[nan]
49,,,[  0.         -39.04699406   0.        ],[576.00000013],[0.00062977]
50,,,[  0.         -43.16213831   0.        ],[576.0000235],[nan]
51,,,[ 0.         -2.38482252  0.        ],[576.00001929],[nan]
52,,,[ 0.         -2.41985693  0.        ],[576.00000252],[0.00022803]
53,,,[  0.         -30.23471191   0.        ],[576.00001158],[nan]
54,,,[  0.         -20.21511796   0.        ],[576.00001533],[nan]
55,,,[  0.         -10.45897672   0.        ],[576.00002069],[nan]
56,,,[  0.         -24.99500684   0.        ],[576.00001619],[nan]
57,,,[  0.         -35.33607583   0.        ],[576.00002345],[nan]
58,,,[  0.         -17.07694487   0.        ],[576.00001171],[nan]
59,,,[  0.         -37.91796011   0.        ],[576.00002436],[nan]
60,,,[  0.         -29.83949566   0.        ],[576.00001451],[nan]
61,,,[  0.        -26.9853833   0.       ],[576.00001963],[nan]
62,,,[ 0.         -9.46232736  0.        ],[576.00002119],[nan]
63,,,[  0.         -35.63290366   0.        ],[576.0000122],[nan]
64,,,[  0.         -33.88562021   0.        ],[576.00001347],[nan]
65,,,[  0.         -28.62492299   0.        ],[576.0000264],[nan]
66,,,[  0.         -42.94724712   0.        ],[576.00001182],[nan]
67,,,[  0.         -34.66700412   0.        ],[576.00003174],[nan]
68,,,[  0.         -45.35336673   0.        ],[576.00002292],[nan]
69,,,[ 0.         -0.61197124  0.        ],[576.00001707],[nan]
70,,,[  0.         -10.02492749   0.        ],[576.00002443],[nan]
71,,,[  0.         -14.96003635   0.        ],[576.00000773],[nan]
72,,,[  0.         -29.57491824   0.        ],[576.00001504],[nan]
73,,,[  0.         -27.42890039   0.        ],[576.00001374],[nan]
74,,,[  0.        -21.1605761   0.       ],[576.00001121],[nan]
75,,,[  0.         -14.11898192   0.        ],[575.99999456],[0.00088493]
76,,,[  0.         -33.98246861   0.        ],[576.00002326],[nan]
77,,,[  0.         -28.39130856   0.        ],[576.00002867],[nan]
78,,,[ 0.         -3.18699059  0.        ],[576.00001395],[nan]
79,,,[  0.         -20.32331541   0.        ],[576.00000661],[nan]
80,,,[ 0.         -3.17960537  0.        ],[576.0000326],[nan]
81,,,[  0.         -38.26141464   0.        ],[576.00000707],[nan]
82,,,[  0.         -22.32625097   0.        ],[575.99999422],[0.00091772]
83,,,[  0.         -19.91602456   0.        ],[576.00000378],[5.96701143e-05]
84,,,[  0.        -23.0548806   0.       ],[576.00001517],[nan]
85,,,[ 0.         -5.91580807  0.        ],[576.00001071],[nan]
86,,,[  0.         -37.69211847   0.        ],[576.00000477],[nan]
87,,,[  0.         -37.48717379   0.        ],[576.00001522],[nan]
88,,,[  0.         -30.45034348   0.        ],[576.0000132],[nan]
89,,,[  0.         -10.87546324   0.        ],[576.00000783],[nan]
90,,,[  0.         -14.37599678   0.        ],[576.00000127],[0.00044837]
91,,,[  0.         -17.04889089   0.        ],[576.00002847],[nan]
92,,,[  0.         -38.74470725   0.        ],[576.00001152],[nan]
93,,,[  0.         -44.23844938   0.        ],[576.00000893],[nan]
94,,,[ 0.        -5.4388219  0.       ],[576.00000707],[nan]
95,,,[ 0.         -7.09120587  0.        ],[576.00001237],[nan]
96,,,[ 0.          0.         29.37507612],[576.00000242],[nan]
97,,,[ 0.          0.         22.51663333],[576.00001042],[nan]
98,,,[ 0.          0.         31.19830028],[575.9999974],[0.0006309]
99,,,[ 0.          0.         30.87565047],[576.00002477],[nan]
100,,,[ 0.          0.         27.59180022],[576.00000369],[nan]
101,,,[ 0.          0.         23.01232933],[576.00001698],[nan]
102,,,[ 0.          0.         30.71702489],[576.00001928],[nan]
103,,,[ 0.          0.         23.89152346],[576.00002017],[nan]
104,,,[ 0.          0.         32.38870823],[576.00002633],[nan]
105,,,[ 0.          0.         31.33934206],[576.00002181],[nan]
106,,,[ 0.          0.         29.00693998],[575.99999385],[0.00084346]
107,,,[ 0.          0.         25.26531801],[576.00000966],[nan]
108,,,[ 0.          0.         28.91494601],[576.00000861],[nan]
109,,,[ 0.          0.         25.28886407],[576.00002053],[nan]
110,,,[ 0.         0.        23.5404075],[576.00002072],[nan]
111,,,[ 0.          0.         29.21917063],[576.00000806],[nan]
112,,,[ 0.          0.         28.70922453],[575.9999948],[0.00079361]
113,,,[ 0.         0.        30.4927247],[576.00000306],[nan]
114,,,[ 0.          0.         22.18949698],[576.00001446],[nan]
115,,,[ 0.          0.         25.76450818],[575.99999865],[0.00055047]
116,,,[ 0.          0.         26.19786478],[576.00000105],[0.00030587]
117,,,[ 0.          0.         30.67462486],[576.00002183],[nan]
118,,,[ 0.          0.         29.08928789],[576.00001008],[nan]
119,,,[ 0.          0.         23.00864278],[576.00000424],[nan]
120,,,[ 0.          0.         26.59655054],[576.00001552],[nan]
121,,,[ 0.          0.         31.01857497],[575.99999097],[0.00097812]
122,,,[ 0.          0.         29.33333217],[576.00001557],[nan]
123,,,[ 0.          0.         22.64409684],[575.99999862],[0.0005604]
124,,,[ 0.          0.         22.23988302],[576.00001271],[nan]
125,,,[ 0.          0.         23.68884968],[575.99999577],[0.00074745]
126,,,[ 0.          0.         29.07922564],[576.00000833],[nan]
127,,,[ 0.          0.         28.96375481],[575.99999935],[0.00048385]
128,,,[ 0.          0.         25.36099041],[576.00000819],[nan]
129,,,[ 0.         0.        27.8494887],[576.00001843],[nan]
130,,,[ 0.          0.         28.80024516],[576.00001411],[nan]
131,,,[ 0.          0.         24.11119569],[576.00000809],[nan]
132,,,[ 0.          0.         24.83043437],[576.00000646],[nan]
133,,,[ 0.         0.        31.4395202],[576.00001322],[nan]
134,,,[ 0.          0.         26.56465016],[576.00001821],[nan]
135,,,[ 0.          0.         24.42671426],[576.00002176],[nan]
136,,,[ 0.          0.         22.37688392],[576.00002652],[nan]
137,,,[ 0.          0.         25.53243263],[576.00001502],[nan]
138,,,[ 0.          0.         25.91755597],[575.99999999],[0.000432]
139,,,[ 0.         0.        27.4532973],[576.00002904],[nan]
140,,,[ 0.          0.         23.48303139],[576.00000731],[nan]
141,,,[ 0.         0.        27.0338121],[576.00001792],[nan]
142,,,[ 0.          0.         23.26112154],[576.0000104],[nan]
143,,,[ 0.          0.         31.99794558],[576.00002621],[nan]
