,x_train,y_train,x_test,y_pred,y_std
0,[-0.23632998  0.          0.          0.        ],[97515436.61429906],[-1.32825824  0.          0.          0.        ],[4.03348551e+08],[0.01136211]
1,[-0.3021639  0.         0.         0.       ],[1.23939197e+08],[-2.26000391  0.          0.          0.        ],[3.08957082e+08],[0.08873714]
2,[2.50866738 0.         0.         0.        ],[-2.46345802e+08],[1.33790744 0.         0.         0.        ],[-4.05185179e+08],[0.00071407]
3,[2.75138471 0.         0.         0.        ],[-1.58417511e+08],[-0.60408787  0.          0.          0.        ],[2.36599339e+08],[0.00072065]
4,[1.12361394 0.         0.         0.        ],[-3.75520386e+08],[-0.79411193  0.          0.          0.        ],[2.97014103e+08],[0.00120921]
5,[2.88933037 0.         0.         0.        ],[-1.03947501e+08],[0.10816851 0.         0.         0.        ],[-44959596.11186457],[0.00037059]
6,[1.2895501 0.        0.        0.       ],[-4.00106997e+08],[-1.72446492  0.          0.          0.        ],[4.08257558e+08],[0.03194507]
7,[2.6735512 0.        0.        0.       ],[-1.87888103e+08],[-0.23656384  0.          0.          0.        ],[97652289.91853818],[0.00047023]
8,[-0.74770791  0.          0.          0.        ],[2.83186722e+08],[2.258021 0.       0.       0.      ],[-3.21923552e+08],[0.00075678]
9,[2.18075815 0.         0.         0.        ],[-3.41370022e+08],[-2.3100725  0.         0.         0.       ],[2.93870012e+08],[0.09623085]
10,[ 0.         -1.98388942  0.          0.        ],[-1.13097099e+08],[2.42387729 0.         0.         0.        ],[-2.73931854e+08],[0.00065466]
11,[0.        3.1336715 0.        0.       ],[1.76413574e+08],[-2.15522374  0.          0.          0.        ],[3.37501381e+08],[0.07437849]
12,[0.         2.22927626 0.         0.        ],[1.2721279e+08],[-0.30913578  0.          0.          0.        ],[1.26757825e+08],[0.00064938]
13,[ 0.         -3.00831492  0.          0.        ],[-1.69338213e+08],[2.87364747 0.         0.         0.        ],[-1.10199248e+08],[0.00081715]
14,[0.         2.58802072 0.         0.        ],[1.45475475e+08],[-2.60917671  0.          0.          0.        ],[1.85980761e+08],[0.15024477]
15,[0.         1.21105272 0.         0.        ],[67999980.81153019],[-2.45234915  0.          0.          0.        ],[2.46173711e+08],[0.11988537]
16,[0.         2.43273861 0.         0.        ],[1.38192572e+08],[-0.4235358  0.         0.         0.       ],[1.71220022e+08],[0.00077583]
17,[ 0.         -2.11642827  0.          0.        ],[-1.19629566e+08],[2.92920981 0.         0.         0.        ],[-87660520.14336021],[0.00110219]
18,[ 0.        -2.4319625  0.         0.       ],[-1.38039816e+08],[1.86083347 0.         0.         0.        ],[-3.98986589e+08],[0.00090424]
19,[ 0.        -2.0466458  0.         0.       ],[-1.15049505e+08],[-0.09859877  0.          0.          0.        ],[41027619.90425418],[0.00040273]
20,[ 0.        0.       -0.141341  0.      ],[80007282.0348349],[0.63665741 0.         0.         0.        ],[-2.47639253e+08],[0.00089775]
21,[0.         0.         0.98069876 0.        ],[-5.55127304e+08],[-2.96040222  0.          0.          0.        ],[27506184.94557476],[0.2360333]
22,[0.         0.         0.65012568 0.        ],[-3.68009123e+08],[-2.6124854  0.         0.         0.       ],[1.84631673e+08],[0.15093598]
23,[ 0.          0.         -0.78575542  0.        ],[4.44781715e+08],[0.16145777 0.         0.         0.        ],[-66956385.45067398],[0.00051097]
24,[ 0.          0.         -0.78876003  0.        ],[4.46480952e+08],[-1.58119718  0.          0.          0.        ],[4.14275902e+08],[0.02280771]
25,[0.         0.         0.71042871 0.        ],[-4.02141532e+08],[1.62362535 0.         0.         0.        ],[-4.15804925e+08],[0.00089028]
26,[0.         0.         0.73237791 0.        ],[-4.14565787e+08],[-1.06970339  0.          0.          0.        ],[3.64960952e+08],[0.00453165]
27,[ 0.          0.         -0.33780104  0.        ],[1.91213167e+08],[-1.17005325  0.          0.          0.        ],[3.82979334e+08],[0.00669236]
28,[0.        0.        0.3236933 0.       ],[-1.83229213e+08],[-2.13404869  0.          0.          0.        ],[3.42757298e+08],[0.07168657]
29,[0.         0.         0.85435685 0.        ],[-4.8361321e+08],[-2.74293734  0.          0.          0.        ],[1.29071112e+08],[0.17991761]
30,[0.         0.         0.         0.35125898],[-1.98831097e+08],[2.25354934 0.         0.         0.        ],[-3.23100488e+08],[0.0007319]
31,[ 0.         0.         0.        -0.3897422],[2.20613116e+08],[0.78194675 0.         0.         0.        ],[-2.93509411e+08],[0.00088774]
32,[ 0.         0.         0.        -0.9917286],[5.61373923e+08],[1.90930667 0.         0.         0.        ],[-3.92750537e+08],[0.00088913]
33,[ 0.          0.          0.         -0.31235457],[1.7680921e+08],[0.23404897 0.         0.         0.        ],[-96602215.87172925],[0.0006033]
34,[ 0.          0.          0.         -0.82377664],[4.66299951e+08],[-1.10424604  0.          0.          0.        ],[3.71594746e+08],[0.00520924]
35,[ 0.          0.          0.         -0.82017429],[4.64262468e+08],[-0.82456979  0.          0.          0.        ],[3.05747685e+08],[0.00137467]
36,[ 0.          0.          0.         -0.65069524],[3.68327275e+08],[-1.86944429  0.          0.          0.        ],[3.93139735e+08],[0.0435179]
37,[ 0.          0.          0.         -0.22852544],[1.29357034e+08],[0.94156578 0.         0.         0.        ],[-3.36732144e+08],[0.0007997]
38,[ 0.          0.          0.         -0.71784173],[4.06335225e+08],[0.66208499 0.         0.         0.        ],[-2.56073289e+08],[0.0009265]
39,[ 0.          0.          0.         -0.24403797],[1.38135909e+08],[-2.85384508  0.          0.          0.        ],[78522855.57979774],[0.20728896]
40,,,[-1.73336087  0.          0.          0.        ],[4.07590626e+08],[0.03258441]
41,,,[0.83624046 0.         0.         0.        ],[-3.09109209e+08],[0.00085885]
42,,,[1.79144218 0.         0.         0.        ],[-4.06281897e+08],[0.00095012]
43,,,[1.85497496 0.         0.         0.        ],[-3.99677171e+08],[0.00090572]
44,,,[-2.12742924  0.          0.          0.        ],[3.44364257e+08],[0.07085931]
45,,,[-2.46692536  0.          0.          0.        ],[2.40902315e+08],[0.1225131]
46,,,[0.21067674 0.         0.         0.        ],[-87105284.98967686],[0.00058893]
47,,,[-1.93440009  0.          0.          0.        ],[3.83456545e+08],[0.04954357]
48,,,[0.         2.87075921 0.         0.        ],[1.62197264e+08],[0.00051814]
49,,,[ 0.         -0.54703039  0.          0.        ],[-30908227.93243828],[0.00015258]
50,,,[0.         1.08947666 0.         0.        ],[61596989.26958859],[0.00018232]
51,,,[0.         1.22964278 0.         0.        ],[69517566.5339851],[0.00021428]
52,,,[0.         1.75517805 0.         0.        ],[99209025.10848908],[0.00024517]
53,,,[0.         0.90330436 0.         0.        ],[51075820.66684751],[0.00024916]
54,,,[ 0.        -1.4697741  0.         0.       ],[-83072337.54625309],[nan]
55,,,[ 0.         -2.36432388  0.          0.        ],[-1.33630078e+08],[0.00044743]
56,,,[ 0.         -2.93968115  0.          0.        ],[-1.66135556e+08],[0.00058949]
57,,,[0.         0.16746877 0.         0.        ],[9484059.11405561],[nan]
58,,,[ 0.        -2.5831925  0.         0.       ],[-1.45996694e+08],[0.00049902]
59,,,[0.         1.45425467 0.         0.        ],[82208772.22554135],[0.00027528]
60,,,[0.         1.91767174 0.         0.        ],[1.08387425e+08],[0.0003399]
61,,,[0.         0.93008841 0.         0.        ],[52589524.8312497],[0.00027887]
62,,,[ 0.        -0.7720937  0.         0.       ],[-43631896.27419889],[0.00025827]
63,,,[ 0.         -0.85943515  0.          0.        ],[-48569596.02907985],[0.00025431]
64,,,[0.         0.83979589 0.         0.        ],[47486560.47752844],[0.00027622]
65,,,[0.         2.51898714 0.         0.        ],[1.42342184e+08],[0.00041532]
66,,,[0.         2.22227235 0.         0.        ],[1.25589598e+08],[0.00035251]
67,,,[0.         2.66681691 0.         0.        ],[1.50686979e+08],[0.00042007]
68,,,[0.         0.86755538 0.         0.        ],[49055434.02035181],[nan]
69,,,[ 0.         -1.29149404  0.          0.        ],[-72994508.26476344],[0.00024172]
70,,,[ 0.         -0.82544389  0.          0.        ],[-46647960.94208866],[0.00019059]
71,,,[0.         1.23526558 0.         0.        ],[69835289.5816316],[6.66530789e-05]
72,,,[ 0.        -0.5121953  0.         0.       ],[-28938866.86722935],[0.0001994]
73,,,[0.         0.03167914 0.         0.        ],[1807855.17341888],[0.00019275]
74,,,[ 0.         -1.00225295  0.          0.        ],[-56643467.45750608],[0.00038225]
75,,,[0.         1.42677481 0.         0.        ],[80656169.41116236],[0.00025405]
76,,,[0.         1.02850368 0.         0.        ],[58151319.15217531],[0.00030867]
77,,,[ 0.         -0.03220241  0.          0.        ],[-1803442.34545984],[0.00036712]
78,,,[0.         1.63872448 0.         0.        ],[92630539.80201642],[0.00031094]
79,,,[0.         3.04947953 0.         0.        ],[1.72282044e+08],[0.00057895]
80,,,[0.         2.98955005 0.         0.        ],[1.68900575e+08],[0.00059441]
81,,,[0.         0.43359122 0.         0.        ],[24527282.85880446],[0.00030544]
82,,,[ 0.         -0.16706726  0.          0.        ],[-9427622.72233387],[nan]
83,,,[0.         1.51511613 0.         0.        ],[85647321.45478469],[0.00026058]
84,,,[ 0.         -1.83449277  0.          0.        ],[-1.03687533e+08],[0.00040861]
85,,,[0.        1.2970902 0.        0.       ],[73328705.12173042],[0.0002059]
86,,,[0.         1.69769669 0.         0.        ],[95961956.77483676],[0.00022301]
87,,,[0.         2.34298312 0.         0.        ],[1.32405486e+08],[0.00036962]
88,,,[0.         0.63785788 0.         0.        ],[36073152.91021541],[0.00030673]
89,,,[0.         0.30757319 0.         0.        ],[17403933.75885178],[0.00014576]
90,,,[0.         2.29568427 0.         0.        ],[1.29734859e+08],[0.0004004]
91,,,[0.         2.27866534 0.         0.        ],[1.28773896e+08],[0.00033524]
92,,,[ 0.         -2.69039669  0.          0.        ],[-1.52053404e+08],[0.00051673]
93,,,[0.        1.3942278 0.        0.       ],[78817247.00828253],[0.00017361]
94,,,[ 0.         -2.10974316  0.          0.        ],[-1.19243789e+08],[0.00036795]
95,,,[0.         1.96137917 0.         0.        ],[1.10856031e+08],[0.00037331]
96,,,[ 0.          0.         -0.71026579  0.        ],[4.0197918e+08],[0.00047598]
97,,,[ 0.          0.         -0.30142653  0.        ],[1.70608936e+08],[0.00028057]
98,,,[0.         0.         0.43458317 0.        ],[-2.45937369e+08],[0.00023723]
99,,,[0.         0.         0.78320874 0.        ],[-4.43237494e+08],[0.00032984]
100,,,[0.         0.         0.89202559 0.        ],[-5.04818599e+08],[0.0004709]
101,,,[ 0.          0.         -0.96470682  0.        ],[5.45960943e+08],[0.00060095]
102,,,[0.         0.         0.24768831 0.        ],[-1.40163692e+08],[0.00030605]
103,,,[0.         0.         0.19925229 0.        ],[-1.12751039e+08],[0.00034457]
104,,,[0.         0.         0.55710865 0.        ],[-3.15280138e+08],[0.00045932]
105,,,[ 0.          0.         -0.71018901  0.        ],[4.01935731e+08],[0.00042368]
106,,,[ 0.          0.         -0.94297159  0.        ],[5.33661958e+08],[0.00059261]
107,,,[0.         0.         0.97099065 0.        ],[-5.49505196e+08],[0.00048626]
108,,,[0.         0.         0.78357737 0.        ],[-4.43446111e+08],[0.00031256]
109,,,[ 0.          0.         -0.75308693  0.        ],[4.26211314e+08],[0.00047095]
110,,,[ 0.          0.         -0.35975952  0.        ],[2.0362177e+08],[0.00024687]
111,,,[0.         0.         0.32741913 0.        ],[-1.85287718e+08],[0.00019916]
112,,,[ 0.          0.         -0.87386869  0.        ],[4.94559186e+08],[0.00056919]
113,,,[0.         0.         0.39938676 0.        ],[-2.26017963e+08],[0.00030205]
114,,,[ 0.          0.         -0.31342125  0.        ],[1.77397225e+08],[0.00035173]
115,,,[0.         0.         0.93425017 0.        ],[-5.28713739e+08],[0.00050176]
116,,,[ 0.         0.        -0.1613818  0.       ],[91351375.6447053],[0.00039318]
117,,,[0.         0.         0.10606057 0.        ],[-60008586.93503712],[0.00030288]
118,,,[ 0.          0.         -0.29789085  0.        ],[1.68607957e+08],[0.00033284]
119,,,[ 0.          0.         -0.47241875  0.        ],[2.67379021e+08],[0.00036043]
120,,,[0.         0.         0.96744496 0.        ],[-5.47498697e+08],[0.00046847]
121,,,[0.         0.         0.89223722 0.        ],[-5.04938363e+08],[0.00044153]
122,,,[0.        0.        0.3007272 0.       ],[-1.70181314e+08],[0.00023366]
123,,,[0.         0.         0.32422443 0.        ],[-1.83479666e+08],[0.00026491]
124,,,[ 0.          0.         -0.54978205  0.        ],[3.11160485e+08],[0.00031327]
125,,,[0.         0.         0.13777851 0.        ],[-77959558.96212241],[nan]
126,,,[ 0.          0.         -0.15374584  0.        ],[87029812.31261161],[0.00022595]
127,,,[0.         0.         0.37647359 0.        ],[-2.13050223e+08],[0.00025632]
128,,,[0.         0.         0.36230367 0.        ],[-2.05030728e+08],[0.00034789]
129,,,[ 0.          0.         -0.00727478  0.        ],[4134201.88686528],[0.00031587]
130,,,[0.         0.         0.81567085 0.        ],[-4.61608444e+08],[0.00041943]
131,,,[ 0.          0.         -0.00477328  0.        ],[2718462.50829827],[0.00028365]
132,,,[0.         0.         0.13883058 0.        ],[-78554989.78164238],[0.00013468]
133,,,[0.         0.         0.69727197 0.        ],[-3.94603644e+08],[0.00038396]
134,,,[ 0.          0.         -0.81657351  0.        ],[4.62137337e+08],[0.00054097]
135,,,[0.         0.         0.79088663 0.        ],[-4.47582569e+08],[0.00045422]
136,,,[0.         0.         0.59277234 0.        ],[-3.35463663e+08],[0.0002618]
137,,,[ 0.          0.         -0.59710199  0.        ],[3.37939461e+08],[0.00042971]
138,,,[0.         0.         0.28836732 0.        ],[-1.63186182e+08],[0.00010829]
139,,,[0.         0.         0.79982791 0.        ],[-4.52642623e+08],[0.00035984]
140,,,[0.         0.         0.53906206 0.        ],[-3.05066803e+08],[0.00019253]
141,,,[0.         0.         0.62800858 0.        ],[-3.55405181e+08],[0.00035984]
142,,,[0.         0.         0.75628836 0.        ],[-4.28002631e+08],[0.00037165]
143,,,[ 0.          0.         -0.43189027  0.        ],[2.44442872e+08],[0.00037957]
144,,,[ 0.          0.          0.         -0.85394799],[4.83249075e+08],[0.00038685]
145,,,[ 0.         0.         0.        -0.0695329],[39364555.52652502],[0.00030705]
146,,,[0.         0.         0.         0.19193403],[-1.08594145e+08],[0.0003077]
147,,,[0.        0.        0.        0.2447961],[-1.38507168e+08],[0.0003041]
148,,,[0.        0.        0.        0.2860642],[-1.61859362e+08],[0.00029049]
149,,,[ 0.          0.          0.         -0.62512772],[3.53767232e+08],[0.00030391]
150,,,[0.        0.        0.        0.1271334],[-71925177.3984775],[0.00028715]
151,,,[ 0.          0.          0.         -0.43495114],[2.46149946e+08],[0.00024692]
152,,,[ 0.          0.          0.         -0.98767016],[5.58915681e+08],[0.00044388]
153,,,[0.         0.         0.         0.97245976],[-5.50235074e+08],[0.00087788]
154,,,[0.         0.         0.         0.74118905],[-4.19385866e+08],[0.00063394]
155,,,[0.         0.         0.         0.22808117],[-1.29048726e+08],[0.00022618]
156,,,[ 0.          0.          0.         -0.50554728],[2.86099149e+08],[0.0002984]
157,,,[ 0.          0.          0.         -0.04261814],[24133902.76006379],[0.0002158]
158,,,[ 0.          0.          0.         -0.75870093],[4.2935244e+08],[0.00036554]
159,,,[ 0.          0.          0.         -0.40013796],[2.26449677e+08],[0.00027688]
160,,,[0.         0.         0.         0.60575985],[-3.4275792e+08],[0.0005562]
161,,,[0.         0.         0.         0.82898816],[-4.69062347e+08],[0.00072734]
162,,,[ 0.          0.          0.         -0.87622647],[4.95855474e+08],[0.00049506]
163,,,[0.         0.         0.         0.84603923],[-4.78709637e+08],[0.00076041]
164,,,[0.         0.         0.         0.71434798],[-4.04199004e+08],[0.0006557]
165,,,[0.         0.         0.         0.10778804],[-60978090.533217],[0.00025398]
166,,,[ 0.          0.          0.         -0.59868521],[3.38804037e+08],[0.00027185]
167,,,[ 0.          0.          0.         -0.53023598],[3.00070029e+08],[0.00020373]
168,,,[0.         0.         0.         0.59756645],[-3.38121876e+08],[0.00055496]
169,,,[ 0.          0.          0.         -0.60105231],[3.40143524e+08],[0.00030475]
170,,,[ 0.          0.          0.         -0.70056641],[3.96455968e+08],[9.13372483e-05]
171,,,[0.         0.         0.         0.80696621],[-4.56602524e+08],[0.00069487]
172,,,[0.         0.         0.         0.19042554],[-1.07740539e+08],[0.0003209]
173,,,[0.         0.         0.         0.09376081],[-53040401.00684559],[0.00030134]
174,,,[ 0.          0.          0.         -0.54765267],[3.099258e+08],[0.00020334]
175,,,[ 0.          0.          0.         -0.55200161],[3.12386778e+08],[0.00022251]
176,,,[0.         0.         0.         0.98044847],[-5.54754776e+08],[0.00086211]
177,,,[0.         0.         0.         0.01980414],[-11189806.59510692],[0.00026206]
178,,,[ 0.          0.          0.         -0.39811207],[2.25303257e+08],[0.0002994]
179,,,[0.         0.         0.         0.40722269],[-2.3041782e+08],[0.00043159]
180,,,[0.         0.         0.         0.37804893],[-2.13909762e+08],[0.00041386]
181,,,[ 0.          0.          0.         -0.58306221],[3.29963322e+08],[0.00028932]
182,,,[0.         0.         0.         0.61536039],[-3.48190146e+08],[0.00059309]
183,,,[ 0.          0.          0.         -0.70450903],[3.98686978e+08],[0.00028414]
184,,,[ 0.          0.          0.         -0.34249741],[1.93831662e+08],[0.00027853]
185,,,[0.         0.         0.         0.56503392],[-3.19714016e+08],[0.0005239]
186,,,[0.         0.         0.         0.46037762],[-2.60495444e+08],[0.00042478]
187,,,[0.         0.         0.         0.57643142],[-3.26163077e+08],[0.00054231]
188,,,[ 0.          0.          0.         -0.81088432],[4.58881118e+08],[0.00040254]
189,,,[0.         0.         0.         0.46227994],[-2.61571865e+08],[0.00046088]
190,,,[ 0.          0.          0.         -0.47690453],[2.69890705e+08],[0.00028601]
191,,,[0.         0.         0.         0.94070492],[-5.32269316e+08],[0.00080678]
