,x_train,y_train,x_test,y_pred,y_std
0,[25.09585354  0.42887027 11.9397248  35.5         2.49768591  0.39808496],[-0.00114373],[17.    0.2  10.   20.6   0.    0.17],[0.05851962],[12.22487314]
1,[24.55466488  0.22       13.         26.45        0.          0.44275685],[-0.02099247],[17.06060606  0.22020202 10.06060606 20.75656566  0.06969697  0.21919192],[0.15989617],[11.8778583]
2,[25.01852221  0.22       13.         34.43333333  0.20092531  0.85998313],[-0.00177333],[17.12121212  0.24040404 10.12121212 20.91313131  0.13939394  0.26838384],[0.26269855],[11.54202548]
3,[23.13530261  0.22       15.47967533 22.6         0.          0.57285563],[-0.00921741],[17.18181818  0.26060606 10.18181818 21.06969697  0.20909091  0.31757576],[0.36664479],[11.21763694]
4,[24.51988604  0.22       13.         28.5         0.          0.44275685],[-0.0145542],[17.24242424  0.28080808 10.24242424 21.22626263  0.27878788  0.36676768],[0.47144664],[10.90492496]
5,[24.67852402  0.22       13.         29.85        0.          0.75793461],[-0.01286343],[17.3030303   0.3010101  10.3030303  21.38282828  0.34848485  0.4159596 ],[0.57681051],[10.60408894]
6,[23.82943415  0.22       13.         24.73333333  0.          0.57285563],[-0.01708711],[17.36363636  0.32121212 10.36363636 21.53939394  0.41818182  0.46515152],[0.68243851],[10.31529226]
7,[25.00490543  0.22       13.         33.525       0.07050261  0.86011087],[-0.00619032],[17.42424242  0.34141414 10.42424242 21.6959596   0.48787879  0.51434343],[0.78802946],[10.03865912]
8,[23.881701    0.22       13.12335512 23.7         0.          0.62531613],[-0.01939014],[17.48484848  0.36161616 10.48484848 21.85252525  0.55757576  0.56353535],[0.89327997],[9.77427153]
9,[25.0831857   0.40124216 12.46812374 30.          3.28206782  1.44340098],[-0.00112205],[17.54545455  0.38181818 10.54545455 22.00909091  0.62727273  0.61272727],[0.99788554],[9.52216626]
10,[24.09696078  0.22       13.         25.63333333  0.          0.57285563],[-0.01909125],[17.60606061  0.4020202  10.60606061 22.16565657  0.6969697   0.66191919],[1.10154161],[9.28233226]
11,[24.01385023  0.22       13.         24.9         0.          0.57285563],[-0.0212757],[17.66666667  0.42222222 10.66666667 22.32222222  0.76666667  0.71111111],[1.20394469],[9.05470829]
12,[25.12176405  0.48521867 11.85978757 31.05        4.00758554  0.40109208],[-0.00016375],[17.72727273  0.44242424 10.72727273 22.47878788  0.83636364  0.76030303],[1.30479347],[8.83918113]
13,[24.82849152  0.22       13.         30.          0.          0.44275685],[-0.01476013],[17.78787879  0.46262626 10.78787879 22.63535354  0.90606061  0.80949495],[1.40378989],[8.63558429]
14,[25.11089713  0.46157993 11.88244385 34.74166667  3.0617844   1.38580995],[-0.00051597],[17.84848485  0.48282828 10.84848485 22.79191919  0.97575758  0.85868687],[1.50064032],[8.44369769]
15,[25.00170733  0.22       13.         31.86666667  0.53642739  0.42527002],[-0.0035547],[17.90909091  0.5030303  10.90909091 22.94848485  1.04545455  0.90787879],[1.59505656],[8.26324793]
16,[25.01768108  0.25882967 12.48356778 34.41666667  0.60046571  1.0758998 ],[-0.0031855],[17.96969697  0.52323232 10.96969697 23.10505051  1.11515152  0.95707071],[1.68675697],[8.09390957]
17,[23.83831165  0.22       13.         24.1         0.          0.57285563],[-0.0211294],[18.03030303  0.54343434 11.03030303 23.26161616  1.18484848  1.00626263],[1.77546753],[7.93530749]
18,[23.84940407  0.22       13.0723697  25.6         0.          0.44275685],[-0.01443011],[18.09090909  0.56363636 11.09090909 23.41818182  1.25454545  1.05545455],[1.86092283],[7.78702002]
19,[23.85216684  0.22       13.         24.56666667  0.          0.57285563],[-0.0196294],[18.15151515  0.58383838 11.15151515 23.57474747  1.32424242  1.10464646],[1.94286712],[7.64858313]
20,[25.10922568  0.45796179 11.83316481 34.83333333  3.00268574  0.39855506],[-0.00069218],[18.21212121  0.6040404  11.21212121 23.73131313  1.39393939  1.15383838],[2.02105524],[7.5194955]
21,[24.1451955   0.22       15.30240618 27.625       3.47930327  1.48060105],[0.04656561],[18.27272727  0.62424242 11.27272727 23.88787879  1.46363636  1.2030303 ],[2.09525355],[7.39922418]
22,[24.2352606   0.22       13.         27.7         0.          0.44275685],[0.92691417],[18.33333333  0.64444444 11.33333333 24.04444444  1.53333333  1.25222222],[2.16524084],[7.28721116]
23,[23.87391446  0.22       15.73340521 27.175       3.29574208  1.48296354],[0.04585004],[18.39393939  0.66464646 11.39393939 24.2010101   1.6030303   1.30141414],[2.23080917],[7.18288003]
24,[25.12142351  0.48449289 12.03558974 31.375       3.89293556  1.44342784],[-0.00034559],[18.45454545  0.68484848 11.45454545 24.35757576  1.67272727  1.35060606],[2.29176459],[7.0856432]
25,[24.29280734  0.22       15.81154805 27.275       3.62071569  1.4797655 ],[0.0476254],[18.51515152  0.70505051 11.51515152 24.51414141  1.74242424  1.39979798],[2.34792798],[6.99490897]
26,[24.40635856  0.22       13.         28.95833333  0.          0.58639295],[-0.01169276],[18.57575758  0.72525253 11.57575758 24.67070707  1.81212121  1.4489899 ],[2.39913562],[6.91008875]
27,[25.09942423  0.4365838  11.94282626 33.56666667  2.96596255  1.40042369],[-0.00044039],[18.63636364  0.74545455 11.63636364 24.82727273  1.88181818  1.49818182],[2.44523987],[6.83060381]
28,[24.39394722  0.22       13.         28.38333333  0.          0.44275685],[-0.01321378],[18.6969697   0.76565657 11.6969697  24.98383838  1.95151515  1.54737374],[2.48610968],[6.75589175]
29,[23.63741934  0.22       13.         24.4         0.          0.62531613],[-0.01596524],[18.75757576  0.78585859 11.75757576 25.14040404  2.02121212  1.59656566],[2.52163109],[6.68541258]
30,[23.43849776  0.22       14.06349052 25.14166667  2.79793893  0.58609169],[0.03320247],[18.81818182  0.80606061 11.81818182 25.2969697   2.09090909  1.64575758],[2.55170763],[6.61865401]
31,[24.02706817  0.22       13.         25.45833333  0.          0.63965842],[-0.01736654],[18.87878788  0.82626263 11.87878788 25.45353535  2.16060606  1.69494949],[2.57626067],[6.55513638]
32,[25.09785128  0.43317393 11.97117431 32.2         3.15776619  1.17179774],[-0.00045705],[18.93939394  0.84646465 11.93939394 25.61010101  2.23030303  1.74414141],[2.59522966],[6.49441687]
33,[23.0236976   0.22       15.95660381 22.11666667  0.          0.62531613],[-0.00818991],[19.          0.86666667 12.         25.76666667  2.3         1.79333333],[2.60857238],[6.43609299]
34,[24.31470534  0.22       13.         28.03333333  0.          0.44275685],[-0.01320061],[19.06060606  0.88686869 12.06060606 25.92323232  2.36969697  1.84252525],[2.61626499],[6.3798056]
35,[24.32071537  0.22       14.72420551 28.08333333  3.6291807   1.47650141],[0.04536781],[19.12121212  0.90707071 12.12121212 26.07979798  2.43939394  1.89171717],[2.6183021],[6.32524145]
36,[25.12542378  0.49290774 12.42013183 30.73333333  4.11096478  1.44339941],[0.00160369],[19.18181818  0.92727273 12.18181818 26.23636364  2.50909091  1.94090909],[2.61469677],[6.27213495]
37,[25.03937273  0.30586784 12.29706412 34.88333333  1.12138239  0.72467484],[-0.00219278],[19.24242424  0.94747475 12.24242424 26.39292929  2.57878788  1.99010101],[2.60548034],[6.22026973]
38,[24.41439683  0.22       14.20393826 28.475       3.8372381   1.47584095],[0.04761697],[19.3030303   0.96767677 12.3030303  26.54949495  2.64848485  2.03929293],[2.59070229],[6.16947962]
39,[25.01093761  0.24413985 12.63819806 33.9         0.50578376  1.07863524],[-0.00325723],[19.36363636  0.98787879 12.36363636 26.70606061  2.71818182  2.08848485],[2.57042998],[6.11964931]
40,[24.41178087  0.22       13.         28.44166667  0.          0.58646765],[-0.01331482],[19.42424242  1.00808081 12.42424242 26.86262626  2.78787879  2.13767677],[2.54474828],[6.07071473]
41,[25.02572367  0.27612623 12.35269505 32.93333333  1.22151947  0.72928462],[-0.00081762],[19.48484848  1.02828283 12.48484848 27.01919192  2.85757576  2.18686869],[2.51375925],[6.02266309]
42,[24.23496227  0.22       13.         25.48333333  0.          0.57285563],[-0.02156475],[19.54545455  1.04848485 12.54545455 27.17575758  2.92727273  2.23606061],[2.47758156],[5.97553253]
43,[24.98504348  0.22       12.97036214 29.39166667  3.80718492  1.44339935],[0.03655843],[19.60606061  1.06868687 12.60606061 27.33232323  2.9969697   2.28525253],[2.43635006],[5.92941176]
44,[24.69330424  0.22       13.7391939  28.55        4.05170838  1.46254473],[0.04641791],[19.66666667  1.08888889 12.66666667 27.48888889  3.06666667  2.33444444],[2.39021511],[5.88443918]
45,[25.00552598  0.22       13.         24.5         0.          0.44275685],[-0.02929471],[19.72727273  1.10909091 12.72727273 27.64545455  3.13636364  2.38363636],[2.33934195],[5.84080172]
46,[25.44924866  0.22       13.         25.675       0.          0.44275685],[-0.0305835],[19.78787879  1.12929293 12.78787879 27.8020202   3.20606061  2.43282828],[2.28390998],[5.79873362]
47,[24.90237181  0.22       13.         31.05        0.04794987  0.86203976],[-0.01206857],[19.84848485  1.14949495 12.84848485 27.95858586  3.27575758  2.4820202 ],[2.22411196],[5.7585145]
48,[23.83833057  0.22       13.38425235 26.25        1.84738321  0.54992484],[0.01711774],[19.90909091  1.16969697 12.90909091 28.11515152  3.34545455  2.53121212],[2.16015325],[5.72046717]
49,[23.18101345  0.22       14.53085736 24.71666667  1.93825571  0.55324461],[0.02319286],[19.96969697  1.18989899 12.96969697 28.27171717  3.41515152  2.58040404],[2.09225085],[5.68495509]
50,,,[20.03030303  1.21010101 13.03030303 28.42828283  3.48484848  2.62959596],[2.02063258],[5.65237903]
51,,,[20.09090909  1.23030303 13.09090909 28.58484848  3.55454545  2.67878788],[1.94553607],[5.62317333]
52,,,[20.15151515  1.25050505 13.15151515 28.74141414  3.62424242  2.7279798 ],[1.8672078],[5.59780148]
53,,,[20.21212121  1.27070707 13.21212121 28.8979798   3.69393939  2.77717172],[1.78590208],[5.57675107]
54,,,[20.27272727  1.29090909 13.27272727 29.05454545  3.76363636  2.82636364],[1.70188004],[5.5605278]
55,,,[20.33333333  1.31111111 13.33333333 29.21111111  3.83333333  2.87555556],[1.61540854],[5.54964923]
56,,,[20.39393939  1.33131313 13.39393939 29.36767677  3.9030303   2.92474747],[1.52675914],[5.54463769]
57,,,[20.45454545  1.35151515 13.45454545 29.52424242  3.97272727  2.97393939],[1.436207],[5.54601267]
58,,,[20.51515152  1.37171717 13.51515152 29.68080808  4.04242424  3.02313131],[1.34402981],[5.5542832]
59,,,[20.57575758  1.39191919 13.57575758 29.83737374  4.11212121  3.07232323],[1.25050669],[5.5699399]
60,,,[20.63636364  1.41212121 13.63636364 29.99393939  4.18181818  3.12151515],[1.15591718],[5.59344716]
61,,,[20.6969697   1.43232323 13.6969697  30.15050505  4.25151515  3.17070707],[1.0605401],[5.62523606]
62,,,[20.75757576  1.45252525 13.75757576 30.30707071  4.32121212  3.21989899],[0.96465254],[5.66569777]
63,,,[20.81818182  1.47272727 13.81818182 30.46363636  4.39090909  3.26909091],[0.86852886],[5.71517804]
64,,,[20.87878788  1.49292929 13.87878788 30.62020202  4.46060606  3.31828283],[0.77243965],[5.77397295]
65,,,[20.93939394  1.51313131 13.93939394 30.77676768  4.53030303  3.36747475],[0.67665076],[5.84232618]
66,,,[21.          1.53333333 14.         30.93333333  4.6         3.41666667],[0.58142239],[5.92042742]
67,,,[21.06060606  1.55353535 14.06060606 31.08989899  4.66969697  3.46585859],[0.48700816],[6.00841296]
68,,,[21.12121212  1.57373737 14.12121212 31.24646465  4.73939394  3.51505051],[0.39365426],[6.10636691]
69,,,[21.18181818  1.59393939 14.18181818 31.4030303   4.80909091  3.56424242],[0.30159864],[6.21432429]
70,,,[21.24242424  1.61414141 14.24242424 31.55959596  4.87878788  3.61343434],[0.21107022],[6.332275]
71,,,[21.3030303   1.63434343 14.3030303  31.71616162  4.94848485  3.66262626],[0.12228819],[6.46016863]
72,,,[21.36363636  1.65454545 14.36363636 31.87272727  5.01818182  3.71181818],[0.03546133],[6.59791977]
73,,,[21.42424242  1.67474747 14.42424242 32.02929293  5.08787879  3.7610101 ],[-0.04921259],[6.74541363]
74,,,[21.48484848  1.69494949 14.48484848 32.18585859  5.15757576  3.81020202],[-0.13154739],[6.90251178]
75,,,[21.54545455  1.71515152 14.54545455 32.34242424  5.22727273  3.85939394],[-0.21136896],[7.06905756]
76,,,[21.60606061  1.73535354 14.60606061 32.4989899   5.2969697   3.90858586],[-0.28851568],[7.24488136]
77,,,[21.66666667  1.75555556 14.66666667 32.65555556  5.36666667  3.95777778],[-0.36283882],[7.42980527]
78,,,[21.72727273  1.77575758 14.72727273 32.81212121  5.43636364  4.0069697 ],[-0.43420286],[7.62364727]
79,,,[21.78787879  1.7959596  14.78787879 32.96868687  5.50606061  4.05616162],[-0.50248572],[7.82622473]
80,,,[21.84848485  1.81616162 14.84848485 33.12525253  5.57575758  4.10535354],[-0.56757897],[8.03735745]
81,,,[21.90909091  1.83636364 14.90909091 33.28181818  5.64545455  4.15454545],[-0.62938793],[8.25687001]
82,,,[21.96969697  1.85656566 14.96969697 33.43838384  5.71515152  4.20373737],[-0.68783177],[8.48459348]
83,,,[22.03030303  1.87676768 15.03030303 33.59494949  5.78484848  4.25292929],[-0.74284348],[8.72036674]
84,,,[22.09090909  1.8969697  15.09090909 33.75151515  5.85454545  4.30212121],[-0.79436987],[8.96403726]
85,,,[22.15151515  1.91717172 15.15151515 33.90808081  5.92424242  4.35131313],[-0.8423714],[9.21546147]
86,,,[22.21212121  1.93737374 15.21212121 34.06464646  5.99393939  4.40050505],[-0.88682202],[9.47450467]
87,,,[22.27272727  1.95757576 15.27272727 34.22121212  6.06363636  4.44969697],[-0.927709],[9.74104081]
88,,,[22.33333333  1.97777778 15.33333333 34.37777778  6.13333333  4.49888889],[-0.96503259],[10.01495187]
89,,,[22.39393939  1.9979798  15.39393939 34.53434343  6.2030303   4.54808081],[-0.99880573],[10.29612702]
90,,,[22.45454545  2.01818182 15.45454545 34.69090909  6.27272727  4.59727273],[-1.02905367],[10.58446178]
91,,,[22.51515152  2.03838384 15.51515152 34.84747475  6.34242424  4.64646465],[-1.05581356],[10.8798568]
92,,,[22.57575758  2.05858586 15.57575758 35.0040404   6.41212121  4.69565657],[-1.07913396],[11.18221678]
93,,,[22.63636364  2.07878788 15.63636364 35.16060606  6.48181818  4.74484848],[-1.09907438],[11.49144919]
94,,,[22.6969697   2.0989899  15.6969697  35.31717172  6.55151515  4.7940404 ],[-1.11570474],[11.80746301]
95,,,[22.75757576  2.11919192 15.75757576 35.47373737  6.62121212  4.84323232],[-1.12910478],[12.13016746]
96,,,[22.81818182  2.13939394 15.81818182 35.63030303  6.69090909  4.89242424],[-1.13936348],[12.45947073]
97,,,[22.87878788  2.15959596 15.87878788 35.78686869  6.76060606  4.94161616],[-1.14657846],[12.79527875]
98,,,[22.93939394  2.17979798 15.93939394 35.94343434  6.83030303  4.99080808],[-1.15085531],[13.13749407]
99,,,[23.    2.2  16.   36.1   6.9   5.04],[-1.15230694],[13.48601465]
