,x_train,y_train,x_test,y_pred,y_std
0,[4.67211217 0.         0.         0.        ],[21.82867883],[-5.8017222  0.         0.         0.       ],[33.64756182],[0.05034842]
1,[-3.80595093  0.          0.          0.        ],[14.48525966],[-0.73988342  0.          0.          0.        ],[0.53436608],[0.02690551]
2,[-4.14463223  0.          0.          0.        ],[17.17796912],[-3.21012904  0.          0.          0.        ],[10.31770355],[0.04484792]
3,[1.10093152 0.         0.         0.        ],[1.21209695],[3.932113 0.       0.       0.      ],[15.4808221],[0.02065643]
4,[1.262112 0.       0.       0.      ],[1.59289185],[-3.35601662  0.          0.          0.        ],[11.2770106],[0.05156113]
5,[5.37851165 0.         0.         0.        ],[28.92840058],[-3.10724384  0.          0.          0.        ],[9.66672311],[0.03675214]
6,[2.30041434 0.         0.         0.        ],[5.29186682],[-1.02717954  0.          0.          0.        ],[1.04394997],[nan]
7,[-2.05141028  0.          0.          0.        ],[4.20821834],[-6.16252954  0.          0.          0.        ],[37.94635039],[0.04820572]
8,[1.16622976 0.         0.         0.        ],[1.36013277],[2.84333119 0.         0.         0.        ],[8.0937887],[0.02501887]
9,[0.76835141 0.         0.         0.        ],[0.59034902],[5.0173069 0.        0.        0.       ],[25.18791955],[0.01204863]
10,[6.26766607 0.         0.         0.        ],[39.28361933],[6.16876272 0.         0.         0.        ],[38.03003759],[0.05252095]
11,[2.59519463 0.         0.         0.        ],[6.73495],[-3.65390918  0.          0.          0.        ],[13.36751551],[0.02562373]
12,[-5.65185871  0.          0.          0.        ],[31.94343862],[-1.17188123  0.          0.          0.        ],[1.36328569],[0.01252733]
13,[-0.96117265  0.          0.          0.        ],[0.92385686],[2.31299124 0.         0.         0.        ],[5.35243218],[0.03401631]
14,[-0.10172478  0.          0.          0.        ],[0.01035007],[-3.20367581  0.          0.          0.        ],[10.27625689],[0.04164564]
15,[-1.93650949  0.          0.          0.        ],[3.75004308],[1.06235293 0.         0.         0.        ],[1.11758694],[0.0345197]
16,[-0.28196465  0.          0.          0.        ],[0.07951995],[-3.21154034  0.          0.          0.        ],[10.32677929],[0.05722917]
17,[-4.36585457  0.          0.          0.        ],[19.06066864],[-0.58444138  0.          0.          0.        ],[0.32770869],[0.01795158]
18,[-4.94529484  0.          0.          0.        ],[24.45596402],[6.14825026 0.         0.         0.        ],[37.77849057],[0.03634673]
19,[-6.04048576  0.          0.          0.        ],[36.48746315],[-1.17204721  0.          0.          0.        ],[1.36364987],[0.04339276]
20,[-4.67111285  0.          0.          0.        ],[21.81919104],[2.76251074 0.         0.         0.        ],[7.63969707],[0.03476904]
21,[5.49598243 0.         0.         0.        ],[30.20577775],[2.11171655 0.         0.         0.        ],[4.45932909],[nan]
22,[-4.36478461  0.          0.          0.        ],[19.05140099],[-5.83454894  0.          0.          0.        ],[34.02812713],[0.04032265]
23,[5.68777807 0.         0.         0.        ],[32.35080694],[-0.80444094  0.          0.          0.        ],[0.63439115],[0.04220533]
24,[3.28917172 0.         0.         0.        ],[10.81861854],[-5.37709957  0.          0.          0.        ],[28.9157787],[0.04412191]
25,[-1.53176109  0.          0.          0.        ],[2.34631867],[2.03818504 0.         0.         0.        ],[4.15325078],[0.0361543]
26,[-2.13443534  0.          0.          0.        ],[4.55581103],[-0.5706569  0.         0.         0.       ],[0.31171324],[0.04145296]
27,[-3.15422267  0.          0.          0.        ],[9.94914282],[-5.32325628  0.          0.          0.        ],[28.3411304],[0.02679159]
28,[-0.60630493  0.          0.          0.        ],[0.36767432],[-3.73382099  0.          0.          0.        ],[13.95832504],[0.04790786]
29,[4.71740304 0.         0.         0.        ],[22.25389779],[-5.63403968  0.          0.          0.        ],[31.73668512],[0.04003931]
30,[-6.01427152  0.          0.          0.        ],[36.17144609],[0.08429438 0.         0.         0.        ],[-0.00810983],[0.03919414]
31,[0.41101031 0.         0.         0.        ],[0.16885071],[-5.36992583  0.          0.          0.        ],[28.83887318],[0.05054498]
32,[4.15189603 0.         0.         0.        ],[17.23824618],[-0.00827038  0.          0.          0.        ],[-0.01517085],[0.04242228]
33,[0.97368932 0.         0.         0.        ],[0.94798825],[1.77205257 0.         0.         0.        ],[3.13604453],[0.04691675]
34,[3.80432615 0.         0.         0.        ],[14.47293312],[0.79176424 0.         0.         0.        ],[0.61399334],[0.06518158]
35,[5.42528448 0.         0.         0.        ],[29.43373202],[-4.85666208  0.          0.          0.        ],[23.60061682],[0.03265739]
36,[-0.97775858  0.          0.          0.        ],[0.95599765],[-3.49063988  0.          0.          0.        ],[12.19986957],[0.03024413]
37,[6.16662133 0.         0.         0.        ],[38.02724287],[-2.35381716  0.          0.          0.        ],[5.54335711],[0.03579534]
38,[4.1264347 0.        0.        0.       ],[17.02739264],[-2.44211396  0.          0.          0.        ],[5.96792577],[nan]
39,[6.12826149 0.         0.         0.        ],[37.55551693],[-4.34257007  0.          0.          0.        ],[18.87565426],[0.03847824]
40,[1.50330277 0.         0.         0.        ],[2.25992153],[0.55028117 0.         0.         0.        ],[0.28871533],[0.0467635]
41,[-5.98638628  0.          0.          0.        ],[35.83680945],[-2.51282263  0.          0.          0.        ],[6.3191044],[0.04461393]
42,[3.68184099 0.         0.         0.        ],[13.55587912],[5.53106907 0.         0.         0.        ],[30.59562756],[0.0041083]
43,[5.21260694 0.         0.         0.        ],[27.17121309],[-3.37472458  0.          0.          0.        ],[11.40309887],[0.03299908]
44,[-3.70424869  0.          0.          0.        ],[13.72149595],[-2.57811642  0.          0.          0.        ],[6.65233777],[0.03154467]
45,[-2.22123443  0.          0.          0.        ],[4.93387331],[-4.04952429  0.          0.          0.        ],[16.41665388],[0.04094426]
46,[-4.51515939  0.          0.          0.        ],[20.38668029],[5.54938655 0.         0.         0.        ],[30.79800655],[0.05662416]
47,[1.96192984 0.         0.         0.        ],[3.84921708],[-0.23479073  0.          0.          0.        ],[0.04013596],[0.02699094]
48,[-2.65453111  0.          0.          0.        ],[7.04656094],[ 0.         -4.83185804  0.          0.        ],[0.],[31.6227766]
49,[0.84646812 0.         0.         0.        ],[0.71651163],[0.        2.9460741 0.        0.       ],[0.],[31.6227766]
50,[ 0.         -1.51993666  0.          0.        ],[-4.79058844e-05],[ 0.         -0.49582715  0.          0.        ],[0.],[31.6227766]
51,[0.         2.99568734 0.         0.        ],[-1.06921451e-06],[ 0.         -2.43095632  0.          0.        ],[0.],[31.6227766]
52,[ 0.         -0.89815693  0.          0.        ],[1.00926702e-05],[0.         3.28662198 0.         0.        ],[0.],[31.6227766]
53,[0.         1.12661621 0.         0.        ],[5.68156799e-05],[0.         6.08786176 0.         0.        ],[0.],[31.6227766]
54,[ 0.         -2.40883958  0.          0.        ],[-3.96635037e-05],[ 0.         -2.70843771  0.          0.        ],[0.],[31.6227766]
55,[ 0.         -1.45749493  0.          0.        ],[3.33658584e-05],[ 0.         -5.84222045  0.          0.        ],[0.],[31.6227766]
56,[ 0.         -3.51564331  0.          0.        ],[-2.2779325e-06],[0.         2.40205196 0.         0.        ],[0.],[31.6227766]
57,[0.         4.72585054 0.         0.        ],[9.75366797e-06],[0.         1.51575504 0.         0.        ],[0.],[31.6227766]
58,[0.         5.27540473 0.         0.        ],[5.31664965e-05],[0.         4.03644905 0.         0.        ],[0.],[31.6227766]
59,[ 0.         -0.73904438  0.          0.        ],[-8.3550553e-05],[0.         5.09820668 0.         0.        ],[0.],[31.6227766]
60,[ 0.         -3.08397412  0.          0.        ],[-1.12955287e-05],[0.         4.38554478 0.         0.        ],[0.],[31.6227766]
61,[0.         4.05079694 0.         0.        ],[-5.82544788e-05],[0.        6.0986782 0.        0.       ],[0.],[31.6227766]
62,[0.        2.7519968 0.        0.       ],[2.39967991e-05],[0.         3.07022115 0.         0.        ],[0.],[31.6227766]
63,[ 0.        -1.8511725  0.         0.       ],[-1.41299923e-05],[ 0.         -4.46897292  0.          0.        ],[0.],[31.6227766]
64,[0.         2.12200726 0.         0.        ],[-3.90055333e-06],[ 0.         -0.71166105  0.          0.        ],[0.],[31.6227766]
65,[ 0.        -3.9667885  0.         0.       ],[4.33937887e-05],[0.         5.26212804 0.         0.        ],[0.],[31.6227766]
66,[0.         1.90131734 0.         0.        ],[4.93945326e-05],[0.         0.55499087 0.         0.        ],[0.],[31.6227766]
67,[ 0.         -3.19280946  0.          0.        ],[5.92966097e-05],[ 0.         -6.15542006  0.          0.        ],[0.],[31.6227766]
68,[0.         0.44479583 0.         0.        ],[3.8197717e-06],[ 0.         -2.42250499  0.          0.        ],[0.],[31.6227766]
69,[ 0.         -2.41062078  0.          0.        ],[2.37096308e-05],[0.        1.7413993 0.        0.       ],[0.],[31.6227766]
70,[0.         0.49686031 0.         0.        ],[2.48225884e-05],[0.         1.32144682 0.         0.        ],[0.],[31.6227766]
71,[ 0.         -6.20205676  0.          0.        ],[-1.88811901e-05],[ 0.         -0.61307852  0.          0.        ],[0.],[31.6227766]
72,[0.         0.39282151 0.         0.        ],[-5.45556213e-05],[0.         6.07708105 0.         0.        ],[0.],[31.6227766]
73,[ 0.         -6.21316837  0.          0.        ],[6.06712434e-05],[0.        5.3218313 0.        0.       ],[0.],[31.6227766]
74,[0.         1.60568542 0.         0.        ],[-1.34418902e-05],[ 0.         -5.89276971  0.          0.        ],[0.],[31.6227766]
75,[0.         4.53852045 0.         0.        ],[-6.55099729e-05],[0.         0.67900743 0.         0.        ],[0.],[31.6227766]
76,[0.         5.53216332 0.         0.        ],[-3.07962451e-05],[0.         2.71164891 0.         0.        ],[0.],[31.6227766]
77,[0.         5.02357771 0.         0.        ],[-2.27563803e-05],[0.         1.40784084 0.         0.        ],[0.],[31.6227766]
78,[0.         6.20979093 0.         0.        ],[-1.96755417e-06],[0.         3.51346159 0.         0.        ],[0.],[31.6227766]
79,[0.         1.13094966 0.         0.        ],[2.80556207e-05],[ 0.         -5.80830321  0.          0.        ],[0.],[31.6227766]
80,[0.         5.13998437 0.         0.        ],[-7.59035817e-05],[0.         3.76121411 0.         0.        ],[0.],[31.6227766]
81,[0.         1.38839587 0.         0.        ],[2.28753315e-05],[0.         6.24665179 0.         0.        ],[0.],[31.6227766]
82,[0.         2.47656867 0.         0.        ],[-7.40754092e-05],[ 0.         -3.73687841  0.          0.        ],[0.],[31.6227766]
83,[ 0.         -1.12798727  0.          0.        ],[-4.61821945e-06],[ 0.         -1.83720641  0.          0.        ],[0.],[31.6227766]
84,[0.         2.36066136 0.         0.        ],[3.88662004e-05],[ 0.         -3.91293167  0.          0.        ],[0.],[31.6227766]
85,[0.         3.51453082 0.         0.        ],[3.08647279e-05],[0.         2.82601543 0.         0.        ],[0.],[31.6227766]
86,[0.         0.05812716 0.         0.        ],[1.41412374e-05],[0.         6.22591869 0.         0.        ],[0.],[31.6227766]
87,[0.         1.79842499 0.         0.        ],[1.85188767e-05],[0.         4.12470351 0.         0.        ],[0.],[31.6227766]
88,[ 0.         -2.32681182  0.          0.        ],[2.66120418e-05],[0.         1.36024132 0.         0.        ],[0.],[31.6227766]
89,[0.         1.73323144 0.         0.        ],[5.97963493e-05],[ 0.         -4.44676928  0.          0.        ],[0.],[31.6227766]
90,[ 0.         -2.08538862  0.          0.        ],[4.25266586e-05],[0.         5.56322077 0.         0.        ],[0.],[31.6227766]
91,[0.         2.38934909 0.         0.        ],[-1.36205722e-05],[0.         0.33487073 0.         0.        ],[0.],[31.6227766]
92,[ 0.         -1.30024454  0.          0.        ],[-5.9715665e-06],[ 0.         -1.04393423  0.          0.        ],[0.],[31.6227766]
93,[ 0.         -4.72470095  0.          0.        ],[2.78444328e-05],[ 0.        -4.3141835  0.         0.       ],[0.],[31.6227766]
94,[ 0.         -2.52788367  0.          0.        ],[5.48578195e-05],[0.         4.66414403 0.         0.        ],[0.],[31.6227766]
95,[ 0.         -0.02214148  0.          0.        ],[-1.0352501e-05],[ 0.         -4.49709325  0.          0.        ],[0.],[31.6227766]
96,[0.         6.01180892 0.         0.        ],[-3.63499901e-05],[ 0.          0.         -0.68986035  0.        ],[0.],[31.6227766]
97,[ 0.         -2.18262628  0.          0.        ],[8.31354065e-06],[ 0.         0.        -0.1721524  0.       ],[0.],[31.6227766]
98,[0.         0.76330078 0.         0.        ],[4.63025854e-06],[0.         0.         0.35467628 0.        ],[0.],[31.6227766]
99,[0.         5.09044687 0.         0.        ],[-3.68448377e-05],[0.         0.         0.69688643 0.        ],[0.],[31.6227766]
100,[ 0.          0.         -0.79226149  0.        ],[3.973903e-06],[0.         0.         0.71643616 0.        ],[0.],[31.6227766]
101,[0.         0.         0.69396731 0.        ],[-8.02864503e-06],[0.         0.         0.44186057 0.        ],[0.],[31.6227766]
102,[0.        0.        0.6162304 0.       ],[-5.51423689e-05],[0.         0.         0.07491518 0.        ],[0.],[31.6227766]
103,[ 0.        0.       -0.669849  0.      ],[-7.04874829e-05],[0.         0.         0.99550774 0.        ],[0.],[31.6227766]
104,[0.         0.         0.01882335 0.        ],[-5.54392535e-06],[ 0.          0.         -0.32416984  0.        ],[0.],[31.6227766]
105,[ 0.          0.         -0.40180146  0.        ],[-3.12039885e-05],[ 0.        0.       -0.163356  0.      ],[0.],[31.6227766]
106,[ 0.          0.         -0.78133552  0.        ],[6.13217586e-05],[0.         0.         0.95592133 0.        ],[0.],[31.6227766]
107,[ 0.          0.         -0.02403193  0.        ],[3.81891828e-05],[ 0.          0.         -0.68625863  0.        ],[0.],[31.6227766]
108,[0.         0.         0.69621938 0.        ],[9.73468156e-06],[0.         0.         0.87067295 0.        ],[0.],[31.6227766]
109,[0.         0.         0.68960767 0.        ],[1.18257335e-05],[0.         0.         0.02849208 0.        ],[0.],[31.6227766]
110,[0.         0.         0.12393921 0.        ],[-2.48162074e-05],[0.         0.         0.75630083 0.        ],[0.],[31.6227766]
111,[ 0.          0.         -0.62402674  0.        ],[-2.84825558e-05],[0.         0.         0.58518008 0.        ],[0.],[31.6227766]
112,[0.         0.         0.53563947 0.        ],[-1.69856519e-05],[ 0.          0.         -0.72395876  0.        ],[0.],[31.6227766]
113,[0.         0.         0.98604184 0.        ],[-1.33036246e-05],[0.         0.         0.60588283 0.        ],[0.],[31.6227766]
114,[ 0.          0.         -0.59043396  0.        ],[4.23202489e-05],[ 0.          0.         -0.08342716  0.        ],[0.],[31.6227766]
115,[0.         0.         0.66611101 0.        ],[8.64236049e-06],[0.         0.         0.93951475 0.        ],[0.],[31.6227766]
116,[0.         0.         0.46844634 0.        ],[-1.16170093e-05],[0.         0.         0.73358757 0.        ],[0.],[31.6227766]
117,[0.         0.         0.56211856 0.        ],[-1.86064991e-05],[ 0.          0.         -0.20050251  0.        ],[0.],[31.6227766]
118,[ 0.          0.         -0.66209232  0.        ],[-5.95436196e-05],[ 0.          0.         -0.61279438  0.        ],[0.],[31.6227766]
119,[0.         0.         0.10714835 0.        ],[1.76007679e-05],[0.         0.         0.00284753 0.        ],[0.],[31.6227766]
120,[ 0.          0.         -0.27348067  0.        ],[1.28157954e-07],[ 0.          0.         -0.38233244  0.        ],[0.],[31.6227766]
121,[ 0.          0.         -0.41643356  0.        ],[-2.16860792e-05],[0.         0.         0.72079291 0.        ],[0.],[31.6227766]
122,[0.         0.         0.40955193 0.        ],[-1.20971344e-05],[0.         0.         0.06046621 0.        ],[0.],[31.6227766]
123,[0.         0.         0.45343098 0.        ],[-4.59326855e-08],[0.         0.         0.90016951 0.        ],[0.],[31.6227766]
124,[ 0.          0.         -0.86898186  0.        ],[-1.7746643e-05],[0.         0.         0.06097104 0.        ],[0.],[31.6227766]
125,[ 0.          0.         -0.21129462  0.        ],[-3.15171321e-06],[0.         0.         0.19582098 0.        ],[0.],[31.6227766]
126,[0.         0.         0.09487346 0.        ],[5.54540619e-05],[ 0.        0.       -0.032916  0.      ],[0.],[31.6227766]
127,[ 0.          0.         -0.98684937  0.        ],[-6.25958764e-05],[ 0.          0.         -0.45573072  0.        ],[0.],[31.6227766]
128,[0.         0.         0.65199153 0.        ],[-5.49497051e-05],[0.         0.         0.15918889 0.        ],[0.],[31.6227766]
129,[0.         0.         0.60613762 0.        ],[-6.11623077e-05],[0.         0.         0.04111527 0.        ],[0.],[31.6227766]
130,[0.        0.        0.2566362 0.       ],[3.95551955e-05],[0.         0.         0.55645245 0.        ],[0.],[31.6227766]
131,[ 0.          0.         -0.02416654  0.        ],[1.31865523e-05],[0.         0.         0.77672082 0.        ],[0.],[31.6227766]
132,[ 0.          0.         -0.63035906  0.        ],[-1.94502968e-05],[ 0.          0.         -0.78180051  0.        ],[0.],[31.6227766]
133,[0.         0.         0.52863028 0.        ],[2.94253657e-06],[ 0.         0.        -0.9307396  0.       ],[0.],[31.6227766]
134,[0.         0.         0.13636678 0.        ],[-2.53660031e-05],[0.        0.        0.8097685 0.       ],[0.],[31.6227766]
135,[0.         0.         0.67855796 0.        ],[-3.18788531e-05],[0.         0.         0.02580264 0.        ],[0.],[31.6227766]
136,[0.         0.         0.43850668 0.        ],[-4.26911613e-07],[ 0.          0.         -0.22502803  0.        ],[0.],[31.6227766]
137,[0.         0.         0.79069649 0.        ],[4.34383602e-05],[ 0.          0.         -0.01419507  0.        ],[0.],[31.6227766]
138,[ 0.          0.         -0.13715237  0.        ],[-4.1109209e-05],[ 0.          0.         -0.56247293  0.        ],[0.],[31.6227766]
139,[ 0.          0.         -0.15329065  0.        ],[-3.93208899e-05],[0.         0.         0.94245886 0.        ],[0.],[31.6227766]
140,[ 0.          0.         -0.11553096  0.        ],[-3.09094277e-06],[ 0.          0.         -0.56005743  0.        ],[0.],[31.6227766]
141,[0.         0.         0.38744575 0.        ],[2.84933341e-05],[ 0.          0.         -0.91472067  0.        ],[0.],[31.6227766]
142,[0.        0.        0.2080103 0.       ],[-3.13531226e-05],[ 0.          0.         -0.58551094  0.        ],[0.],[31.6227766]
143,[ 0.          0.         -0.16612994  0.        ],[-1.32818064e-05],[ 0.          0.         -0.41921826  0.        ],[0.],[31.6227766]
144,[0.         0.         0.88701712 0.        ],[-8.52988424e-06],[0.         0.         0.         0.71092928],[0.],[31.6227766]
145,[0.         0.         0.78386237 0.        ],[1.79014587e-05],[ 0.          0.          0.         -0.88199815],[0.],[31.6227766]
146,[0.         0.         0.57442141 0.        ],[-5.68450289e-05],[0.         0.         0.         0.74859918],[0.],[31.6227766]
147,[ 0.          0.         -0.62109484  0.        ],[3.70996574e-06],[0.         0.         0.         0.86140277],[0.],[31.6227766]
148,[0.         0.         0.52467012 0.        ],[4.68922052e-05],[ 0.          0.          0.         -0.03448358],[0.],[31.6227766]
149,[ 0.          0.         -0.12660764  0.        ],[4.44939349e-05],[0.         0.         0.         0.72118537],[0.],[31.6227766]
150,[ 0.          0.          0.         -0.21173145],[3.69742403e-05],[0.         0.         0.         0.93319717],[0.],[31.6227766]
151,[0.         0.         0.         0.75162076],[-2.87633746e-05],[0.         0.         0.         0.78203786],[0.],[31.6227766]
152,[0.         0.         0.         0.21572328],[4.82780154e-05],[0.         0.         0.         0.74241523],[0.],[31.6227766]
153,[0.         0.         0.         0.98285662],[1.23435533e-05],[ 0.          0.          0.         -0.93639327],[0.],[31.6227766]
154,[0.         0.         0.         0.60949301],[4.32701721e-05],[ 0.          0.          0.         -0.30339669],[0.],[31.6227766]
155,[0.         0.         0.         0.40889969],[2.40288772e-05],[ 0.          0.          0.         -0.70393106],[0.],[31.6227766]
156,[ 0.          0.          0.         -0.64875054],[-2.24088156e-05],[0.       0.       0.       0.675466],[0.],[31.6227766]
157,[0.         0.         0.         0.12650589],[3.25501524e-05],[0.         0.         0.         0.85331855],[0.],[31.6227766]
158,[ 0.          0.          0.         -0.05735825],[2.19623666e-06],[ 0.        0.        0.       -0.785434],[0.],[31.6227766]
159,[ 0.          0.          0.         -0.36420377],[-8.33395276e-05],[0.         0.         0.         0.51136638],[0.],[31.6227766]
160,[ 0.          0.          0.         -0.11634708],[-7.11442662e-06],[ 0.          0.          0.         -0.09689569],[0.],[31.6227766]
161,[0.         0.         0.         0.19156402],[-5.9106744e-05],[ 0.          0.          0.         -0.97747306],[0.],[31.6227766]
162,[ 0.          0.          0.         -0.00657596],[-1.13331188e-05],[0.         0.         0.         0.67579299],[0.],[31.6227766]
163,[0.         0.         0.         0.06067366],[-2.37915409e-05],[0.         0.         0.         0.62488358],[0.],[31.6227766]
164,[ 0.          0.          0.         -0.21485747],[-2.85780472e-05],[0.         0.         0.         0.22228155],[0.],[31.6227766]
165,[0.         0.         0.         0.15072157],[-2.63203263e-05],[0.         0.         0.         0.48238141],[0.],[31.6227766]
166,[ 0.          0.          0.         -0.67735812],[-1.83251328e-05],[0.         0.         0.         0.63999075],[0.],[31.6227766]
167,[ 0.          0.          0.         -0.46630361],[-6.77568171e-06],[0.         0.         0.         0.87116351],[0.],[31.6227766]
168,[ 0.          0.          0.         -0.67880299],[-6.92803302e-05],[ 0.          0.          0.         -0.38400003],[0.],[31.6227766]
169,[0.         0.         0.         0.66981876],[7.48729114e-05],[ 0.          0.          0.         -0.62958047],[0.],[31.6227766]
170,[ 0.          0.          0.         -0.52236838],[-7.97117841e-06],[ 0.          0.          0.         -0.46941569],[0.],[31.6227766]
171,[ 0.          0.          0.         -0.88757479],[-2.38697252e-05],[0.         0.         0.         0.22059302],[0.],[31.6227766]
172,[ 0.          0.          0.         -0.80530007],[-8.30372794e-06],[0.        0.        0.        0.5539577],[0.],[31.6227766]
173,[0.         0.         0.         0.33164072],[-1.64065628e-05],[0.         0.         0.         0.16092211],[0.],[31.6227766]
174,[ 0.          0.          0.         -0.35291621],[7.89957587e-05],[0.         0.         0.         0.83560609],[0.],[31.6227766]
175,[0.         0.         0.         0.03309751],[3.65896537e-06],[ 0.          0.          0.         -0.15748008],[0.],[31.6227766]
176,[0.         0.         0.         0.32898181],[-8.6109134e-05],[0.         0.         0.         0.03434765],[0.],[31.6227766]
177,[ 0.          0.          0.         -0.13039098],[5.24411576e-05],[ 0.          0.          0.         -0.44698949],[0.],[31.6227766]
178,[0.         0.         0.         0.38218032],[1.44509274e-05],[0.         0.         0.         0.54759301],[0.],[31.6227766]
179,[ 0.          0.          0.         -0.76891932],[-4.19572966e-05],[0.         0.         0.         0.39598341],[0.],[31.6227766]
180,[0.         0.         0.         0.26001248],[-4.7003026e-05],[ 0.          0.          0.         -0.06179348],[0.],[31.6227766]
181,[0.         0.         0.         0.90885082],[4.2160153e-05],[ 0.          0.          0.         -0.16093246],[0.],[31.6227766]
182,[0.         0.         0.         0.77470315],[-1.48007772e-05],[0.         0.         0.         0.00487536],[0.],[31.6227766]
183,[ 0.         0.         0.        -0.0028039],[-1.23156791e-05],[0.         0.         0.         0.63561029],[0.],[31.6227766]
184,[ 0.          0.          0.         -0.64557903],[-1.47172254e-05],[0.         0.         0.         0.21369784],[0.],[31.6227766]
185,[0.         0.         0.         0.97700202],[-2.60374231e-06],[0.         0.         0.         0.78844103],[0.],[31.6227766]
186,[0.        0.        0.        0.0106947],[1.47076315e-05],[0.         0.         0.         0.92260978],[0.],[31.6227766]
187,[ 0.          0.          0.         -0.50723477],[-5.35486629e-05],[0.         0.         0.         0.42284693],[0.],[31.6227766]
188,[0.         0.         0.         0.09158068],[-5.05365219e-05],[0.         0.         0.         0.49183782],[0.],[31.6227766]
189,[0.         0.         0.         0.93337996],[2.58966947e-05],[0.         0.         0.         0.41269032],[0.],[31.6227766]
190,[0.         0.         0.         0.03064765],[1.39206086e-05],[ 0.          0.          0.         -0.86650734],[0.],[31.6227766]
191,[ 0.         0.         0.        -0.4464375],[-1.40232549e-05],[ 0.          0.          0.         -0.00043017],[0.],[31.6227766]
192,[ 0.          0.          0.         -0.43095699],[-3.21505324e-05],,,
193,[ 0.          0.          0.         -0.09817246],[3.75565999e-05],,,
194,[ 0.          0.          0.         -0.83044528],[2.35697867e-05],,,
195,[ 0.          0.          0.         -0.32172409],[4.33379795e-05],,,
196,[ 0.          0.          0.         -0.17688633],[2.37038643e-05],,,
197,[ 0.         0.         0.        -0.7554705],[-5.14386542e-05],,,
198,[ 0.          0.          0.         -0.68858238],[4.31718142e-05],,,
199,[ 0.          0.          0.         -0.12724623],[3.94084787e-05],,,
