,x_train,y_train,x_test,y_pred,y_std
0,[22.51350184  0.          0.        ],[2.20966859],[27.88380763  0.          0.        ],[15.08161912],[nan]
1,[24.72648533  0.          0.        ],[0.52778532],[25.57822949  0.          0.        ],[2.48950324],[0.00234733]
2,[26.76617315  0.          0.        ],[7.6517173],[23.41102439  0.          0.        ],[0.34622152],[nan]
3,[27.64094453  0.          0.        ],[13.25649386],[22.93072892  0.          0.        ],[1.14081732],[0.0012739]
4,[25.67934023  0.          0.        ],[2.82020494],[22.6886377  0.         0.       ],[1.71715607],[0.00172704]
5,[24.63940385  0.          0.        ],[0.40884433],[23.07340323  0.          0.        ],[0.85645192],[0.00123978]
6,[26.96586335  0.          0.        ],[8.79634503],[23.73983782  0.          0.        ],[0.06843807],[0.00146617]
7,[27.89850979  0.          0.        ],[15.19835855],[26.78038463  0.          0.        ],[7.73142226],[0.0019927]
8,[22.47422649  0.          0.        ],[2.32797047],[26.68264918  0.          0.        ],[7.1970056],[0.0020594]
9,[26.01404347  0.          0.        ],[4.05635181],[26.31555154  0.          0.        ],[5.3606816],[0.00131585]
10,[25.36278916  0.          0.        ],[1.8572239],[26.44824864  0.          0.        ],[5.99328041],[0.00220602]
11,[22.82625267  0.          0.        ],[1.37768356],[26.86487278  0.          0.        ],[8.20880018],[nan]
12,[26.39802956  0.          0.        ],[5.75053755],[22.16236348  0.          0.        ],[3.38014265],[0.00211434]
13,[22.38658065  0.          0.        ],[2.60314019],[27.61529949  0.          0.        ],[13.0720615],[0.00218819]
14,[25.61137509  0.          0.        ],[2.59653092],[23.57788594  0.          0.        ],[0.17827387],[0.002164]
15,[25.02280911  0.          0.        ],[1.04614285],[25.86300993  0.          0.        ],[3.46912334],[0.00151357]
16,[27.00109767  0.          0.        ],[9.00659479],[26.30822437  0.          0.        ],[5.32678104],[nan]
17,[23.74338859  0.          0.        ],[0.0658694],[27.5617821  0.         0.       ],[12.68837092],[0.00140977]
18,[25.23866465  0.          0.        ],[1.53428712],[26.90069939  0.          0.        ],[8.41553522],[0.00150954]
19,[27.78887643  0.          0.        ],[14.35558953],[25.82497689  0.          0.        ],[3.3288792],[0.00091194]
20,[24.28440817  0.          0.        ],[0.08090133],[23.17931375  0.          0.        ],[0.67180223],[0.0023701]
21,[25.16858537  0.          0.        ],[1.36557772],[25.1294721  0.         0.       ],[1.27571443],[0.00202204]
22,[26.28088855  0.          0.        ],[5.20247589],[22.7747101  0.         0.       ],[1.49869309],[0.00162431]
23,[27.43231458  0.          0.        ],[11.78076984],[25.29219327  0.          0.        ],[1.66923805],[0.00115298]
24,[26.60741011  0.          0.        ],[6.79856424],[25.46511862  0.          0.        ],[2.14554016],[0.00216541]
25,[22.14774721  0.          0.        ],[3.43084636],[23.46423602  0.          0.        ],[0.28662329],[0.00105143]
26,[23.62003971  0.          0.        ],[0.14438422],[22.71890172  0.          0.        ],[1.6386348],[0.00168893]
27,[22.2605136  0.         0.       ],[3.02584316],[26.65635194  0.          0.        ],[7.05647728],[0.00160844]
28,[25.20508449  0.          0.        ],[1.45222494],[25.20444111  0.          0.        ],[1.45043708],[0.00172066]
29,[27.65430907  0.          0.        ],[13.35399767],[25.32357645  0.          0.        ],[1.75123214],[nan]
30,[23.42314224  0.          0.        ],[0.33278268],[26.08459482  0.          0.        ],[4.34394527],[nan]
31,[26.3326382  0.         0.       ],[5.44122373],[24.87921611  0.          0.        ],[0.77383584],[0.00223264]
32,[25.47505834  0.          0.        ],[2.1758121],[26.69360217  0.          0.        ],[7.25594571],[nan]
33,[26.44390373  0.          0.        ],[5.97265316],[27.37607579  0.          0.        ],[11.40064726],[nan]
34,[22.78821073  0.          0.        ],[1.46842618],[26.09351168  0.          0.        ],[4.38121251],[nan]
35,[27.66672423  0.          0.        ],[13.44486243],[25.59364227  0.          0.        ],[2.53835922],[0.00175951]
36,[25.68583922  0.          0.        ],[2.84206545],[27.85064517  0.          0.        ],[14.82583071],[0.00087422]
37,[24.64967373  0.          0.        ],[0.42206298],[22.10317435  0.          0.        ],[3.60258144],[0.00190727]
38,[23.69428736  0.          0.        ],[0.09349084],[22.61728683  0.          0.        ],[1.90961324],[0.00159551]
39,[24.12358835  0.          0.        ],[0.0152585],[27.55929169  0.          0.        ],[12.67065263],[0.00170381]
40,[23.9005416  0.         0.       ],[0.00987822],[22.55870484  0.          0.        ],[2.07534518],[0.00251852]
41,[26.51700237  0.          0.        ],[6.33532476],[25.44908725  0.          0.        ],[2.09886567],[nan]
42,[25.93911367  0.          0.        ],[3.76015021],[25.3880574  0.         0.       ],[1.92588632],[0.00243404]
43,[23.6222574  0.         0.       ],[0.14268248],[25.7602902  0.         0.       ],[3.09701818],[nan]
44,[25.05962336  0.          0.        ],[1.12280395],[24.33883475  0.          0.        ],[0.11662204],[0.00211116]
45,[26.7617554  0.         0.       ],[7.62730015],[26.20312233  0.          0.        ],[4.85236106],[nan]
46,[27.92010971  0.          0.        ],[15.36724261],[27.84173948  0.          0.        ],[14.75750311],[nan]
47,[24.99280589  0.          0.        ],[0.98567089],[26.4709649  0.         0.       ],[6.10511565],[0.00235109]
48,[23.51140537  0.          0.        ],[0.23872753],[  0.         -12.03132328   0.        ],[576.00001083],[nan]
49,[26.99458605  0.          0.        ],[8.96753486],[  0.         -10.86557748   0.        ],[576.00001677],[nan]
50,[  0.         -27.10804252   0.        ],[575.99999524],[  0.         -46.57963321   0.        ],[575.99996333],[0.00182072]
51,[  0.         -19.72786851   0.        ],[575.99999255],[  0.        -10.3308361   0.       ],[576.00001885],[nan]
52,[  0.         -19.36393482   0.        ],[575.999986],[ 0.         -3.96716941  0.        ],[576.00002993],[nan]
53,[  0.         -12.59166239   0.        ],[576.00001454],[ 0.         -7.02450113  0.        ],[575.99992832],[0.00251055]
54,[  0.         -13.15231636   0.        ],[576.0000013],[  0.         -25.91289199   0.        ],[576.00002199],[nan]
55,[  0.         -20.00346414   0.        ],[575.9999627],[ 0.         -3.40648152  0.        ],[575.99996878],[0.00166944]
56,[  0.         -28.17792643   0.        ],[576.00001213],[  0.         -42.03160076   0.        ],[576.00008408],[nan]
57,[  0.        -26.6254065   0.       ],[575.99998577],[  0.         -16.35909552   0.        ],[576.00000379],[nan]
58,[ 0.         -5.40550632  0.        ],[576.00001874],[  0.         -45.88432796   0.        ],[575.99995395],[0.00203199]
59,[  0.         -10.71103371   0.        ],[575.99998325],[ 0.         -4.56184639  0.        ],[575.99999999],[0.00028058]
60,[ 0.         -5.66122364  0.        ],[576.00003967],[  0.        -39.9742197   0.       ],[576.00000433],[nan]
61,[ 0.         -1.87147567  0.        ],[576.00000328],[  0.         -47.73114035   0.        ],[576.00000946],[nan]
62,[  0.         -23.78038207   0.        ],[575.99997962],[  0.         -35.02262928   0.        ],[575.99998399],[0.00122713]
63,[  0.         -33.36384464   0.        ],[576.00002604],[  0.         -44.62306521   0.        ],[575.99997407],[0.00154264]
64,[  0.         -33.63117563   0.        ],[576.00000289],[  0.        -39.7839529   0.       ],[575.99999316],[0.00084659]
65,[  0.         -38.09149042   0.        ],[575.99997443],[  0.         -36.68073952   0.        ],[576.00004356],[nan]
66,[  0.         -43.53634864   0.        ],[576.00002966],[  0.         -20.41896596   0.        ],[576.00004428],[nan]
67,[ 0.         -4.84638284  0.        ],[576.00001551],[  0.         -33.34075151   0.        ],[576.00009447],[nan]
68,[  0.         -13.52050776   0.        ],[576.00003032],[  0.         -46.70639394   0.        ],[575.99999068],[0.00097012]
69,[ 0.         -3.35882626  0.        ],[575.99997911],[  0.         -13.65515343   0.        ],[576.0000654],[nan]
70,[  0.         -41.66662738   0.        ],[575.99998617],[  0.         -26.96870197   0.        ],[575.99997428],[0.00152908]
71,[ 0.         -5.92557144  0.        ],[576.00000798],[  0.        -34.1433079   0.       ],[576.00005748],[nan]
72,[ 0.         -5.61916869  0.        ],[576.00000959],[  0.         -45.89175566   0.        ],[576.00000352],[nan]
73,[  0.        -11.4872891   0.       ],[575.999998],[  0.         -17.46405271   0.        ],[576.00000326],[nan]
74,[  0.         -10.09814262   0.        ],[576.00000881],[  0.         -33.94886766   0.        ],[576.00001681],[nan]
75,[ 0.         -4.31732698  0.        ],[575.99999874],[  0.         -33.85028314   0.        ],[575.99997323],[0.00156136]
76,[  0.         -44.97446036   0.        ],[576.00000667],[  0.         -28.30801997   0.        ],[576.00000753],[nan]
77,[ 0.        -4.3435022  0.       ],[576.00000926],[  0.         -47.17334702   0.        ],[575.9999812],[0.00132856]
78,[  0.         -16.79594616   0.        ],[576.000005],[ 0.         -7.49015878  0.        ],[576.00005883],[nan]
79,[ 0.         -6.39347341  0.        ],[575.99999172],[  0.         -34.15601791   0.        ],[575.99997293],[0.00156999]
80,[  0.         -15.45574822   0.        ],[575.99998596],[  0.         -45.81147746   0.        ],[575.99998447],[0.00121624]
81,[  0.        -33.7014759   0.       ],[575.99999496],[  0.         -32.72841862   0.        ],[576.00002791],[nan]
82,[  0.         -29.14022523   0.        ],[576.0000192],[ 0.         -0.15550586  0.        ],[576.00001122],[nan]
83,[  0.         -36.40166205   0.        ],[576.00002485],[  0.         -35.27178447   0.        ],[576.00004863],[nan]
84,[  0.         -46.85494066   0.        ],[575.99999735],[  0.         -35.70879015   0.        ],[576.00007139],[nan]
85,[  0.         -16.73638054   0.        ],[575.999991],[  0.         -43.02862223   0.        ],[575.99995515],[0.00200506]
86,[ 0.         -4.48253082  0.        ],[575.99999313],[ 0.         -8.95498671  0.        ],[576.00007513],[nan]
87,[ 0.         -5.80476752  0.        ],[576.00000622],[  0.         -43.18982366   0.        ],[575.99999979],[0.00038175]
88,[  0.         -37.06206301   0.        ],[575.99999464],[  0.         -21.17308694   0.        ],[576.00001942],[nan]
89,[  0.         -30.33799094   0.        ],[575.99999945],[  0.         -43.51798387   0.        ],[575.99997273],[0.00157982]
90,[ 0.         -0.11528775  0.        ],[575.99997884],[  0.         -34.27572801   0.        ],[576.00002554],[nan]
91,[ 0.         -3.38209619  0.        ],[576.00000167],[  0.         -38.43814795   0.        ],[575.99996725],[0.00172153]
92,[  0.         -11.48945786   0.        ],[576.00000975],[  0.         -14.10223629   0.        ],[576.00003623],[nan]
93,[ 0.         -6.25559563  0.        ],[575.99998636],[  0.         -41.98127806   0.        ],[576.00002272],[nan]
94,[  0.         -29.58206244   0.        ],[575.99999398],[  0.        -35.3082053   0.       ],[576.00000589],[nan]
95,[  0.         -39.02878134   0.        ],[576.00001683],[  0.         -17.75495784   0.        ],[575.99996817],[0.00169023]
96,[ 0.         -7.69868019  0.        ],[575.99999186],[ 0.          0.         27.61226564],[576.00003617],[nan]
97,[ 0.         -3.32856473  0.        ],[576.00000679],[ 0.          0.         23.48462064],[575.99989896],[0.00296762]
98,[  0.         -35.05486949   0.        ],[576.00000227],[ 0.          0.         27.03303535],[576.00006075],[nan]
99,[  0.         -42.19936465   0.        ],[576.00000085],[ 0.          0.         25.74239741],[576.00002619],[nan]
100,[ 0.          0.         24.47114043],[575.99998737],[ 0.          0.         22.06737596],[575.99994684],[0.00215705]
101,[ 0.          0.         23.47600383],[576.00003354],[ 0.          0.         30.97057613],[576.00005501],[nan]
102,[ 0.        0.       31.636047],[575.99997903],[ 0.          0.         31.99749968],[575.999973],[0.00153861]
103,[ 0.          0.         25.19584793],[575.99998761],[ 0.          0.         31.02508077],[575.99998104],[0.00129291]
104,[ 0.          0.         26.72617254],[576.00000585],[ 0.          0.         24.03927247],[576.0000177],[nan]
105,[ 0.          0.         30.39172495],[576.0000209],[ 0.         0.        31.6737608],[576.00001459],[nan]
106,[ 0.          0.         22.39693399],[575.99999187],[ 0.          0.         24.25519352],[576.00001406],[nan]
107,[ 0.          0.         30.69176271],[576.00000804],[ 0.         0.        30.7926269],[576.00002187],[nan]
108,[ 0.          0.         30.35845833],[575.99998464],[ 0.          0.         24.35872152],[575.9999784],[0.00138213]
109,[ 0.         0.        22.6570546],[576.00000017],[ 0.          0.         27.02306469],[575.9999803],[0.00131944]
110,[ 0.         0.        23.5529995],[576.00002596],[ 0.          0.         25.55536036],[575.99991018],[0.00279831]
111,[ 0.          0.         27.48349123],[575.99999183],[ 0.          0.         26.07982284],[575.99997641],[0.00144264]
112,[ 0.          0.         30.28984301],[575.99997873],[ 0.          0.         29.83609402],[575.9999868],[0.00108288]
113,[ 0.          0.         26.06210581],[575.99999715],[ 0.          0.         24.90594471],[575.99996503],[0.00175225]
114,[ 0.          0.         31.57448244],[575.99998355],[ 0.          0.         28.91345769],[576.00006456],[nan]
115,[ 0.          0.         29.67204516],[576.00000795],[ 0.         0.        26.2908831],[576.00000898],[nan]
116,[ 0.          0.         27.23646222],[576.00003765],[ 0.          0.         27.80288133],[576.00001705],[nan]
117,[ 0.          0.         24.77099033],[575.99998946],[ 0.         0.        26.2919779],[575.99995785],[0.00192119]
118,[ 0.          0.         32.00975573],[575.9999886],[ 0.          0.         31.96886097],[575.99999635],[0.00058368]
119,[ 0.          0.         24.33368476],[576.00001194],[ 0.          0.         23.98766786],[575.99997646],[0.00144204]
120,[ 0.          0.         27.30063309],[576.0000233],[ 0.          0.         30.52704463],[576.00003111],[nan]
121,[ 0.          0.         27.40251452],[575.99999842],[ 0.          0.         31.10298778],[575.99997406],[0.00150921]
122,[ 0.          0.         32.04094324],[575.99997148],[ 0.          0.         29.52711091],[575.99999891],[0.00034991]
123,[ 0.          0.         22.71749082],[576.00001525],[ 0.          0.         31.86971297],[575.99998215],[0.00125459]
124,[ 0.          0.         28.54233463],[576.00000536],[ 0.          0.         29.36529575],[576.00002493],[nan]
125,[ 0.          0.         24.04769326],[575.99998824],[ 0.          0.         24.92689997],[576.00005171],[nan]
126,[ 0.          0.         22.59316891],[576.00001886],[ 0.          0.         24.60698185],[575.99995158],[0.00205879]
127,[ 0.          0.         25.84161151],[576.00000642],[ 0.          0.         26.94173626],[576.00005562],[nan]
128,[ 0.          0.         31.22256981],[575.9999913],[ 0.          0.         22.53323187],[576.00002059],[nan]
129,[ 0.          0.         31.47534365],[576.00001966],[ 0.          0.         31.61195716],[576.00003268],[nan]
130,[ 0.          0.         24.24221837],[576.00000492],[ 0.          0.         23.31632513],[575.99996712],[0.00170034]
131,[ 0.          0.         31.52105959],[576.00002739],[ 0.          0.         26.94286111],[575.99999563],[0.00064099]
132,[ 0.         0.        23.4113572],[576.00000203],[ 0.          0.         27.04974932],[575.99997216],[0.00156471]
133,[ 0.          0.         26.72209095],[575.99998652],[ 0.          0.         25.14619448],[576.00001056],[nan]
134,[ 0.          0.         27.98201621],[576.00002066],[ 0.          0.         23.01943447],[576.0000206],[nan]
135,[ 0.          0.         22.31590488],[575.99996586],[ 0.          0.         29.16005582],[575.99993412],[0.00239744]
136,[ 0.          0.         25.38284957],[575.99998273],[ 0.          0.         32.29514394],[575.99996991],[0.00162345]
137,[ 0.          0.         29.13950628],[575.99998725],[ 0.          0.         26.32835778],[575.99999064],[0.00091887]
138,[ 0.          0.         22.50277027],[576.00000084],[ 0.          0.         23.23903617],[576.00002598],[nan]
139,[ 0.          0.         29.09953186],[575.99999544],[ 0.        0.       28.702572],[576.0000046],[nan]
140,[ 0.          0.         22.50222928],[576.00001551],[ 0.         0.        30.0292069],[576.0000577],[nan]
141,[ 0.          0.         31.42868763],[576.0000002],[ 0.          0.         24.61484987],[576.00001293],[nan]
142,[ 0.          0.         24.09867486],[575.99998811],[ 0.          0.         25.67816794],[576.00000607],[nan]
143,[ 0.          0.         30.44851499],[576.00000116],[ 0.          0.         28.15665965],[575.99999095],[0.00090284]
144,[ 0.          0.         25.73766454],[575.99996777],,,
145,[ 0.          0.         26.62242897],[576.00001964],,,
146,[ 0.         0.        31.5973638],[576.0000069],,,
147,[ 0.          0.         25.53493465],[575.99999109],,,
148,[ 0.          0.         24.30577819],[576.00000796],,,
149,[ 0.         0.        29.4594053],[575.99999041],,,
