,x_train,y_train,x_test,y_pred,y_std
0,[-1.9918589  0.         0.         0.       ],[3.80097325e+08],[-2.40066511  0.          0.          0.        ],[2.81135062e+08],[0.00057412]
1,[-5.76475764  0.          0.          0.        ],[-2.06368526e+08],[0.24244365 0.         0.         0.        ],[-99975568.47122188],[nan]
2,[4.67263236 0.         0.         0.        ],[4.16141098e+08],[-1.97967782  0.          0.          0.        ],[3.82159218e+08],[nan]
3,[-0.58892765  0.          0.          0.        ],[2.31334991e+08],[2.8926494 0.        0.        0.       ],[-1.02605609e+08],[0.00031663]
4,[-5.1879097  0.         0.         0.       ],[-3.7026957e+08],[5.03677246 0.         0.         0.        ],[3.94704502e+08],[0.0006187]
5,[-1.86305746  0.          0.          0.        ],[3.98807406e+08],[-3.28130013  0.          0.          0.        ],[-58023259.23882085],[0.00060681]
6,[0.1189509 0.        0.        0.       ],[-49419900.11953681],[5.93826146 0.         0.         0.        ],[1.40917628e+08],[0.00074148]
7,[2.86462599 0.         0.         0.        ],[-1.13880303e+08],[-2.92900375  0.          0.          0.        ],[87870096.7424839],[0.00044659]
8,[2.9458086 0.        0.        0.       ],[-81022493.86092329],[1.25613626 0.         0.         0.        ],[-3.96007002e+08],[nan]
9,[-4.22843382  0.          0.          0.        ],[-3.68643781e+08],[1.9791351 0.        0.        0.       ],[-3.82264747e+08],[0.00066466]
10,[-4.9244284  0.         0.         0.       ],[-4.0714221e+08],[-0.87829225  0.          0.          0.        ],[3.20476446e+08],[nan]
11,[-2.3983806  0.         0.         0.       ],[2.81808405e+08],[4.91476624 0.         0.         0.        ],[4.0791606e+08],[0.00067868]
12,[-4.96782764  0.          0.          0.        ],[-4.02960474e+08],[2.25829206 0.         0.         0.        ],[-3.21903123e+08],[0.00051943]
13,[5.17488729 0.         0.         0.        ],[3.72717234e+08],[-3.85864121  0.          0.          0.        ],[-2.73719809e+08],[0.00064996]
14,[-4.54042061  0.          0.          0.        ],[-4.10325641e+08],[0.38505477 0.         0.         0.        ],[-1.56410764e+08],[nan]
15,[-5.50302727  0.          0.          0.        ],[-2.9294197e+08],[-5.85843909  0.          0.          0.        ],[-1.71682379e+08],[0.00045239]
16,[6.26854639 0.         0.         0.        ],[6095639.08154369],[2.26324204 0.         0.         0.        ],[-3.20590866e+08],[0.00049246]
17,[2.93763072 0.         0.         0.        ],[-84359351.10526656],[4.70729581 0.         0.         0.        ],[4.16411299e+08],[0.00070854]
18,[-5.34209337  0.          0.          0.        ],[-3.36592584e+08],[-3.30030891  0.          0.          0.        ],[-65852889.05231657],[0.00037021]
19,[-5.57676759  0.          0.          0.        ],[-2.70341497e+08],[2.21431879 0.         0.         0.        ],[-3.33210597e+08],[0.00024437]
20,[-0.64732143  0.          0.          0.        ],[2.5115132e+08],[-2.81842157  0.          0.          0.        ],[1.32267958e+08],[0.00056921]
21,[-0.79571451  0.          0.          0.        ],[2.97510632e+08],[2.43669046 0.         0.         0.        ],[-2.69889076e+08],[0.00023862]
22,[3.03681173 0.         0.         0.        ],[-43552194.03912023],[0.01741926 0.         0.         0.        ],[-7265889.78012937],[0.00049206]
23,[-2.0945692  0.         0.         0.       ],[3.60640619e+08],[0.88773805 0.         0.         0.        ],[-3.23000734e+08],[6.55247011e-05]
24,[-2.34409338  0.          0.          0.        ],[2.9803084e+08],[2.75036255 0.         0.         0.        ],[-1.58820604e+08],[0.00032925]
25,[-3.52428229  0.          0.          0.        ],[-1.55518241e+08],[-0.45417558  0.          0.          0.        ],[1.8266374e+08],[nan]
26,[-1.84000036  0.          0.          0.        ],[4.01467695e+08],[-4.16372356  0.          0.          0.        ],[-3.55346048e+08],[0.00052847]
27,[5.28067297 0.         0.         0.        ],[3.51015011e+08],[-4.13084617  0.          0.          0.        ],[-3.48017465e+08],[0.00032346]
28,[-6.17794971  0.          0.          0.        ],[-43750079.97001844],[0.77758798 0.         0.         0.        ],[-2.92146213e+08],[nan]
29,[1.91543003 0.         0.         0.        ],[-3.91982686e+08],[3.91666708 0.         0.         0.        ],[2.91467953e+08],[0.00075054]
30,[1.87142755 0.         0.         0.        ],[-3.97795813e+08],[-2.70821675  0.          0.          0.        ],[1.74906609e+08],[0.00056503]
31,[1.87812913 0.         0.         0.        ],[-3.96958796e+08],[-2.10302735  0.          0.          0.        ],[3.58889033e+08],[0.000395]
32,[1.19873853 0.         0.         0.        ],[-3.87979651e+08],[3.77747679 0.         0.         0.        ],[2.47382103e+08],[0.00069588]
33,[-4.0501355  0.         0.         0.       ],[-3.28435393e+08],[5.13130792 0.         0.         0.        ],[3.80424003e+08],[0.00063094]
34,[1.07938013 0.         0.         0.        ],[-3.67187793e+08],[3.28941041 0.         0.         0.        ],[61378080.66540387],[0.00019691]
35,[1.31091543 0.         0.         0.        ],[-4.02485031e+08],[0.4561704 0.        0.        0.       ],[-1.83436653e+08],[nan]
36,[-5.47048492  0.          0.          0.        ],[-3.02420649e+08],[3.65992338 0.         0.         0.        ],[2.06381745e+08],[0.00068381]
37,[-3.43770464  0.          0.          0.        ],[-1.21529957e+08],[4.08015484 0.         0.         0.        ],[3.35987979e+08],[0.00082426]
38,[5.85293162 0.         0.         0.        ],[1.73713077e+08],[3.39341882 0.         0.         0.        ],[1.03819326e+08],[0.0004976]
39,[-3.28628807  0.          0.          0.        ],[-60052797.53289109],[-5.44040421  0.          0.          0.        ],[-3.10914087e+08],[0.00031848]
40,[3.41185771 0.         0.         0.        ],[1.1119214e+08],[-1.56622024  0.          0.          0.        ],[4.16452701e+08],[0.00064829]
41,[-5.13064318  0.          0.          0.        ],[-3.80569376e+08],[4.57458023 0.         0.         0.        ],[4.12477975e+08],[0.00077919]
42,[-1.77943232  0.          0.          0.        ],[4.07442803e+08],[-2.98490669  0.          0.          0.        ],[64982277.79207864],[0.00056149]
43,[2.18298806 0.         0.         0.        ],[-3.40835786e+08],[-1.40576689  0.          0.          0.        ],[4.10783843e+08],[0.00020614]
44,[6.15840794 0.         0.         0.        ],[51831044.01630613],[3.02918022 0.         0.         0.        ],[-46699841.15682464],[0.00035782]
45,[-6.10246032  0.          0.          0.        ],[-74858643.94216827],[3.85016993 0.         0.         0.        ],[2.71060061e+08],[0.00073674]
46,[-2.97745144  0.          0.          0.        ],[68055643.3500657],[4.06499882 0.         0.         0.        ],[3.32221249e+08],[0.00077913]
47,[-5.96829957  0.          0.          0.        ],[-1.28984027e+08],[-1.74213399  0.          0.          0.        ],[4.10374888e+08],[0.00064759]
48,[2.89959825 0.         0.         0.        ],[-99804894.16921905],[0.         4.12731433 0.         0.        ],[2.33578855e+08],[nan]
49,[-4.05374291  0.          0.          0.        ],[-3.29355427e+08],[ 0.         -6.14206092  0.          0.        ],[-3.47344712e+08],[0.00072189]
50,[ 0.         -0.22200028  0.          0.        ],[-13556643.82094051],[ 0.         -4.99337441  0.          0.        ],[-2.82544533e+08],[nan]
51,[ 0.        -2.5021402  0.         0.       ],[-1.40594162e+08],[0.         4.47612463 0.         0.        ],[2.53285857e+08],[nan]
52,[ 0.         -5.00320968  0.          0.        ],[-2.83571455e+08],[ 0.         -1.05710147  0.          0.        ],[-59886676.83763467],[nan]
53,[0.         1.95516193 0.         0.        ],[1.0974106e+08],[0.         0.98370929 0.         0.        ],[55702562.99749953],[nan]
54,[ 0.         -2.06977558  0.          0.        ],[-1.17708107e+08],[0.         2.05512311 0.         0.        ],[1.16368005e+08],[nan]
55,[0.         0.91397725 0.         0.        ],[50794382.19768355],[0.         4.02935808 0.         0.        ],[2.28043154e+08],[nan]
56,[0.         2.25482192 0.         0.        ],[1.26723307e+08],[0.         3.66471242 0.         0.        ],[2.07431166e+08],[nan]
57,[ 0.         -4.92421477  0.          0.        ],[-2.78376317e+08],[ 0.         -1.27518524  0.          0.        ],[-72237255.05601767],[nan]
58,[0.         2.03287596 0.         0.        ],[1.14866389e+08],[ 0.         -4.63955512  0.          0.        ],[-2.62563933e+08],[nan]
59,[0.         5.37753721 0.         0.        ],[3.05118867e+08],[ 0.         -1.84161656  0.          0.        ],[-1.04311126e+08],[nan]
60,[ 0.         -5.04240757  0.          0.        ],[-2.86148209e+08],[ 0.         -5.65934167  0.          0.        ],[-3.20126748e+08],[nan]
61,[ 0.         -4.40469845  0.          0.        ],[-2.50189185e+08],[ 0.        -3.0542813  0.         0.       ],[-1.72945191e+08],[nan]
62,[ 0.         -3.88848743  0.          0.        ],[-2.19197133e+08],[0.         2.50588593 0.         0.        ],[1.41881147e+08],[nan]
63,[0.         5.94812558 0.         0.        ],[3.3670401e+08],[0.         0.88485259 0.         0.        ],[50103912.31929553],[nan]
64,[0.         3.96860556 0.         0.        ],[2.23596597e+08],[0.         5.35020958 0.         0.        ],[3.02631698e+08],[nan]
65,[0.         2.32053145 0.         0.        ],[1.31976081e+08],[ 0.        -5.7905804  0.         0.       ],[-3.27528613e+08],[nan]
66,[ 0.         -0.85661198  0.          0.        ],[-48808811.93779051],[ 0.         -5.27678154  0.          0.        ],[-2.98542186e+08],[nan]
67,[0.         3.65295192 0.         0.        ],[2.0778091e+08],[0.         4.62599173 0.         0.        ],[2.61750483e+08],[0.00060242]
68,[ 0.         -3.50638438  0.          0.        ],[-1.97469649e+08],[ 0.         -5.82658864  0.          0.        ],[-3.29559216e+08],[nan]
69,[0.         5.31626676 0.         0.        ],[3.00403828e+08],[ 0.         -2.59327252  0.          0.        ],[-1.46859499e+08],[0.00035033]
70,[ 0.         -4.08459091  0.          0.        ],[-2.31130924e+08],[ 0.         -3.10988856  0.          0.        ],[-1.76091041e+08],[nan]
71,[ 0.         -6.11672888  0.          0.        ],[-3.46413909e+08],[0.         4.01785354 0.         0.        ],[2.27392964e+08],[nan]
72,[ 0.        -4.1626389  0.         0.       ],[-2.36359482e+08],[ 0.         -5.24439201  0.          0.        ],[-2.96714188e+08],[nan]
73,[0.         4.03847845 0.         0.        ],[2.29153894e+08],[ 0.         -1.78274649  0.          0.        ],[-1.00977998e+08],[nan]
74,[0.         3.19762763 0.         0.        ],[1.81889534e+08],[0.         4.94260578 0.         0.        ],[2.79627849e+08],[nan]
75,[0.         4.08185502 0.         0.        ],[2.31398516e+08],[ 0.         -1.86594899  0.          0.        ],[-1.05688768e+08],[0.00022894]
76,[0.         5.15218715 0.         0.        ],[2.91635246e+08],[0.         0.16491431 0.         0.        ],[9327634.93899484],[nan]
77,[0.         1.14740938 0.         0.        ],[65603759.33512175],[0.         2.77824363 0.         0.        ],[1.57292836e+08],[nan]
78,[ 0.         -3.51337519  0.          0.        ],[-1.98145424e+08],[ 0.         -1.47839734  0.          0.        ],[-83744863.4910984],[nan]
79,[0.         0.67006363 0.         0.        ],[37903867.24337703],[0.        0.5354884 0.        0.       ],[30317001.57775406],[nan]
80,[0.         6.10422365 0.         0.        ],[3.4450177e+08],[0.         4.17835976 0.         0.        ],[2.36463304e+08],[nan]
81,[0.         4.95625264 0.         0.        ],[2.81492704e+08],[ 0.         -5.33269136  0.          0.        ],[-3.0169744e+08],[nan]
82,[ 0.         -0.99093119  0.          0.        ],[-55222464.15846012],[0.         4.19647341 0.         0.        ],[2.37486822e+08],[nan]
83,[0.         4.13474184 0.         0.        ],[2.33041068e+08],[0.         2.32631822 0.         0.        ],[1.31718493e+08],[0.00040098]
84,[ 0.         -1.47909754  0.          0.        ],[-84696337.15904282],[ 0.         -4.41332575  0.          0.        ],[-2.49783936e+08],[nan]
85,[ 0.         -3.13453988  0.          0.        ],[-1.76519489e+08],[ 0.         -2.45676775  0.          0.        ],[-1.39133894e+08],[nan]
86,[0.         1.70596255 0.         0.        ],[95532619.48972379],[ 0.         -5.37052441  0.          0.        ],[-3.03832382e+08],[nan]
87,[ 0.         -4.54111648  0.          0.        ],[-2.57605911e+08],[0.         1.40862055 0.         0.        ],[79765043.43765217],[0.00065828]
88,[0.         1.65909359 0.         0.        ],[93257534.16926904],[0.         2.00547809 0.         0.        ],[1.13557702e+08],[nan]
89,[ 0.         -1.75634027  0.          0.        ],[-98966890.9090718],[0.         0.21652629 0.         0.        ],[12250997.34118827],[nan]
90,[0.         1.22503437 0.         0.        ],[70385329.60204744],[ 0.         -4.35337215  0.          0.        ],[-2.46396489e+08],[0.00024363]
91,[0.         3.07165947 0.         0.        ],[1.74784487e+08],[ 0.        -5.1631457  0.         0.       ],[-2.92128461e+08],[nan]
92,[ 0.         -5.80541366  0.          0.        ],[-3.28037344e+08],[0.         0.54589996 0.         0.        ],[30906699.39719461],[nan]
93,[0.         5.65116772 0.         0.        ],[3.19336645e+08],[ 0.         -0.49596753  0.          0.        ],[-28105460.87146135],[0.0005]
94,[ 0.         -0.00669915  0.          0.        ],[-1258189.25393829],[ 0.        -5.9821263  0.         0.       ],[-3.38329126e+08],[nan]
95,[ 0.       -4.714824  0.        0.      ],[-2.66509532e+08],[ 0.         -5.97019921  0.          0.        ],[-3.37656708e+08],[0.0007423]
96,[0.         4.64502836 0.         0.        ],[2.62276862e+08],[ 0.          0.         -0.35006148  0.        ],[1.98135615e+08],[nan]
97,[ 0.         -3.10179428  0.          0.        ],[-1.75898005e+08],[ 0.         0.        -0.1009766  0.       ],[57143486.28082503],[nan]
98,[ 0.         -5.51118966  0.          0.        ],[-3.11524072e+08],[ 0.          0.         -0.49132996  0.        ],[2.78098585e+08],[nan]
99,[0.        3.2952713 0.        0.       ],[1.85619875e+08],[ 0.          0.         -0.96485517  0.        ],[5.46119721e+08],[0.00048663]
100,[0.         0.         0.28484547 0.        ],[-1.61235835e+08],[ 0.          0.         -0.98828232  0.        ],[5.59379124e+08],[nan]
101,[ 0.          0.         -0.37501143  0.        ],[2.12276012e+08],[0.         0.         0.86419658 0.        ],[-4.89153845e+08],[nan]
102,[0.         0.         0.15565065 0.        ],[-88104655.89170654],[0.        0.        0.2377779 0.       ],[-1.34603744e+08],[0.00039668]
103,[0.         0.         0.29160213 0.        ],[-1.65061201e+08],[ 0.          0.         -0.61184974  0.        ],[3.4631617e+08],[0.00029281]
104,[0.         0.         0.80337093 0.        ],[-4.54753976e+08],[0.        0.        0.2052744 0.       ],[-1.16205822e+08],[nan]
105,[ 0.          0.         -0.78115143  0.        ],[4.42174483e+08],[ 0.          0.         -0.16363512  0.        ],[92610787.99266368],[nan]
106,[0.         0.         0.11568652 0.        ],[-65491385.75153295],[ 0.          0.         -0.62620033  0.        ],[3.5443895e+08],[nan]
107,[ 0.          0.         -0.57193549  0.        ],[3.23744342e+08],[ 0.         0.        -0.1223745  0.       ],[69255579.4772792],[nan]
108,[ 0.          0.         -0.55647358  0.        ],[3.14996235e+08],[ 0.          0.         -0.22996724  0.        ],[1.30157504e+08],[nan]
109,[0.         0.         0.57306094 0.        ],[-3.24386472e+08],[ 0.          0.         -0.15987547  0.        ],[90482678.06392026],[nan]
110,[ 0.          0.         -0.99357037  0.        ],[5.62414568e+08],[ 0.          0.         -0.55891463  0.        ],[3.16353535e+08],[nan]
111,[ 0.          0.         -0.14773133  0.        ],[83624544.79637657],[0.         0.         0.99622006 0.        ],[-5.63871224e+08],[nan]
112,[0.         0.         0.48933604 0.        ],[-2.76994816e+08],[ 0.          0.         -0.03333415  0.        ],[18855122.96931897],[0.00049257]
113,[ 0.          0.         -0.45790524  0.        ],[2.59197462e+08],[ 0.         0.        -0.3929273  0.       ],[2.22399287e+08],[nan]
114,[0.         0.         0.67475425 0.        ],[-3.81950611e+08],[0.         0.         0.43503349 0.        ],[-2.46254358e+08],[nan]
115,[0.         0.         0.64066018 0.        ],[-3.62651866e+08],[0.         0.         0.44809681 0.        ],[-2.53648327e+08],[nan]
116,[ 0.          0.         -0.76690351  0.        ],[4.34107714e+08],[ 0.          0.         -0.70455455  0.        ],[3.98788957e+08],[0.00014821]
117,[ 0.        0.       -0.358319  0.      ],[2.02824206e+08],[ 0.          0.         -0.83589724  0.        ],[4.73130204e+08],[0.00062962]
118,[0.         0.         0.44642167 0.        ],[-2.52702273e+08],[ 0.          0.         -0.08403655  0.        ],[47554724.94049975],[nan]
119,[0.         0.         0.15860995 0.        ],[-89781790.98351341],[ 0.          0.         -0.21618328  0.        ],[1.22355215e+08],[nan]
120,[0.         0.         0.35507443 0.        ],[-2.00991666e+08],[0.        0.        0.5485321 0.       ],[-3.10495139e+08],[nan]
121,[ 0.          0.         -0.60515246  0.        ],[3.42548581e+08],[0.         0.         0.48209757 0.        ],[-2.72893011e+08],[0.00020346]
122,[0.         0.         0.58447889 0.        ],[-3.30846765e+08],[0.         0.         0.95047033 0.        ],[-5.37979993e+08],[0.00024415]
123,[0.         0.         0.24873916 0.        ],[-1.40798593e+08],[ 0.          0.         -0.48237391  0.        ],[2.73029165e+08],[nan]
124,[ 0.         0.        -0.9390123  0.       ],[5.31534952e+08],[ 0.          0.         -0.51235256  0.        ],[2.89998048e+08],[nan]
125,[ 0.          0.         -0.78973017  0.        ],[4.47028045e+08],[ 0.          0.         -0.57789154  0.        ],[3.27094962e+08],[nan]
126,[ 0.          0.         -0.50770132  0.        ],[2.87385931e+08],[0.        0.        0.6907006 0.       ],[-3.90960995e+08],[nan]
127,[0.         0.         0.31368703 0.        ],[-1.77561211e+08],[0.         0.         0.38888442 0.        ],[-2.20133354e+08],[0.00020881]
128,[ 0.          0.         -0.99485959  0.        ],[5.63147945e+08],[0.        0.        0.9053593 0.       ],[-5.12449825e+08],[nan]
129,[ 0.          0.         -0.85985355  0.        ],[4.86722803e+08],[0.         0.         0.52815289 0.        ],[-2.98960487e+08],[nan]
130,[0.         0.         0.23083669 0.        ],[-1.30667827e+08],[ 0.          0.         -0.52657584  0.        ],[2.98048832e+08],[0.00015135]
131,[ 0.          0.         -0.65693999  0.        ],[3.71867478e+08],[ 0.          0.         -0.24717568  0.        ],[1.39898181e+08],[nan]
132,[0.         0.         0.73510939 0.        ],[-4.16108791e+08],[ 0.         0.        -0.5531281  0.       ],[3.13078196e+08],[nan]
133,[0.         0.         0.61434654 0.        ],[-3.47748145e+08],[ 0.          0.         -0.66043435  0.        ],[3.73816142e+08],[nan]
134,[ 0.         0.        -0.7950688  0.       ],[4.50052619e+08],[ 0.         0.        -0.3969977  0.       ],[2.24703269e+08],[nan]
135,[0.         0.         0.39822999 0.        ],[-2.25420844e+08],[0.         0.         0.18022872 0.        ],[-1.02029194e+08],[nan]
136,[0.         0.         0.35766237 0.        ],[-2.02458569e+08],[0.         0.         0.37903306 0.        ],[-2.14557331e+08],[nan]
137,[ 0.          0.         -0.26499967  0.        ],[1.50002e+08],[0.         0.         0.74275332 0.        ],[-4.20421566e+08],[nan]
138,[ 0.          0.         -0.63045924  0.        ],[3.56875049e+08],[0.         0.         0.65296141 0.        ],[-3.6960126e+08],[0.00013691]
139,[0.         0.         0.68003051 0.        ],[-3.84935822e+08],[ 0.          0.         -0.32135262  0.        ],[1.81885278e+08],[nan]
140,[ 0.          0.         -0.74984731  0.        ],[4.24455637e+08],[0.         0.         0.88133284 0.        ],[-4.98852134e+08],[0.00062869]
141,[0.         0.         0.96296649 0.        ],[-5.45094233e+08],[ 0.          0.         -0.56960277  0.        ],[3.22403313e+08],[nan]
142,[0.         0.         0.49938267 0.        ],[-2.82675231e+08],[0.         0.         0.20411878 0.        ],[-1.15551708e+08],[nan]
143,[ 0.          0.         -0.18736775  0.        ],[1.06063705e+08],[0.         0.         0.88913631 0.        ],[-5.03268501e+08],[0.00057519]
144,[ 0.          0.         -0.64089451  0.        ],[3.62780672e+08],[ 0.         0.         0.        -0.9858479],[5.58001043e+08],[0.0002652]
145,[ 0.          0.         -0.65809753  0.        ],[3.72517756e+08],[0.         0.         0.         0.63733776],[-3.60759683e+08],[0.00033292]
146,[0.         0.         0.43354298 0.        ],[-2.45414434e+08],[ 0.          0.          0.         -0.26637912],[1.50768282e+08],[0.0003591]
147,[ 0.          0.         -0.61228956  0.        ],[3.4659212e+08],[0.         0.         0.         0.76672666],[-4.33991294e+08],[nan]
148,[ 0.          0.         -0.72446133  0.        ],[4.10086605e+08],[0.         0.         0.         0.20091874],[-1.13740664e+08],[0.00031805]
149,[ 0.          0.         -0.62038304  0.        ],[3.51171496e+08],[ 0.          0.          0.         -0.30257638],[1.71257403e+08],[nan]
150,[0.        0.        0.        0.7007318],[-3.96649816e+08],[ 0.          0.          0.         -0.80624612],[4.56347528e+08],[nan]
151,[0.         0.         0.         0.61694103],[-3.49220921e+08],[0.         0.         0.         0.71930327],[-4.07150859e+08],[0.00058473]
152,[ 0.          0.          0.         -0.88381193],[5.00284901e+08],[ 0.          0.          0.         -0.86988271],[4.92365906e+08],[0.00038798]
153,[ 0.          0.          0.         -0.31251389],[1.76899187e+08],[0.         0.         0.         0.02031998],[-11515223.32669242],[nan]
154,[ 0.          0.          0.         -0.10619408],[60108645.06070329],[ 0.          0.          0.         -0.08931379],[50541953.33081773],[0.00040217]
155,[ 0.          0.          0.         -0.84494206],[4.78284536e+08],[ 0.          0.          0.         -0.29270647],[1.65670635e+08],[9.48552725e-05]
156,[0.         0.         0.         0.33763108],[-1.91121319e+08],[0.         0.         0.         0.68775121],[-3.89292998e+08],[nan]
157,[0.         0.         0.         0.32024195],[-1.81272499e+08],[ 0.          0.          0.         -0.85218766],[4.82350548e+08],[nan]
158,[ 0.          0.          0.         -0.43813936],[2.48011608e+08],[0.         0.         0.         0.74044574],[-4.19116989e+08],[0.00034961]
159,[0.         0.         0.         0.34366586],[-1.94529963e+08],[0.         0.         0.         0.77130423],[-4.36582067e+08],[nan]
160,[0.        0.        0.        0.3643504],[-2.06241371e+08],[ 0.          0.          0.         -0.94436121],[5.34520206e+08],[nan]
161,[ 0.          0.          0.         -0.00048449],[278460.51345673],[ 0.          0.          0.         -0.55860993],[3.16181229e+08],[nan]
162,[ 0.          0.          0.         -0.50037572],[2.83242827e+08],[0.         0.         0.         0.36402049],[-2.06060509e+08],[nan]
163,[0.         0.         0.         0.70200091],[-3.97370516e+08],[0.        0.        0.        0.2734796],[-1.54812224e+08],[nan]
164,[ 0.          0.          0.         -0.26710135],[1.51198049e+08],[ 0.          0.          0.         -0.52724668],[2.98428726e+08],[0.00054745]
165,[ 0.          0.          0.         -0.38981842],[2.20655211e+08],[0.         0.         0.         0.34787051],[-1.9691928e+08],[nan]
166,[ 0.        0.        0.       -0.304842],[1.72562283e+08],[ 0.         0.         0.        -0.7910832],[4.4776522e+08],[5.35457257e-05]
167,[ 0.          0.          0.         -0.59695361],[3.37905209e+08],[ 0.          0.          0.         -0.32019564],[1.81230593e+08],[nan]
168,[0.        0.        0.        0.0048926],[-2769937.79243988],[ 0.          0.          0.         -0.31612539],[1.78926672e+08],[0.00035185]
169,[0.         0.         0.         0.38984353],[-2.20674595e+08],[0.        0.        0.        0.0533301],[-30200260.4597762],[0.00032967]
170,[0.         0.         0.         0.18561949],[-1.05071133e+08],[0.         0.         0.         0.51079517],[-2.89136846e+08],[nan]
171,[0.         0.         0.         0.01734145],[-9819589.72996272],[ 0.          0.          0.         -0.59773032],[3.38324388e+08],[nan]
172,[0.         0.         0.         0.07296955],[-41306931.73836745],[ 0.          0.          0.         -0.43488898],[2.46151297e+08],[0.00021155]
173,[ 0.          0.          0.         -0.93258655],[5.27895266e+08],[0.         0.         0.         0.50562845],[-2.86212457e+08],[nan]
174,[0.         0.         0.         0.64250336],[-3.63689034e+08],[ 0.         0.         0.        -0.2864262],[1.62115739e+08],[nan]
175,[ 0.          0.          0.         -0.07706761],[43626272.32088213],[0.         0.         0.         0.48589272],[-2.75041896e+08],[nan]
176,[ 0.          0.          0.         -0.22810291],[1.29121147e+08],[ 0.          0.          0.         -0.08891316],[50315169.02351348],[nan]
177,[ 0.          0.          0.         -0.17672345],[1.00032631e+08],[0.         0.         0.         0.73188547],[-4.14272097e+08],[nan]
178,[ 0.          0.          0.         -0.75681094],[4.28397146e+08],[ 0.          0.          0.         -0.45676144],[2.58531862e+08],[nan]
179,[0.         0.         0.         0.69250625],[-3.91996247e+08],[ 0.          0.          0.         -0.66910616],[3.78724661e+08],[nan]
180,[ 0.          0.          0.         -0.23177769],[1.31200906e+08],[ 0.          0.          0.         -0.53771571],[3.04354502e+08],[0.00024317]
181,[0.         0.         0.         0.65849641],[-3.72743214e+08],[0.         0.         0.         0.23364818],[-1.32266523e+08],[0.00038874]
182,[0.         0.         0.         0.66062249],[-3.73948204e+08],[0.        0.        0.        0.8039507],[-4.55058928e+08],[nan]
183,[0.         0.         0.         0.27566185],[-1.56037349e+08],[0.         0.         0.         0.97046712],[-5.49299073e+08],[nan]
184,[ 0.          0.          0.         -0.44592039],[2.52418706e+08],[0.         0.         0.         0.91243096],[-5.16454002e+08],[0.00020445]
185,[ 0.          0.          0.         -0.85363919],[4.83207909e+08],[ 0.          0.          0.         -0.74448763],[4.21391717e+08],[0.00065104]
186,[0.         0.         0.         0.79382652],[-4.49348895e+08],[0.         0.         0.         0.36413356],[-2.06124508e+08],[nan]
187,[ 0.          0.          0.         -0.92993488],[5.26397061e+08],[ 0.         0.         0.        -0.9043092],[5.11851151e+08],[nan]
188,[ 0.          0.          0.         -0.90373274],[5.11564412e+08],[0.        0.        0.        0.7240331],[-4.09827839e+08],[nan]
189,[ 0.          0.          0.         -0.73285395],[4.14837738e+08],[0.         0.         0.         0.36981232],[-2.09338786e+08],[nan]
190,[ 0.          0.          0.         -0.88255668],[4.9957391e+08],[0.         0.         0.         0.47630026],[-2.69612487e+08],[nan]
191,[0.         0.         0.         0.41262258],[-2.33564775e+08],[ 0.          0.          0.         -0.20108349],[1.13808278e+08],[nan]
192,[0.         0.         0.         0.63434772],[-3.59071986e+08],,,
193,[0.         0.         0.         0.98821827],[-5.59383729e+08],,,
194,[0.         0.         0.         0.85990068],[-4.8675246e+08],,,
195,[0.         0.         0.         0.71254437],[-4.03339756e+08],,,
196,[ 0.          0.          0.         -0.94704949],[5.36082217e+08],,,
197,[0.         0.         0.         0.00484657],[-2742690.87107791],,,
198,[ 0.          0.          0.         -0.79460449],[4.49791096e+08],,,
199,[ 0.          0.          0.         -0.79283849],[4.48791247e+08],,,
