,x_train,y_train,x_test,y_pred,y_std
0,[-0.60793579 -1.56666353 -0.6814028 ],[0.15101807],[-3.14159265 -9.42477796 -1.        ],[10.0461405],[1.51200459]
1,[-2.56347817  8.00118153 -0.22563513],[6.74175438],[-3.07812614 -9.23437841 -0.97979798],[9.7236922],[1.25364489]
2,[ 1.67332786 -0.87567827 -0.28162161],[2.69385053],[-3.01465962 -9.04397885 -0.95959596],[9.39623074],[1.02327588]
3,[ 3.13063165  5.68731278 -0.35938736],[9.89587245],[-2.9511931  -8.8535793  -0.93939394],[9.06469139],[0.8215556]
4,[2.21514812 8.0954833  0.45060377],[4.97623223],[-2.88772658 -8.66317974 -0.91919192],[8.73000099],[0.64985621]
5,[-2.8050573  -1.92820288 -0.81941193],[7.95203086],[-2.82426006 -8.47278019 -0.8989899 ],[8.39307424],[0.51079182]
6,[ 0.84998442 -1.92902041 -0.82175278],[0.84145803],[-2.76079354 -8.28238063 -0.87878788],[8.05481031],[0.40855918]
7,[ 0.1689999  -5.23726767  0.19236254],[0.18131202],[-2.69732703 -8.09198108 -0.85858586],[7.71608968],[0.34743421]
8,[-0.57428949 -5.75262086  0.11530599],[0.28100423],[-2.63386051 -7.90158152 -0.83838384],[7.37777122],[0.32632081]
9,[-2.796816    7.69502827  0.61162281],[8.0250312],[-2.57039399 -7.71118197 -0.81818182],[7.04068955],[0.33453989]
10,[-1.45681744 -7.320026   -0.16843171],[2.18954924],[-2.50692747 -7.52078241 -0.7979798 ],[6.70565259],[0.35739087]
11,[ 1.28829941 -5.56711764 -0.72993386],[1.72970447],[-2.44346095 -7.33038286 -0.77777778],[6.37343949],[0.38374724]
12,[ 0.14112408  0.51609821 -0.40460377],[0.02425604],[-2.37999443 -7.1399833  -0.75757576],[6.0447987],[0.4074919]
13,[-0.54719052 -1.36994223  0.35977351],[0.28943443],[-2.31652792 -6.94958375 -0.73737374],[5.7204463],[0.42590293]
14,[ 0.56861981 -2.49678126  0.1654904 ],[0.24773601],[-2.2530614  -6.75918419 -0.71717172],[5.40106459],[0.4381458]
15,[-1.5912654  -5.63026881 -0.33912621],[2.51239902],[-2.18959488 -6.56878464 -0.6969697 ],[5.08730092],[0.44438892]
16,[ 0.13398272 -6.66056239 -0.87538   ],[0.22296414],[-2.12612836 -6.37838508 -0.67676768],[4.77976664],[0.44533066]
17,[2.0048509  0.10849116 0.15129379],[4.10070598],[-2.06266184 -6.18798553 -0.65656566],[4.47903636],[0.44194047]
18,[1.34782068 5.35323002 0.72903894],[1.72285504],[-1.99919533 -5.99758598 -0.63636364],[4.18564729],[0.43530489]
19,[-3.01301771 -8.13283439 -0.85921712],[9.32319413],[-1.93572881 -5.80718642 -0.61616162],[3.90009885],[0.42652397]
20,[1.20789187 8.19463787 0.72577961],[1.31717766],[-1.87226229 -5.61678687 -0.5959596 ],[3.6228523],[0.41663154]
21,[ 1.39636784 -1.28503328 -0.55708717],[1.9562202],[-1.80879577 -5.42638731 -0.57575758],[3.35433068],[0.40652797]
22,[ 0.89971145  3.38419014 -0.5822414 ],[1.00112472],[-1.74532925 -5.23598776 -0.55555556],[3.09491876],[0.39692348]
23,[-1.97680085 -1.52722555 -0.3526726 ],[3.93661156],[-1.68186273 -5.0455882  -0.53535354],[2.84496316],[0.388296]
24,[ 1.16437939  0.84347043 -0.27013456],[1.41738425],[-1.61839622 -4.85518865 -0.51515152],[2.60477256],[0.38087122]
25,,,[-1.5549297  -4.66478909 -0.49494949],[2.3746181],[0.37463009]
26,,,[-1.49146318 -4.47438954 -0.47474747],[2.1547338],[0.36934461]
27,,,[-1.42799666 -4.28398998 -0.45454545],[1.94531709],[0.36463505]
28,,,[-1.36453014 -4.09359043 -0.43434343],[1.74652952],[0.36003713]
29,,,[-1.30106362 -3.90319087 -0.41414141],[1.55849747],[0.3550674]
30,,,[-1.23759711 -3.71279132 -0.39393939],[1.38131308],[0.34927815]
31,,,[-1.17413059 -3.52239176 -0.37373737],[1.21503515],[0.34229826]
32,,,[-1.11066407 -3.33199221 -0.35353535],[1.0596903],[0.33386017]
33,,,[-1.04719755 -3.14159265 -0.33333333],[0.91527413],[0.32381619]
34,,,[-0.98373103 -2.9511931  -0.31313131],[0.78175254],[0.31214749]
35,,,[-0.92026451 -2.76079354 -0.29292929],[0.65906323],[0.29896996]
36,,,[-0.856798   -2.57039399 -0.27272727],[0.54711719],[0.28453988]
37,,,[-0.79333148 -2.37999443 -0.25252525],[0.4458005],[0.26926183]
38,,,[-0.72986496 -2.18959488 -0.23232323],[0.35497607],[0.25369964]
39,,,[-0.66639844 -1.99919533 -0.21212121],[0.27448567],[0.23858761]
40,,,[-0.60293192 -1.80879577 -0.19191919],[0.20415195],[0.22483195]
41,,,[-0.53946541 -1.61839622 -0.17171717],[0.14378069],[0.21348115]
42,,,[-0.47599889 -1.42799666 -0.15151515],[0.09316309],[0.20563256]
43,,,[-0.41253237 -1.23759711 -0.13131313],[0.05207816],[0.20225314]
44,,,[-0.34906585 -1.04719755 -0.11111111],[0.0202952],[0.20394834]
45,,,[-0.28559933 -0.856798   -0.09090909],[-0.0024236],[0.21079213]
46,,,[-0.22213281 -0.66639844 -0.07070707],[-0.01632065],[0.22233073]
47,,,[-0.1586663  -0.47599889 -0.05050505],[-0.02164028],[0.23775357]
48,,,[-0.09519978 -0.28559933 -0.03030303],[-0.01862618],[0.25611391]
49,,,[-0.03173326 -0.09519978 -0.01010101],[-0.00751881],[0.27649284]
50,,,[0.03173326 0.09519978 0.01010101],[0.01144709],[0.29807926]
51,,,[0.09519978 0.28559933 0.03030303],[0.03804491],[0.32018886]
52,,,[0.1586663  0.47599889 0.05050505],[0.07205844],[0.3422523]
53,,,[0.22213281 0.66639844 0.07070707],[0.11328397],[0.36379345]
54,,,[0.28559933 0.856798   0.09090909],[0.16153224],[0.38440743]
55,,,[0.34906585 1.04719755 0.11111111],[0.21663006],[0.40374206]
56,,,[0.41253237 1.23759711 0.13131313],[0.27842179],[0.42148385]
57,,,[0.47599889 1.42799666 0.15151515],[0.34677043],[0.43734826]
58,,,[0.53946541 1.61839622 0.17171717],[0.42155847],[0.45107385]
59,,,[0.60293192 1.80879577 0.19191919],[0.50268833],[0.46241988]
60,,,[0.66639844 1.99919533 0.21212121],[0.59008253],[0.47116717]
61,,,[0.72986496 2.18959488 0.23232323],[0.68368335],[0.47712185]
62,,,[0.79333148 2.37999443 0.25252525],[0.78345229],[0.48012193]
63,,,[0.856798   2.57039399 0.27272727],[0.88936895],[0.48004693]
64,,,[0.92026451 2.76079354 0.29292929],[1.00142969],[0.47683033]
65,,,[0.98373103 2.9511931  0.31313131],[1.11964578],[0.47047582]
66,,,[1.04719755 3.14159265 0.33333333],[1.24404125],[0.46107769]
67,,,[1.11066407 3.33199221 0.35353535],[1.37465038],[0.44884672]
68,,,[1.17413059 3.52239176 0.37373737],[1.51151486],[0.43414305]
69,,,[1.23759711 3.71279132 0.39393939],[1.65468062],[0.41751752]
70,,,[1.30106362 3.90319087 0.41414141],[1.80419447],[0.3997619]
71,,,[1.36453014 4.09359043 0.43434343],[1.96010046],[0.38196374]
72,,,[1.42799666 4.28398998 0.45454545],[2.12243606],[0.36555119]
73,,,[1.49146318 4.47438954 0.47474747],[2.29122827],[0.35229203]
74,,,[1.5549297  4.66478909 0.49494949],[2.46648963],[0.34418675]
75,,,[1.61839622 4.85518865 0.51515152],[2.64821414],[0.34319783]
76,,,[1.68186273 5.0455882  0.53535354],[2.83637333],[0.35083948]
77,,,[1.74532925 5.23598776 0.55555556],[3.03091236],[0.36780377]
78,,,[1.80879577 5.42638731 0.57575758],[3.23174628],[0.39385442]
79,,,[1.87226229 5.61678687 0.5959596 ],[3.43875647],[0.42804645]
80,,,[1.93572881 5.80718642 0.61616162],[3.65178743],[0.4691024]
81,,,[1.99919533 5.99758598 0.63636364],[3.8706438],[0.51574416]
82,,,[2.06266184 6.18798553 0.65656566],[4.09508777],[0.56689996]
83,,,[2.12612836 6.37838508 0.67676768],[4.32483695],[0.62180743]
84,,,[2.18959488 6.56878464 0.6969697 ],[4.5595626],[0.68005992]
85,,,[2.2530614  6.75918419 0.71717172],[4.79888846],[0.74162986]
86,,,[2.31652792 6.94958375 0.73737374],[5.04239002],[0.80688387]
87,,,[2.37999443 7.1399833  0.75757576],[5.28959435],[0.87659133]
88,,,[2.44346095 7.33038286 0.77777778],[5.5399805],[0.95192106]
89,,,[2.50692747 7.52078241 0.7979798 ],[5.79298048],[1.03441819]
90,,,[2.57039399 7.71118197 0.81818182],[6.04798077],[1.12595453]
91,,,[2.63386051 7.90158152 0.83838384],[6.30432442],[1.22865039]
92,,,[2.69732703 8.09198108 0.85858586],[6.56131371],[1.34477231]
93,,,[2.76079354 8.28238063 0.87878788],[6.81821329],[1.47661808]
94,,,[2.82426006 8.47278019 0.8989899 ],[7.07425391],[1.62640454]
95,,,[2.88772658 8.66317974 0.91919192],[7.32863655],[1.79617266]
96,,,[2.9511931  8.8535793  0.93939394],[7.58053697],[1.98771956]
97,,,[3.01465962 9.04397885 0.95959596],[7.82911071],[2.20255989]
98,,,[3.07812614 9.23437841 0.97979798],[8.07349837],[2.44191275]
99,,,[3.14159265 9.42477796 1.        ],[8.31283119],[2.70670715]
