,x_train,y_train,x_test,y_pred,y_std,score
0,[ 6.26183518 -2.01756272 -0.72474145],[39.70896695],[-9.42477796 -9.42477796 -1.        ],[78.24261376],[1.01995192],0.9209664961065174
1,[-7.72096511  8.11440526 -0.48520406],[58.74126044],[-9.23437841 -9.23437841 -0.97979798],[75.94036434],[0.97710564],
2,[ 3.1873444  -5.14363473  0.99268285],[9.95165491],[-9.04397885 -9.04397885 -0.95959596],[73.64233665],[0.93595479],
3,[ 3.51089316  7.78792007 -0.82937955],[13.2817627],[-8.8535793  -8.8535793  -0.93939394],[71.35056606],[0.89651999],
4,[ 3.74392178  8.40454665 -0.85519788],[15.30756915],[-8.66317974 -8.66317974 -0.91919192],[69.06708983],[0.85882016],
5,[1.17650427 4.2033508  0.03992228],[1.05989335],[-8.47278019 -8.47278019 -0.8989899 ],[66.79394488],[0.82287213],
6,[0.14611199 3.32350061 0.68205562],[-1.43434621],[-8.28238063 -8.28238063 -0.87878788],[64.53316544],[0.7886902],
7,[ 0.06005234 -4.85839152 -0.94057909],[0.02242781],[-8.09198108 -8.09198108 -0.85858586],[62.28678075],[0.75628549],
8,[2.13587645 2.29033414 0.90120103],[3.63826626],[-7.90158152 -7.90158152 -0.83838384],[60.05681275],[0.72566536],
9,[-8.68295124 -5.00910671  0.12729627],[74.62804801],[-7.71118197 -7.71118197 -0.81818182],[57.84527379],[0.69683263],
10,[ 7.41246029  0.82709437 -0.57109225],[55.79646548],[-7.52078241 -7.52078241 -0.7979798 ],[55.65416424],[0.66978473],
11,[-2.19316015  2.92209174 -0.76901081],[6.79326603],[-7.33038286 -7.33038286 -0.77777778],[53.48547027],[0.6445129],
12,[-8.41863816  1.12834618 -0.33777229],[72.75251824],[-7.1399833  -7.1399833  -0.75757576],[51.34116143],[0.62100129],
13,[-8.6654021  -7.54982858 -0.49830645],[75.89072577],[-6.94958375 -6.94958375 -0.73737374],[49.22318846],[0.59922609],
14,[-3.06339341  9.3949725  -0.52415527],[9.37999216],[-6.75918419 -6.75918419 -0.71717172],[47.13348091],[0.57915485],
15,[ 2.65519915 -8.51803219  0.34131513],[7.72249292],[-6.56878464 -6.56878464 -0.6969697 ],[45.07394496],[0.56074587],
16,[-8.49209555  9.28682093  0.20490521],[72.69167493],[-6.37838508 -6.37838508 -0.67676768],[43.04646108],[0.54394785],
17,[-1.46673406  7.11926877  0.38622066],[0.44524914],[-6.18798553 -6.18798553 -0.65656566],[41.05288187],[0.52869982],
18,[ 4.25712029  5.76391081 -0.67045649],[17.66793638],[-5.99758598 -5.99758598 -0.63636364],[39.09502986],[0.51493144],
19,[-3.45945764 -5.799432    0.39401809],[10.63247291],[-5.80718642 -5.80718642 -0.61616162],[37.17469528],[0.50256358],
20,[-0.35019796 -0.02021599  0.90210492],[0.82091809],[-5.61678687 -5.61678687 -0.5959596 ],[35.293634],[0.49150928],
21,[ 0.9809626  -8.3396021  -0.02179095],[2.81733836],[-5.42638731 -5.42638731 -0.57575758],[33.45356539],[0.48167507],
22,[-3.98175261 -0.64860006  0.64683337],[14.30959016],[-5.23598776 -5.23598776 -0.55555556],[31.65617026],[0.47296246],
23,[ 8.27058441 -4.15096944  0.08999459],[69.32735793],[-5.0455882  -5.0455882  -0.53535354],[29.90308885],[0.46526963],
24,[ 6.62439062  9.19412261 -0.33092945],[43.72548025],[-4.85518865 -4.85518865 -0.51515152],[28.19591887],[0.45849321],
25,,,[-4.66478909 -4.66478909 -0.49494949],[26.53621356],[0.45253001],
26,,,[-4.47438954 -4.47438954 -0.47474747],[24.92547984],[0.44727868],
27,,,[-4.28398998 -4.28398998 -0.45454545],[23.36517645],[0.44264115],
28,,,[-4.09359043 -4.09359043 -0.43434343],[21.85671226],[0.4385239],
29,,,[-3.90319087 -3.90319087 -0.41414141],[20.4014445],[0.434839],
30,,,[-3.71279132 -3.71279132 -0.39393939],[19.00067718],[0.43150482],
31,,,[-3.52239176 -3.52239176 -0.37373737],[17.65565947],[0.42844658],
32,,,[-3.33199221 -3.33199221 -0.35353535],[16.36758425],[0.4255967],
33,,,[-3.14159265 -3.14159265 -0.33333333],[15.13758663],[0.42289486],
34,,,[-2.9511931  -2.9511931  -0.31313131],[13.9667426],[0.42028805],
35,,,[-2.76079354 -2.76079354 -0.29292929],[12.85606776],[0.41773041],
36,,,[-2.57039399 -2.57039399 -0.27272727],[11.80651608],[0.41518301],
37,,,[-2.37999443 -2.37999443 -0.25252525],[10.81897879],[0.41261356],
38,,,[-2.18959488 -2.18959488 -0.23232323],[9.89428331],[0.40999614],
39,,,[-1.99919533 -1.99919533 -0.21212121],[9.03319228],[0.40731085],
40,,,[-1.80879577 -1.80879577 -0.19191919],[8.23640266],[0.40454349],
41,,,[-1.61839622 -1.61839622 -0.17171717],[7.50454497],[0.4016853],
42,,,[-1.42799666 -1.42799666 -0.15151515],[6.83818248],[0.39873263],
43,,,[-1.23759711 -1.23759711 -0.13131313],[6.23781066],[0.39568674],
44,,,[-1.04719755 -1.04719755 -0.11111111],[5.70385659],[0.39255361],
45,,,[-0.856798   -0.856798   -0.09090909],[5.2366785],[0.38934374],
46,,,[-0.66639844 -0.66639844 -0.07070707],[4.8365654],[0.38607205],
47,,,[-0.47599889 -0.47599889 -0.05050505],[4.50373683],[0.38275782],
48,,,[-0.28559933 -0.28559933 -0.03030303],[4.2383426],[0.37942465],
49,,,[-0.09519978 -0.09519978 -0.01010101],[4.04046275],[0.37610046],
50,,,[0.09519978 0.09519978 0.01010101],[3.91010751],[0.37281752],
51,,,[0.28559933 0.28559933 0.03030303],[3.84721738],[0.3696125],
52,,,[0.47599889 0.47599889 0.05050505],[3.85166328],[0.36652653],
53,,,[0.66639844 0.66639844 0.07070707],[3.92324683],[0.36360529],
54,,,[0.856798   0.856798   0.09090909],[4.06170069],[0.36089901],
55,,,[1.04719755 1.04719755 0.11111111],[4.26668897],[0.35846244],
56,,,[1.23759711 1.23759711 0.13131313],[4.53780778],[0.3563548],
57,,,[1.42799666 1.42799666 0.15151515],[4.87458581],[0.35463958],
58,,,[1.61839622 1.61839622 0.17171717],[5.27648504],[0.3533842],
59,,,[1.80879577 1.80879577 0.19191919],[5.74290151],[0.35265955],
60,,,[1.99919533 1.99919533 0.21212121],[6.27316616],[0.35253935],
61,,,[2.18959488 2.18959488 0.23232323],[6.86654579],[0.35309928],
62,,,[2.37999443 2.37999443 0.25252525],[7.5222441],[0.35441603],
63,,,[2.57039399 2.57039399 0.27272727],[8.23940274],[0.35656607],
64,,,[2.76079354 2.76079354 0.29292929],[9.01710251],[0.35962442],
65,,,[2.9511931  2.9511931  0.31313131],[9.85436462],[0.36366329],
66,,,[3.14159265 3.14159265 0.33333333],[10.75015199],[0.36875084],
67,,,[3.33199221 3.33199221 0.35353535],[11.70337064],[0.37495001],
68,,,[3.52239176 3.52239176 0.37373737],[12.71287118],[0.3823175],
69,,,[3.71279132 3.71279132 0.39393939],[13.77745032],[0.39090314],
70,,,[3.90319087 3.90319087 0.41414141],[14.89585243],[0.40074945],
71,,,[4.09359043 4.09359043 0.43434343],[16.06677124],[0.4118916],
72,,,[4.28398998 4.28398998 0.45454545],[17.2888515],[0.42435761],
73,,,[4.47438954 4.47438954 0.47474747],[18.56069078],[0.43816881],
74,,,[4.66478909 4.66478909 0.49494949],[19.88084128],[0.45334055],
75,,,[4.85518865 4.85518865 0.51515152],[21.24781166],[0.46988299],
76,,,[5.0455882  5.0455882  0.53535354],[22.66006901],[0.48780192],
77,,,[5.23598776 5.23598776 0.55555556],[24.11604074],[0.50709964],
78,,,[5.42638731 5.42638731 0.57575758],[25.61411665],[0.52777573],
79,,,[5.61678687 5.61678687 0.5959596 ],[27.15265089],[0.54982782],
80,,,[5.80718642 5.80718642 0.61616162],[28.7299641],[0.57325212],
81,,,[5.99758598 5.99758598 0.63636364],[30.34434546],[0.59804402],
82,,,[6.18798553 6.18798553 0.65656566],[31.99405483],[0.62419839],
83,,,[6.37838508 6.37838508 0.67676768],[33.67732492],[0.65170997],
84,,,[6.56878464 6.56878464 0.6969697 ],[35.39236347],[0.68057349],
85,,,[6.75918419 6.75918419 0.71717172],[37.1373554],[0.71078389],
86,,,[6.94958375 6.94958375 0.73737374],[38.91046508],[0.7423363],
87,,,[7.1399833  7.1399833  0.75757576],[40.7098385],[0.77522613],
88,,,[7.33038286 7.33038286 0.77777778],[42.53360553],[0.809449],
89,,,[7.52078241 7.52078241 0.7979798 ],[44.37988215],[0.84500072],
90,,,[7.71118197 7.71118197 0.81818182],[46.2467727],[0.88187723],
91,,,[7.90158152 7.90158152 0.83838384],[48.13237209],[0.92007448],
92,,,[8.09198108 8.09198108 0.85858586],[50.03476804],[0.95958837],
93,,,[8.28238063 8.28238063 0.87878788],[51.95204332],[1.00041466],
94,,,[8.47278019 8.47278019 0.8989899 ],[53.88227797],[1.04254884],
95,,,[8.66317974 8.66317974 0.91919192],[55.82355147],[1.0859861],
96,,,[8.8535793  8.8535793  0.93939394],[57.77394496],[1.13072119],
97,,,[9.04397885 9.04397885 0.95959596],[59.73154338],[1.17674834],
98,,,[9.23437841 9.23437841 0.97979798],[61.69443763],[1.22406124],
99,,,[9.42477796 9.42477796 1.        ],[63.66072667],[1.27265289],
