,x_train,y_train,x_test,y_pred,y_std
0,[-0.18512673  1.2080735  -0.949334  ],[-3.4515071],[-3.14159265 -9.42477796 -1.        ],[-14.54163275],[1.88617096]
1,[ 1.11637766  6.63928445 -0.17812273],[17.67373923],[-3.07812614 -9.23437841 -0.97979798],[-14.80757438],[1.61663087]
2,[-2.51914349  6.23523391 -0.59705103],[-11.77186103],[-3.01465962 -9.04397885 -0.95959596],[-15.1175498],[1.37569091]
3,[-1.61504986  5.24895588 -0.78212112],[-19.35930802],[-2.9511931  -8.8535793  -0.93939394],[-15.47835143],[1.17223238]
4,[1.73223913 8.96124379 0.71864202],[18.95741267],[-2.88772658 -8.66317974 -0.91919192],[-15.89499877],[1.01565133]
5,[ 2.46482795 -2.49980785  0.38012926],[12.30616014],[-2.82426006 -8.47278019 -0.8989899 ],[-16.37036991],[0.91308861]
6,[-0.92134724 -8.92186506 -0.98336644],[-15.94086802],[-2.76079354 -8.28238063 -0.87878788],[-16.9048966],[0.86453976]
7,[-0.90634156  7.68459495  0.93207263],[-14.76275235],[-2.69732703 -8.09198108 -0.85858586],[-17.49634173],[0.85985969]
8,[-0.99703712  2.785109    0.22896472],[-16.11880873],[-2.63386051 -7.90158152 -0.83838384],[-18.13967482],[0.88219078]
9,[-0.92334132  9.15424636  0.71159219],[-14.88342421],[-2.57039399 -7.71118197 -0.81818182],[-18.82705791],[0.91470597]
10,[-1.68067502 -1.42566244 -0.81348182],[-19.23206109],[-2.50692747 -7.52078241 -0.7979798 ],[-19.54794947],[0.94465827]
11,[-1.7006292   2.7507129  -0.24629258],[-19.23189136],[-2.44346095 -7.33038286 -0.77777778],[-20.28932891],[0.9639163]
12,[-0.13212596 -1.25830946 -0.34008404],[-2.68352196],[-2.37999443 -7.1399833  -0.75757576],[-21.03603848],[0.96804621]
13,[-1.16870147 -0.67646249  0.67141061],[-17.84544838],[-2.31652792 -6.94958375 -0.73737374],[-21.7712333],[0.95529623]
14,[ 2.24339405 -3.03193925  0.09036333],[15.32432837],[-2.2530614  -6.75918419 -0.71717172],[-22.47692471],[0.92585754]
15,[2.17415608 5.45649124 0.59354599],[15.63077928],[-2.18959488 -6.56878464 -0.6969697 ],[-23.13459655],[0.88139487]
16,[ 2.29295146 -6.9307626   0.92904746],[14.94714942],[-2.12612836 -6.37838508 -0.67676768],[-23.72586949],[0.82477353]
17,[ 0.60639957 -7.94620878 -0.4964211 ],[10.38793572],[-2.06266184 -6.18798553 -0.65656566],[-24.23318485],[0.75992546]
18,[ 0.08540623 -3.65118327 -0.21247935],[1.2834075],[-1.99919533 -5.99758598 -0.63636364],[-24.64047714],[0.69180888]
19,[0.00848549 2.70541473 0.3189059 ],[0.41165011],[-1.93572881 -5.80718642 -0.61616162],[-24.93380381],[0.62638182]
20,[-2.21474129 -6.0703134   0.7161671 ],[-15.10418835],[-1.87226229 -5.61678687 -0.5959596 ],[-25.10190131],[0.57037967]
21,[-1.1594302  -5.15304468 -0.6277797 ],[-17.93364855],[-1.80879577 -5.42638731 -0.57575758],[-25.13663938],[0.53046861]
22,[-0.7616075   6.23701906  0.36081413],[-12.90988027],[-1.74532925 -5.23598776 -0.55555556],[-25.03334923],[0.51140274]
23,[-1.98999764 -8.58532151 -0.80209589],[-17.31937074],[-1.68186273 -5.0455882  -0.53535354],[-24.79100691],[0.51386226]
24,[ 1.54809665 -7.81641786  0.37100399],[19.30265697],[-1.61839622 -4.85518865 -0.51515152],[-24.41225982],[0.53393889]
25,,,[-1.5549297  -4.66478909 -0.49494949],[-23.90329189],[0.56503329]
26,,,[-1.49146318 -4.47438954 -0.47474747],[-23.27353085],[0.60036929]
27,,,[-1.42799666 -4.28398998 -0.45454545],[-22.53520933],[0.63442683]
28,,,[-1.36453014 -4.09359043 -0.43434343],[-21.70279913],[0.66325945]
29,,,[-1.30106362 -3.90319087 -0.41414141],[-20.79234487],[0.68430021]
30,,,[-1.23759711 -3.71279132 -0.39393939],[-19.82072906],[0.69605551]
31,,,[-1.17413059 -3.52239176 -0.37373737],[-18.80490466],[0.69782833]
32,,,[-1.11066407 -3.33199221 -0.35353535],[-17.76113355],[0.68949686]
33,,,[-1.04719755 -3.14159265 -0.33333333],[-16.70426958],[0.67134211]
34,,,[-0.98373103 -2.9511931  -0.31313131],[-15.64712313],[0.64391652]
35,,,[-0.92026451 -2.76079354 -0.29292929],[-14.59994041],[0.60794992]
36,,,[-0.856798   -2.57039399 -0.27272727],[-13.57002487],[0.56429524]
37,,,[-0.79333148 -2.37999443 -0.25252525],[-12.56152106],[0.51392148]
38,,,[-0.72986496 -2.18959488 -0.23232323],[-11.57537293],[0.45797131]
39,,,[-0.66639844 -1.99919533 -0.21212121],[-10.60945922],[0.3979229]
40,,,[-0.60293192 -1.80879577 -0.19191919],[-9.65889926],[0.33595415]
41,,,[-0.53946541 -1.61839622 -0.17171717],[-8.71651339],[0.27575122]
42,,,[-0.47599889 -1.42799666 -0.15151515],[-7.77341368],[0.22422076]
43,,,[-0.41253237 -1.23759711 -0.13131313],[-6.81969358],[0.19366685]
44,,,[-0.34906585 -1.04719755 -0.11111111],[-5.84517949],[0.19749066]
45,,,[-0.28559933 -0.856798   -0.09090909],[-4.84020375],[0.23488958]
46,,,[-0.22213281 -0.66639844 -0.07070707],[-3.79635713],[0.29224887]
47,,,[-0.1586663  -0.47599889 -0.05050505],[-2.70717963],[0.35775509]
48,,,[-0.09519978 -0.28559933 -0.03030303],[-1.56875171],[0.42436764]
49,,,[-0.03173326 -0.09519978 -0.01010101],[-0.38015288],[0.48777939]
50,,,[0.03173326 0.09519978 0.01010101],[0.8562381],[0.54503371]
51,,,[0.09519978 0.28559933 0.03030303],[2.13461933],[0.59394631]
52,,,[0.1586663  0.47599889 0.05050505],[3.44582637],[0.63290517]
53,,,[0.22213281 0.66639844 0.07070707],[4.77757614],[0.66083064]
54,,,[0.28559933 0.856798   0.09090909],[6.11488309],[0.6772043]
55,,,[0.34906585 1.04719755 0.11111111],[7.44062771],[0.6821278]
56,,,[0.41253237 1.23759711 0.13131313],[8.73624939],[0.67639403]
57,,,[0.47599889 1.42799666 0.15151515],[9.98252943],[0.6615594]
58,,,[0.53946541 1.61839622 0.17171717],[11.16042516],[0.64000142]
59,,,[0.60293192 1.80879577 0.19191919],[12.25191383],[0.61492633]
60,,,[0.66639844 1.99919533 0.21212121],[13.24080452],[0.59025126]
61,,,[0.72986496 2.18959488 0.23232323],[14.11347819],[0.5702368]
62,,,[0.79333148 2.37999443 0.25252525],[14.85951991],[0.55875671]
63,,,[0.856798   2.57039399 0.27272727],[15.47221286],[0.5582874]
64,,,[0.92026451 2.76079354 0.29292929],[15.94887108],[0.56905835]
65,,,[0.98373103 2.9511931  0.31313131],[16.29099584],[0.58891859]
66,,,[1.04719755 3.14159265 0.33333333],[16.50424969],[0.61400754]
67,,,[1.11066407 3.33199221 0.35353535],[16.59825074],[0.6397535]
68,,,[1.17413059 3.52239176 0.37373737],[16.58619873],[0.66169357]
69,,,[1.23759711 3.71279132 0.39393939],[16.48435188],[0.67594987]
70,,,[1.30106362 3.90319087 0.41414141],[16.31138047],[0.67944417]
71,,,[1.36453014 4.09359043 0.43434343],[16.08762805],[0.66998108]
72,,,[1.42799666 4.28398998 0.45454545],[15.83431468],[0.64629367]
73,,,[1.49146318 4.47438954 0.47474747],[15.57271849],[0.60811464]
74,,,[1.5549297  4.66478909 0.49494949],[15.32337137],[0.55634033]
75,,,[1.61839622 4.85518865 0.51515152],[15.10530306],[0.49341629]
76,,,[1.68186273 5.0455882  0.53535354],[14.93536424],[0.4242409]
77,,,[1.74532925 5.23598776 0.55555556],[14.82765465],[0.35817734]
78,,,[1.80879577 5.42638731 0.57575758],[14.79307622],[0.31224775]
79,,,[1.87226229 5.61678687 0.5959596 ],[14.83902516],[0.30918215]
80,,,[1.93572881 5.80718642 0.61616162],[14.96922974],[0.35850906]
81,,,[1.99919533 5.99758598 0.63636364],[15.1837341],[0.44665274]
82,,,[2.06266184 6.18798553 0.65656566],[15.47902194],[0.555437]
83,,,[2.12612836 6.37838508 0.67676768],[15.84826817],[0.67253787]
84,,,[2.18959488 6.56878464 0.6969697 ],[16.28170195],[0.79036355]
85,,,[2.2530614  6.75918419 0.71717172],[16.76706065],[0.90394181]
86,,,[2.31652792 6.94958375 0.73737374],[17.29011186],[1.00985949]
87,,,[2.37999443 7.1399833  0.75757576],[17.83521908],[1.10585376]
88,,,[2.44346095 7.33038286 0.77777778],[18.38592666],[1.19070757]
89,,,[2.50692747 7.52078241 0.7979798 ],[18.92554045],[1.26428468]
90,,,[2.57039399 7.71118197 0.81818182],[19.43768261],[1.32762576]
91,,,[2.63386051 7.90158152 0.83838384],[19.90680169],[1.38305329]
92,,,[2.69732703 8.09198108 0.85858586],[20.31862228],[1.4342291]
93,,,[2.76079354 8.28238063 0.87878788],[20.66052254],[1.48608965]
94,,,[2.82426006 8.47278019 0.8989899 ],[20.92183145],[1.54456962]
95,,,[2.88772658 8.66317974 0.91919192],[21.09404174],[1.61604861]
96,,,[2.9511931  8.8535793  0.93939394],[21.1709379],[1.70654948]
97,,,[3.01465962 9.04397885 0.95959596],[21.14864228],[1.82086409]
98,,,[3.07812614 9.23437841 0.97979798],[21.02558488],[1.96188198]
99,,,[3.14159265 9.42477796 1.        ],[20.80240488],[2.13033821]
