,x_train,y_train,x_test,y_pred,y_std,score
0,[0.84488705 7.26585901 0.99238461],[-3.82285608],[-9.42477796 -9.42477796 -1.        ],[3.53034505],[4.41833888],0.34254544972672685
1,[ 6.32368539 -8.19970936 -0.86844022],[3.33967657],[-9.23437841 -9.23437841 -0.97979798],[4.09251199],[4.40093831],
2,[-8.05046563  5.12419257  0.80228115],[16.42505701],[-9.04397885 -9.04397885 -0.95959596],[4.71005343],[4.37927383],
3,[ 1.00969801  6.08950349 -0.71744641],[-1.59994059],[-8.8535793  -8.8535793  -0.93939394],[5.38179868],[4.35276395],
4,[ 6.99748498  8.81419898 -0.82004259],[-4.60801444],[-8.66317974 -8.66317974 -0.91919192],[6.10516836],[4.32089031],
5,[1.93466932 2.70375544 0.36588726],[-6.34468265],[-8.47278019 -8.47278019 -0.8989899 ],[6.87605646],[4.28324761],
6,[-1.31953396  0.60102788 -0.73614625],[2.76676838],[-8.28238063 -8.28238063 -0.87878788],[7.68875426],[4.23959791],
7,[-3.43477127 -8.00460123 -0.71747538],[16.29183754],[-8.09198108 -8.09198108 -0.85858586],[8.53592495],[4.18992546],
8,[4.05399205 2.18114866 0.64273718],[-14.26615302],[-7.90158152 -7.90158152 -0.83838384],[9.40863604],[4.13448621],
9,[ 6.58561164  1.31065659 -0.68811455],[-0.01503396],[-7.71118197 -7.71118197 -0.81818182],[10.29645435],[4.07384528],
10,[-8.33012259  3.11119124  0.68886837],[22.10112207],[-7.52078241 -7.52078241 -0.7979798 ],[11.18760574],[4.00889406],
11,[-3.23258929  1.77069022  0.01730917],[12.14905197],[-7.33038286 -7.33038286 -0.77777778],[12.06919831],[3.94083809],
12,[ 4.35065555 -7.11145573 -0.57701349],[-8.87972862],[-7.1399833  -7.1399833  -0.75757576],[12.92750447],[3.87114735],
13,[ 8.07351097  5.1620461  -0.60946024],[-19.72360481],[-6.94958375 -6.94958375 -0.73737374],[13.74829384],[3.80146244],
14,[ 4.34859377 -7.85099723 -0.45894449],[-8.71246536],[-6.75918419 -6.75918419 -0.71717172],[14.51720569],[3.73345504],
15,[-2.48617775  3.33196254  0.18334167],[7.60534182],[-6.56878464 -6.56878464 -0.6969697 ],[15.22014699],[3.66864834],
16,[-9.08188261 -0.81030565 -0.91772551],[36.0897365],[-6.37838508 -6.37838508 -0.67676768],[15.84369999],[3.60821288],
17,[-8.1216145   8.37189103 -0.51454395],[18.60517937],[-6.18798553 -6.18798553 -0.65656566],[16.37552222],[3.55276394],
18,[-1.61380668 -3.26171412 -0.03573023],[4.22362783],[-5.99758598 -5.99758598 -0.63636364],[16.80472172],[3.50219359],
19,[ 1.50256665  2.00020102 -0.69133068],[-2.18210755],[-5.80718642 -5.80718642 -0.61616162],[17.12219094],[3.45557132],
20,[ 0.90873451  4.80514681 -0.70593799],[-1.06388525],[-5.61678687 -5.61678687 -0.5959596 ],[17.32088506],[3.41113836],
21,[-9.25996641 -1.21500458  0.0911427 ],[36.27843075],[-5.42638731 -5.42638731 -0.57575758],[17.39603293],[3.36640445],
22,[ 9.08231904 -4.7452209   0.37597025],[-33.89367376],[-5.23598776 -5.23598776 -0.55555556],[17.34527269],[3.31833658],
23,[7.82647921 1.20646665 0.62383016],[-16.0812026],[-5.0455882  -5.0455882  -0.53535354],[17.16870781],[3.2636132],
24,[-7.57119329  6.43631667  0.11857758],[8.8772015],[-4.85518865 -4.85518865 -0.51515152],[16.86888346],[3.1989098],
25,,,[-4.66478909 -4.66478909 -0.49494949],[16.45068724],[3.12118216],
26,,,[-4.47438954 -4.47438954 -0.47474747],[15.92118153],[3.02792082],
27,,,[-4.28398998 -4.28398998 -0.45454545],[15.28937764],[2.91735995],
28,,,[-4.09359043 -4.09359043 -0.43434343],[14.56596368],[2.78863289],
29,,,[-3.90319087 -3.90319087 -0.41414141],[13.7629992],[2.64187484],
30,,,[-3.71279132 -3.71279132 -0.39393939],[12.89358915],[2.47827912],
31,,,[-3.52239176 -3.52239176 -0.37373737],[11.97154922],[2.30011945],
32,,,[-3.33199221 -3.33199221 -0.35353535],[11.01107234],[2.11075597],
33,,,[-3.14159265 -3.14159265 -0.33333333],[10.0264045],[1.91464939],
34,,,[-2.9511931  -2.9511931  -0.31313131],[9.03153553],[1.71741244],
35,,,[-2.76079354 -2.76079354 -0.29292929],[8.03990813],[1.52592217],
36,,,[-2.57039399 -2.57039399 -0.27272727],[7.06414713],[1.34847206],
37,,,[-2.37999443 -2.37999443 -0.25252525],[6.11580937],[1.19478802],
38,,,[-2.18959488 -2.18959488 -0.23232323],[5.20515468],[1.07538021],
39,,,[-1.99919533 -1.99919533 -0.21212121],[4.34093822],[0.99935391],
40,,,[-1.80879577 -1.80879577 -0.19191919],[3.53022618],[0.97056826],
41,,,[-1.61839622 -1.61839622 -0.17171717],[2.77823765],[0.98469839],
42,,,[-1.42799666 -1.42799666 -0.15151515],[2.08821779],[1.03059475],
43,,,[-1.23759711 -1.23759711 -0.13131313],[1.46134851],[1.09489526],
44,,,[-1.04719755 -1.04719755 -0.11111111],[0.89670437],[1.16579862],
45,,,[-0.856798   -0.856798   -0.09090909],[0.39126168],[1.23437868],
46,,,[-0.66639844 -0.66639844 -0.07070707],[-0.06003187],[1.2943756],
47,,,[-0.47599889 -0.47599889 -0.05050505],[-0.46412135],[1.34156013],
48,,,[-0.28559933 -0.28559933 -0.03030303],[-0.82963932],[1.37315861],
49,,,[-0.09519978 -0.09519978 -0.01010101],[-1.16663208],[1.38744637],
50,,,[0.09519978 0.09519978 0.01010101],[-1.48622214],[1.38348642],
51,,,[0.28559933 0.28559933 0.03030303],[-1.80021662],[1.36096613],
52,,,[0.47599889 0.47599889 0.05050505],[-2.12067538],[1.32009017],
53,,,[0.66639844 0.66639844 0.07070707],[-2.45945645],[1.26150056],
54,,,[0.856798   0.856798   0.09090909],[-2.82775919],[1.18620683],
55,,,[1.04719755 1.04719755 0.11111111],[-3.23568647],[1.09552387],
56,,,[1.23759711 1.23759711 0.13131313],[-3.6918472],[0.99103148],
57,,,[1.42799666 1.42799666 0.15151515],[-4.20301819],[0.87459781],
58,,,[1.61839622 1.61839622 0.17171717],[-4.7738811],[0.74856849],
59,,,[1.80879577 1.80879577 0.19191919],[-5.40684517],[0.61638928],
60,,,[1.99919533 1.99919533 0.21212121],[-6.10196118],[0.48447584],
61,,,[2.18959488 2.18959488 0.23232323],[-6.85692609],[0.36790214],
62,,,[2.37999443 2.37999443 0.25252525],[-7.6671723],[0.30353812],
63,,,[2.57039399 2.57039399 0.27272727],[-8.5260309],[0.33896321],
64,,,[2.76079354 2.76079354 0.29292929],[-9.42495447],[0.46111519],
65,,,[2.9511931  2.9511931  0.31313131],[-10.3537833],[0.62673068],
66,,,[3.14159265 3.14159265 0.33333333],[-11.30103835],[0.81260625],
67,,,[3.33199221 3.33199221 0.35353535],[-12.25422553],[1.00821296],
68,,,[3.52239176 3.52239176 0.37373737],[-13.20013828],[1.20735732],
69,,,[3.71279132 3.71279132 0.39393939],[-14.12514917],[1.40524436],
70,,,[3.90319087 3.90319087 0.41414141],[-15.01548481],[1.59754424],
71,,,[4.09359043 4.09359043 0.43434343],[-15.85748229],[1.78013989],
72,,,[4.28398998 4.28398998 0.45454545],[-16.63782887],[1.9491307],
73,,,[4.47438954 4.47438954 0.47474747],[-17.34378854],[2.10093955],
74,,,[4.66478909 4.66478909 0.49494949],[-17.96342049],[2.2324576],
75,,,[4.85518865 4.85518865 0.51515152],[-18.48579404],[2.34119423],
76,,,[5.0455882  5.0455882  0.53535354],[-18.90120327],[2.42541448],
77,,,[5.23598776 5.23598776 0.55555556],[-19.20138164],[2.4842544],
78,,,[5.42638731 5.42638731 0.57575758],[-19.37971414],[2.51781078],
79,,,[5.61678687 5.61678687 0.5959596 ],[-19.43144064],[2.52720501],
80,,,[5.80718642 5.80718642 0.61616162],[-19.35384128],[2.51462336],
81,,,[5.99758598 5.99758598 0.63636364],[-19.14639208],[2.48333505],
82,,,[6.18798553 6.18798553 0.65656566],[-18.81087785],[2.43768511],
83,,,[6.37838508 6.37838508 0.67676768],[-18.35144943],[2.38304881],
84,,,[6.56878464 6.56878464 0.6969697 ],[-17.77461389],[2.32571729],
85,,,[6.75918419 6.75918419 0.71717172],[-17.08914909],[2.27266311],
86,,,[6.94958375 6.94958375 0.73737374],[-16.30593832],[2.2311224],
87,,,[7.1399833  7.1399833  0.75757576],[-15.43772533],[2.20795348],
88,,,[7.33038286 7.33038286 0.77777778],[-14.4987955],[2.20881913],
89,,,[7.52078241 7.52078241 0.7979798 ],[-13.50459386],[2.23737721],
90,,,[7.71118197 7.71118197 0.81818182],[-12.47129522],[2.29476081],
91,,,[7.90158152 7.90158152 0.83838384],[-11.41534531],[2.37956341],
92,,,[8.09198108 8.09198108 0.85858586],[-10.3529938],[2.48832152],
93,,,[8.28238063 8.28238063 0.87878788],[-9.29984101],[2.61627254],
94,,,[8.47278019 8.47278019 0.8989899 ],[-8.2704192],[2.75811468],
95,,,[8.66317974 8.66317974 0.91919192],[-7.27782707],[2.90859504],
96,,,[8.8535793  8.8535793  0.93939394],[-6.33343282],[3.06288208],
97,,,[9.04397885 9.04397885 0.95959596],[-5.44665643],[3.21675939],
98,,,[9.23437841 9.23437841 0.97979798],[-4.62483744],[3.36670025],
99,,,[9.42477796 9.42477796 1.        ],[-3.87318888],[3.50987303],
